10400 8
10328 8
10368 8
10344 8
10416 8
16296 8
11552 8
11544 8
12272 8
12280 8
12976 8
14840 8
14872 8
10624 8
15680 8
10336 8
26624 8
15480 8
10352 8
26720 8
10608 8
26952 8
17008 8
17016 8
17024 8
17032 8
17040 8
17048 8
17056 8
17064 8
17072 8
17080 8
17088 8
17096 8
17104 8
17112 8
17128 8
17000 8
18016 8
18000 8
10272 8
10408 8
26992 8
13616 8
12720 8
27224 8
10984 8
27632 8
16464 8
12984 8
27776 8
18048 8
11888 8
29648 8
14592 8
10944 8
29800 8
11056 8
30272 8
11104 8
30344 8
30352 8
14920 8
14568 8
30512 8
11320 8
30632 8
11168 8
30984 8
11312 8
31840 8
11744 8
11408 8
32696 8
11472 8
32816 8
11496 8
32904 8
11512 8
33008 8
11536 8
33184 8
33208 8
15768 8
12856 8
34272 8
11688 8
34368 8
11792 8
34936 8
11800 8
11808 8
35032 8
11840 8
35176 8
11880 8
35496 8
11960 8
36056 8
13216 8
36088 8
12072 8
36696 8
12144 8
37248 8
14248 8
12240 8
37672 8
12216 8
37752 8
12264 8
12224 8
38088 8
13584 8
38384 8
12320 8
38440 8
12360 8
38784 8
12416 8
39216 8
12432 8
39320 8
12464 8
39480 8
12520 8
39968 8
12568 8
40120 8
12584 8
40192 8
12616 8
40520 8
13320 8
12712 8
12728 8
12752 48
12816 8
12832 8
12696 8
40912 8
41016 8
41544 8
41688 8
16240 8
12896 8
42304 8
12912 8
12936 24
12968 8
12992 8
13024 48
42568 8
13344 8
13360 8
13384 16
13408 8
13464 8
13592 8
42712 8
42872 8
43320 8
13112 8
13104 8
43856 8
13128 8
43984 8
13136 8
44088 8
13184 8
44384 8
13256 8
44832 8
13432 8
45664 8
13440 8
45784 8
13448 8
45864 8
13456 8
45928 8
45944 8
13504 8
46288 8
13552 8
46680 8
13224 8
13632 8
13608 8
47200 8
13664 8
47376 8
13720 8
15504 8
47800 8
13768 8
48128 8
13776 8
48176 8
13816 8
48344 8
13832 8
48560 8
13960 8
49248 8
14064 8
14000 8
50176 8
14160 8
50840 8
16696 8
14280 8
51752 8
14296 8
51928 8
14320 8
52160 8
14408 8
52856 8
14528 8
14480 8
53648 8
14584 8
54000 8
14736 8
55024 8
14760 8
55144 8
14784 8
55336 8
14864 8
55952 8
15000 8
56584 8
15008 8
56632 8
11272 8
15032 8
56792 8
15200 8
57792 8
15288 8
58520 8
15392 8
59376 8
15440 8
59720 8
15472 8
15464 8
59928 8
59976 8
15512 8
60136 8
15592 8
60728 8
60744 8
15600 8
60752 8
60768 8
60792 8
60816 8
60832 8
15608 8
60856 8
60880 8
60904 8
60912 8
60920 8
15616 8
60936 8
60944 8
60976 8
15624 8
61056 8
61064 8
61104 8
15632 8
61120 8
61168 8
61184 8
15640 8
61232 8
61240 8
61272 8
15648 8
61296 8
61320 8
61328 8
61336 8
61376 8
15664 16
15688 32
15728 8
15744 8
15760 8
15776 16
61392 8
61400 8
61432 8
61448 8
61464 8
61480 8
61488 8
61536 8
61576 8
61608 8
61656 8
61664 8
61672 8
61744 8
61752 8
61792 8
61816 8
61832 8
61864 8
61888 8
61912 8
61928 8
61952 8
62000 8
62024 8
62056 8
62064 8
62072 8
15848 8
62800 8
15880 8
63080 8
15904 8
63288 8
16032 8
64480 8
16112 8
16064 8
64952 8
16144 8
65136 8
16192 8
65376 8
16936 8
65384 8
16224 8
65704 8
16320 8
66224 8
16328 8
66352 8
16448 8
67208 8
16560 8
67848 8
16568 8
67888 8
16688 8
68680 8
16704 8
68744 8
16736 8
68992 8
16824 8
69536 8
16832 8
10736 8
10672 8
26816 8
32872 8
45856 8
15560 8
60608 8
16008 8
64288 8
11624 8
33784 8
11976 8
36224 8
12136 8
37168 8
37232 8
12376 8
38912 8
12472 8
39544 8
12600 8
40376 8
43848 8
13120 8
43936 8
14192 8
51024 8
14544 8
53744 8
15264 8
58280 8
61688 8
61704 8
16000 8
64128 8
64256 8
16016 8
16040 16
16080 8
16104 8
16128 8
64304 8
16256 8
65808 8
66368 8
16488 8
67416 8
15568 8
26832 8
10888 8
29424 8
13304 8
45032 8
45808 8
13928 8
49056 8
60592 8
65128 8
67408 8
11144 8
30776 8
11784 8
32512 8
12448 8
39384 8
39584 8
14096 8
50544 8
14264 8
51568 8
53592 8
15920 8
56464 8
57808 8
15928 8
63440 8
16928 8
70200 8
63280 8
63296 8
15912 8
63392 8
64432 8
16640 8
13856 8
13944 8
13864 8
26848 8
11928 8
35832 8
12120 8
37080 8
12296 8
38288 8
12504 8
39936 8
12536 8
40032 8
42368 8
13544 8
46616 8
47184 8
13656 8
47296 8
14384 8
52608 8
14392 8
52648 8
53664 8
63112 8
63128 8
63136 8
16264 8
65888 8
15576 8
10544 8
10552 8
10560 8
10568 8
10576 8
10584 8
10664 8
10592 8
10536 8
11984 8
15584 8
27536 8
11152 8
30904 8
12048 8
11416 40
11464 8
11504 8
11520 8
32352 8
13912 8
34448 8
34992 8
11944 8
35864 8
37184 8
12288 8
38192 8
12496 8
39800 8
13480 8
46120 8
46656 8
13576 8
46848 8
13624 8
47104 8
13896 8
48880 8
14072 8
50320 8
14080 8
50400 8
14144 8
50712 8
14424 8
53096 8
55032 8
14856 8
55896 8
55960 8
15024 8
56672 8
56768 8
15320 8
58640 8
59640 8
15520 8
60224 8
60248 8
60256 8
60272 8
15544 8
60360 8
60368 8
60384 8
60400 8
60416 8
60424 8
60432 8
60448 8
15552 8
60456 8
60488 8
60496 8
60512 8
60520 8
60576 8
60584 8
60600 8
60648 8
60656 8
60672 8
60688 8
62200 8
63360 8
15976 8
63904 8
15992 8
64040 8
64240 8
64296 8
64872 8
64888 8
16880 8
66176 8
16376 8
66688 8
67264 8
16720 8
68888 8
13176 8
14744 8
16056 8
15968 8
28096 8
10648 8
11192 8
31176 8
11592 8
31568 8
11360 8
32136 8
11384 8
32200 8
32440 8
32640 8
35512 8
11904 8
35608 8
12168 8
37424 8
13280 8
39056 8
12488 8
39648 8
41224 8
41272 8
12848 8
41880 8
16528 8
41920 8
42880 8
45616 8
45640 8
45736 8
13904 8
46536 8
47056 8
13824 8
48472 8
13984 8
49504 8
14232 8
51336 8
51912 8
53048 8
14600 8
54168 8
54944 8
14824 8
55584 8
14984 8
56488 8
15088 8
57216 8
15280 8
58352 8
15328 8
58824 8
15408 8
59496 8
59512 8
15528 8
60312 8
60616 8
15816 8
62584 8
63064 8
63096 8
15952 8
63192 8
15936 8
63544 8
63576 8
63584 8
63608 8
15944 8
63720 8
63728 8
15960 8
63736 8
63744 8
63768 8
63776 8
63808 8
63840 8
63856 8
15984 8
63944 8
63952 8
63960 8
63968 8
64008 8
64080 8
16208 8
65568 8
65752 8
16496 8
67536 8
67896 8
67928 8
68776 8
11456 8
10704 8
10712 8
10720 8
10728 8
10760 8
10752 8
10768 8
10776 8
10792 8
10808 8
10816 8
10696 8
15808 8
16584 8
28272 8
13368 8
14648 8
28680 8
12744 8
29680 8
11016 8
30024 8
11176 8
31152 8
11296 8
31728 8
32360 8
32672 8
32928 8
33192 8
11752 8
34616 8
35208 8
11848 8
35264 8
11864 8
35408 8
35432 8
36128 8
12104 8
36960 8
12176 8
37544 8
37792 8
38208 8
39224 8
41032 8
41840 8
43216 8
43504 8
43840 8
13200 8
44456 8
44496 8
45296 8
13528 8
46448 8
46608 8
48048 8
49528 8
13992 8
49640 8
14016 8
49864 8
14048 8
50120 8
50832 8
14288 8
51800 8
52144 8
52840 8
14768 8
55216 8
15064 8
57096 8
15112 8
57368 8
15312 8
58600 8
15336 8
58840 8
15824 8
59160 8
62656 8
15832 8
15856 8
15872 8
15888 8
62664 8
16808 8
69424 8
59968 8
60896 8
62384 8
62392 8
62400 8
62416 8
62424 8
62448 8
15800 8
62472 8
62496 8
16680 8
62536 8
62552 8
62560 8
62592 8
62624 8
62704 8
62720 8
62752 8
62784 8
62792 8
62824 8
62864 8
62880 8
62912 8
62928 8
62968 8
62992 8
63000 8
63016 8
63832 8
16280 8
66000 8
16416 8
67072 8
16608 8
67360 8
16576 8
67984 8
16632 8
68296 8
11256 8
11376 8
28520 8
30968 8
38296 8
48056 8
14272 8
51680 8
55264 8
62176 8
11832 8
16600 8
16592 8
33944 8
11824 8
35112 8
37568 8
14312 8
52008 8
15240 8
58128 8
62256 8
62264 8
62320 8
62336 8
64032 8
65072 8
67240 8
62248 8
15384 8
15488 8
28552 8
11120 8
30568 8
30840 8
11328 8
31880 8
11664 8
11672 16
11704 8
11728 16
11760 16
34160 8
38920 8
14024 8
49952 8
14336 8
52304 8
14464 8
53240 8
59952 8
59984 8
59992 8
15496 8
60048 8
64864 8
68616 8
69520 8
18080 8
29136 8
11040 8
30128 8
12304 8
31408 8
38232 8
14368 8
52504 8
58664 8
60200 8
32168 8
36672 8
12872 8
12888 8
12904 8
12880 8
42128 8
14800 8
55392 8
58904 8
60120 8
64104 8
42720 8
60072 8
60152 8
61096 8
62032 8
16864 8
69696 8
18056 8
18064 8
18072 8
29144 8
11568 8
33448 8
15656 8
33664 8
35000 8
41712 8
50656 8
14208 8
51192 8
14240 8
51480 8
51712 8
56536 8
57152 8
15368 16
15424 8
15448 16
59168 8
59896 8
62768 8
65360 8
16368 8
66672 8
68928 8
16768 8
69216 8
70272 8
11280 8
16160 8
31528 8
34520 8
12152 8
34768 8
46560 8
13792 8
48240 8
50504 8
57120 8
15120 8
57416 8
62080 8
62120 8
62144 8
62160 8
62184 8
16152 8
65216 8
32248 8
41416 8
46624 8
47152 8
14112 8
50632 8
51656 8
14848 8
55760 8
14888 8
56104 8
62640 8
63184 8
63656 8
63216 8
16400 8
66864 8
16432 8
67136 8
67432 8
16616 8
68096 8
41568 8
13784 8
45544 8
47024 8
47224 8
48216 8
63488 8
63496 8
63520 8
63536 8
63552 8
63560 8
65016 8
65672 8
47768 8
60112 8
59760 8
60640 8
10280 8
10264 8
11224 8
14672 8
14608 8
26632 8
12840 8
36640 8
14352 8
52368 8
16784 8
54424 8
15160 8
57664 8
60192 8
68656 8
26840 8
11216 8
31288 8
34352 8
36240 8
12672 8
40744 8
51160 8
51696 8
14832 8
55712 8
15216 8
57976 8
68304 8
16752 8
69112 8
26968 8
11200 8
30752 8
30760 8
30824 8
32776 8
11560 8
33320 8
11712 8
33752 8
12256 8
37936 8
49232 8
16872 8
69824 8
50304 8
59336 8
61568 8
16744 8
69064 8
10464 8
10488 8
10496 8
10504 8
10512 8
10520 8
10528 8
10480 8
13192 8
13248 8
27256 8
27456 8
30936 8
12632 8
31032 8
31040 8
31056 8
31064 8
31072 8
31104 8
31120 8
13352 8
33288 8
11640 8
33920 8
35104 8
35464 8
12160 8
37328 8
37520 8
12336 8
38568 8
39600 8
39712 8
39808 8
40256 8
12640 8
40576 8
13336 8
42192 8
42208 8
42992 8
50272 8
51344 8
14328 8
52168 8
52584 8
52872 8
53232 8
14720 8
54896 8
16288 8
56280 8
15040 8
56880 8
61008 8
61160 8
63144 8
66008 8
66296 8
69472 8
16904 8
70016 8
14816 8
27616 8
11128 8
30656 8
30664 8
30720 8
15104 8
31592 8
32224 8
42360 8
42864 8
49936 8
14712 8
54752 8
58144 8
16168 8
16200 8
65240 8
65392 8
69104 8
31904 8
67552 8
41216 8
14808 8
55520 8
55984 8
14968 8
56424 8
62512 8
66624 8
11304 8
27960 8
11240 8
31496 8
31504 8
13600 8
47000 8
58120 8
33424 8
41296 8
58768 8
10872 8
29360 8
30704 8
31544 8
31552 8
31600 8
16544 8
31632 8
11288 8
31664 8
31672 8
42120 8
45200 8
45816 8
49792 8
54776 8
55608 8
15352 8
59080 8
60408 8
60632 8
63640 8
63816 8
42416 8
29448 8
31216 8
11232 8
11248 8
11344 16
31336 8
31352 8
31368 8
31384 8
31520 8
14184 8
14256 8
31736 8
31768 8
14176 8
51008 8
51560 8
14680 8
54464 8
54952 8
57104 8
59800 8
70224 8
36688 8
40552 8
41160 8
42312 8
42496 8
13712 8
47680 8
48512 8
51360 8
54096 8
54936 8
63088 8
64656 8
16536 8
67664 8
67808 8
13168 8
44344 8
30536 8
13472 8
46104 8
16552 8
12080 8
12192 8
26880 8
32888 8
36680 8
44304 8
48528 8
50944 8
67712 8
31968 8
32912 8
32920 8
32936 8
32952 8
39456 8
56816 8
61016 8
53680 8
28496 8
32752 8
32792 8
35224 8
16248 8
43656 8
45144 8
56856 8
66840 8
32728 8
32824 8
32832 8
61968 8
66272 8
64120 8
10392 8
12656 8
14952 8
15080 8
26920 8
31656 8
33472 8
11584 8
33488 8
33560 8
11600 8
11608 8
11632 8
11648 16
33592 8
33600 8
33608 8
33696 8
41048 8
42048 8
13560 8
46696 8
14904 8
46784 8
13880 8
48752 8
50584 8
51112 8
51376 8
61800 8
64824 8
10912 8
10920 16
10952 32
10992 24
11024 8
11048 8
29544 8
30832 8
31224 8
31456 8
33376 8
33384 8
35552 8
40464 8
46000 8
46024 8
51904 8
15304 8
55096 8
62736 8
63848 8
33432 8
33440 8
38200 8
43448 8
13272 8
44904 8
56920 8
28512 8
33296 8
42584 8
14504 8
53408 8
26944 8
27872 8
27880 8
27896 8
27904 8
10616 8
27936 8
29848 8
43184 8
44776 8
13968 8
49384 8
49632 8
59432 8
60088 8
67816 8
27944 8
29760 8
31512 8
58432 8
11368 8
32048 8
55744 8
58096 8
10640 8
28000 8
28008 8
28024 8
28072 8
10656 8
10680 16
10744 8
28112 8
29184 8
12016 8
36392 8
12648 8
40688 8
43800 8
43992 8
44856 8
48584 8
49840 8
14560 8
53800 8
57056 8
68264 8
13488 8
14616 8
14512 8
12824 8
27056 8
28200 8
12608 8
28304 8
28360 8
28392 8
28400 8
28416 8
28424 8
14664 8
28464 8
28544 8
28560 8
28584 8
28608 8
28616 8
28904 8
29752 8
31024 8
34088 8
12368 8
38904 8
41744 8
43336 8
50216 8
50408 8
53432 8
14704 8
54672 8
55592 8
60000 8
62376 8
65144 8
65472 8
16312 8
66144 8
16472 8
67312 8
67480 8
14728 8
27728 8
28696 8
28728 8
28736 8
11112 8
28752 8
28784 8
28800 8
28816 8
28832 8
28848 8
28912 8
30792 8
31896 8
35096 8
12056 8
35304 8
38280 8
39048 8
39344 8
16728 8
40320 8
42896 8
43232 8
44296 8
15752 8
48264 8
49088 8
49608 8
49824 8
50536 8
51352 8
53072 8
53488 8
53824 8
54856 8
56032 8
58680 8
60872 8
61088 8
64064 8
66280 8
68128 8
38000 8
39632 8
40976 8
10448 8
27136 8
28328 8
10896 8
29472 8
29496 8
29504 8
29528 8
29536 8
29560 8
52440 8
58872 8
67424 8
16888 8
69936 8
29576 8
34000 8
45432 8
47704 8
54792 8
62128 8
27280 8
31824 8
32496 8
33936 8
15360 8
59128 8
61080 8
63312 8
32464 8
32536 8
38864 8
14360 8
27320 8
30280 8
11080 8
11088 8
11072 8
30320 8
30328 8
30368 8
30376 8
30384 8
30424 8
31832 8
32064 8
11400 8
32296 8
35664 8
36256 8
13888 8
39992 8
40216 8
47848 8
13736 8
47936 8
16232 8
55432 8
55528 8
59256 8
60784 8
64744 8
69752 8
70024 8
70240 8
30520 8
32368 8
12232 8
37816 8
62672 8
13520 8
35888 8
13512 8
46408 8
34408 8
35560 8
13152 8
13208 8
13240 8
13288 8
13232 8
43352 8
44632 8
47688 8
66736 8
27384 8
28672 8
10864 8
29288 8
29264 8
29304 8
29336 8
29352 8
33392 8
12408 8
39128 8
13144 8
40160 8
55496 8
69784 8
29432 8
34976 8
37320 8
12576 8
37464 8
14152 8
46152 8
14496 8
50912 8
51536 8
14696 8
54600 8
65800 8
29440 8
67832 8
27544 8
27552 8
27600 8
27624 8
27640 8
30736 8
30928 8
39720 8
61040 8
28280 8
65104 8
11920 8
35704 8
50552 8
59032 8
44008 8
27608 8
29064 8
29080 8
33160 8
15208 8
40632 8
50112 8
68712 8
29016 8
39192 8
45288 8
28936 8
28960 8
14128 8
28992 8
47752 8
50608 8
69080 8
29008 8
70184 8
34896 8
54048 8
12920 8
27648 8
29192 8
16760 8
29256 8
43256 8
52424 8
56912 8
69208 8
70232 8
70256 8
28088 8
29112 8
29176 8
33272 8
45176 8
61144 8
12096 8
36848 8
42784 8
46376 8
51080 8
64528 8
66256 8
16856 8
16840 8
16944 8
27664 8
29816 8
32608 8
34760 8
11992 8
36328 8
42144 8
42528 8
57672 8
58312 8
59840 8
16792 8
69344 8
29904 8
29912 8
13400 8
29928 8
29960 8
29984 8
30008 8
34400 8
45248 8
47232 8
14488 8
53360 8
55352 8
57448 8
63824 8
16648 8
68352 8
13704 8
30112 8
37112 8
41488 8
53832 8
59088 8
60128 8
62040 8
62744 8
64168 8
16344 8
66440 8
16912 8
70072 8
36728 8
46880 8
27688 8
27736 8
27744 8
32280 8
33240 8
40352 8
48064 8
52552 8
27752 8
27760 8
12400 8
27792 8
27808 8
31752 8
33544 8
43192 8
58832 8
62680 8
36136 8
45776 8
64560 8
10784 8
27704 8
39664 8
28632 8
43456 8
46832 8
28720 8
30616 8
31008 8
31168 8
33056 8
33064 8
33120 8
70056 8
33128 8
33216 8
39160 8
41584 8
41792 8
43288 8
48904 8
51728 8
52136 8
52272 8
54120 8
54656 8
55008 8
57952 8
58896 8
62408 8
70216 8
27816 8
35440 8
28480 8
32504 8
36344 8
39176 8
13088 8
27856 8
62280 8
67192 8
28184 8
34192 8
34200 8
16896 8
34216 8
51968 8
34232 8
34240 8
41944 8
69912 8
16456 8
34296 8
34320 8
34336 8
38800 8
41896 8
43664 8
45376 8
59696 8
61840 8
64688 8
67376 8
36248 8
39744 8
29592 8
34128 8
34144 8
34152 8
34168 8
35312 8
45648 8
55928 8
15056 8
56992 8
66648 8
32784 8
34176 8
29768 8
34376 8
34416 8
34432 8
34536 8
35696 8
44664 8
45272 8
48888 8
61552 8
34456 8
34464 8
34488 8
40888 8
46072 8
11528 8
30864 8
30976 8
33968 8
33984 8
33992 8
38016 8
39696 8
45800 8
51664 8
56936 8
15096 8
57256 8
62600 8
16408 8
66928 8
52192 8
62896 8
68696 8
56952 8
63568 8
69992 8
27888 8
30136 8
15256 8
30184 8
30192 8
30200 8
35920 8
36312 8
44992 8
48192 8
57344 8
58696 8
65176 8
67736 8
36616 8
65984 8
27952 8
45480 8
28576 8
44640 8
12960 8
29720 8
16072 8
16024 8
29736 8
30648 8
62608 8
28120 8
28136 8
51824 8
28152 8
28168 8
28176 8
64616 8
57128 8
15128 8
57584 8
28216 8
37296 8
52560 8
57088 8
28240 8
28448 8
41496 8
16480 8
28256 8
28264 8
28504 8
43280 8
53464 8
52392 8
62488 8
16672 8
68552 8
28312 8
29480 8
40368 8
28712 8
32144 8
32176 8
32192 8
32208 8
11968 8
36144 8
12208 8
37720 8
37984 8
39136 8
40336 8
41144 8
42160 8
45016 8
13496 8
46224 8
47032 8
13744 8
47968 8
67176 8
49880 8
14400 8
52784 8
14632 8
54328 8
56600 8
58336 8
15344 8
58960 8
60168 8
60304 8
64808 8
64968 8
67864 8
29664 8
29888 8
31160 8
12440 8
31992 8
32584 8
34656 8
34664 8
34672 8
34688 8
34720 8
34880 8
41088 8
42104 8
46096 8
56048 8
56056 8
14936 8
56376 8
58984 8
67760 8
69800 8
34624 8
48920 8
29672 8
68360 8
69848 8
35200 8
46664 8
61976 8
13952 8
13976 8
14008 8
14032 8
13920 8
48928 8
61192 8
29792 8
54008 8
41816 8
65768 8
69320 8
29840 8
30784 8
33760 8
36424 8
41680 8
44072 8
16336 8
49200 8
69720 8
33728 8
33736 8
43304 8
29880 8
32544 8
32568 8
32576 8
32704 8
40344 8
65760 8
69976 8
16656 8
56728 8
30592 8
31912 8
31944 8
32448 8
38264 8
55648 8
60440 8
31856 8
31888 8
35632 8
53040 8
54080 8
66664 8
50800 8
61520 8
61600 8
31376 8
32032 8
44352 8
57608 8
60560 8
32008 8
32056 8
31960 8
32000 8
34952 8
39296 8
42488 8
63248 8
31480 8
32392 8
37064 8
32288 8
32424 8
42200 8
53984 8
14624 8
54208 8
40224 8
32376 8
46232 8
46352 8
15016 8
32072 8
32384 8
41800 8
70064 8
32080 8
33888 8
52400 8
33896 8
46440 8
50816 8
67384 8
53104 8
33848 8
53736 8
56664 8
32096 8
32104 8
32120 8
32128 8
34280 8
63992 8
32616 8
47112 8
32632 8
32656 8
42576 8
57592 8
44024 8
32680 8
34592 8
44736 8
53312 8
65080 8
44248 8
32720 8
11896 8
33000 8
54648 8
65280 8
66760 8
33016 8
33024 8
33032 8
33040 8
33048 8
35504 8
15224 8
58000 8
33568 8
33704 8
33720 8
64576 8
33688 8
34496 8
36944 8
38968 8
53024 8
11952 8
35960 8
50384 8
33816 8
53288 8
65728 8
34424 8
34568 8
34576 8
34584 8
34600 8
46744 8
47776 8
48248 8
49560 8
42456 8
57112 8
34808 8
35592 8
13672 8
47480 8
54128 8
60176 8
65232 8
67152 8
16848 8
69616 8
37680 8
37736 8
40640 8
56416 8
65576 8
66896 8
46792 8
48232 8
62152 8
56072 8
56264 8
67280 8
16800 8
16776 8
13808 8
11816 8
15400 8
15432 8
26640 8
28344 8
28872 8
30040 8
32760 8
35160 8
35168 8
35232 8
11856 8
35344 8
12312 8
38360 8
40456 8
46032 8
48304 8
54016 8
57264 8
59296 8
59384 8
59472 8
59632 8
61456 8
61936 8
62456 8
64112 8
64472 8
64768 8
65432 8
68984 8
70112 8
70176 8
27800 8
28744 8
28952 8
29968 8
30240 8
30912 8
31816 8
31936 8
33360 8
33624 8
34096 8
34184 8
34648 8
34912 8
34920 8
34944 8
35016 8
35024 8
35040 8
35144 8
35392 8
35400 8
35416 8
35424 8
35448 8
35520 8
35624 8
12040 8
12064 8
12088 8
12008 8
35712 8
35720 8
35728 8
36304 8
36632 8
36752 8
58512 8
35760 8
35768 8
35784 8
36504 8
36720 8
38056 8
38248 8
38880 8
39240 8
39360 8
39888 8
40656 8
12688 8
40864 8
41280 8
41656 8
42600 8
13080 8
43632 8
44760 8
44768 8
45416 8
45448 8
46640 8
46992 8
47240 8
47896 8
49000 8
49128 8
50256 8
50264 8
51000 8
52696 8
14416 8
53000 8
14576 8
53952 8
54272 8
54312 8
55192 8
55384 8
55800 8
55872 8
56592 8
56864 8
58480 8
58712 8
59600 8
59808 8
61128 8
61560 8
61736 8
62944 8
64520 8
67104 8
67368 8
69200 8
12112 8
12032 8
12128 8
13536 8
13752 8
13648 8
26768 8
37552 8
46720 8
65680 8
27984 8
28352 8
29040 8
29120 8
29160 8
29936 8
35576 8
42344 8
43960 8
45440 8
47248 8
47272 8
47288 8
57496 8
64632 8
66416 8
30456 8
30504 8
11208 8
11136 8
30688 8
31128 8
33400 8
33912 8
37744 8
38632 8
40896 8
50728 8
55512 8
42552 8
46384 8
46392 8
46400 8
46480 8
46488 8
46504 8
46576 8
48864 8
49048 8
49336 8
54232 8
14912 8
56152 8
62096 8
63864 8
64816 8
16512 8
67576 8
68968 8
30696 8
36008 8
36360 8
12544 8
36992 8
12344 8
38664 8
40128 8
41152 8
42080 8
42648 8
46136 8
46184 8
46192 8
46240 8
46264 8
46272 8
46280 8
49808 8
51584 8
54680 8
55704 8
56368 8
59008 8
60704 8
64376 8
30808 8
31192 8
31488 8
35568 8
47392 8
55888 8
60464 8
68800 8
31576 8
32520 8
32624 8
33480 8
33616 8
35088 8
35136 8
36904 8
37192 8
37352 8
38048 8
38376 8
46888 8
46904 8
46912 8
46968 8
54352 8
54872 8
63512 8
64216 8
65816 8
69256 8
70168 8
13840 8
38696 8
41392 8
13640 8
41424 8
43136 8
45536 8
46320 8
46328 8
46360 8
46368 8
46704 8
46760 8
46808 8
46872 8
47072 8
47096 8
47128 8
47136 8
47144 8
47168 8
47176 8
47208 8
47728 8
14456 8
48808 8
49376 8
49392 8
50248 8
50440 8
51864 8
51992 8
15248 8
58248 8
59528 8
59744 8
60288 8
60328 8
62088 8
63120 8
63168 8
64024 8
64208 8
66776 8
68688 8
69768 8
69792 8
69880 8
16712 8
11184 8
11488 8
11576 8
10376 8
10384 8
10360 8
12456 8
12352 8
12552 8
12528 8
12736 8
12928 8
13072 8
14896 8
14976 8
14376 8
15840 8
16384 8
15720 8
26776 8
26792 8
12424 8
26800 8
26824 8
26856 8
14120 8
26904 8
12808 8
26936 8
13264 8
26960 8
26984 8
11096 8
11064 8
27000 8
27024 8
12480 8
27112 8
27200 8
27240 8
31392 8
35248 8
40904 8
40920 8
40936 8
40952 8
40960 8
40968 8
44232 8
56504 8
57576 8
58704 8
27264 8
27272 8
27304 8
12800 8
27464 8
27528 8
13000 8
16184 8
27576 8
14088 8
27592 8
27824 8
14200 8
27848 8
28104 8
28288 8
28568 8
16088 8
28640 8
28688 8
28704 8
28808 8
28856 8
28888 8
28896 8
29024 8
29056 8
10824 8
29104 8
29280 8
29320 8
29368 8
29376 8
29384 8
29552 8
29632 8
29640 8
29776 8
29808 8
29824 8
29872 8
29992 8
30048 8
30080 8
30096 8
12704 8
30160 8
30256 8
30312 8
30480 8
30488 8
30544 8
30560 8
30576 8
30584 8
30712 8
30728 8
30744 8
30816 8
30896 8
30920 8
30952 8
30960 8
31000 8
31080 8
31088 8
31112 8
31232 8
31400 8
31560 8
31608 8
31616 8
31792 8
31864 8
31976 8
31984 8
32088 8
32232 8
32240 8
32304 8
32320 8
32416 8
32736 8
32800 8
33136 8
33232 8
33248 8
33264 8
33280 8
33352 8
33408 8
33416 8
33520 8
33768 8
33792 8
33832 8
33856 8
33880 8
33904 8
33976 8
34248 8
34304 8
34344 8
34480 8
34528 8
34560 8
34792 8
34840 8
34888 8
35048 8
35080 8
35120 8
35128 8
35240 8
35280 8
35288 8
35328 8
16216 8
35384 8
35480 8
35840 8
35912 8
35968 8
36080 8
36296 8
36464 8
36480 8
36608 8
36664 8
36704 8
12560 8
36824 8
36928 8
37000 8
37016 8
37024 8
37048 8
37104 8
37216 8
37344 8
37360 8
37368 8
12200 8
37592 8
37600 8
37656 8
37920 8
37928 8
38104 8
38120 8
38128 8
38144 8
38152 8
38176 8
38184 8
38312 8
38336 8
38368 8
38392 8
38408 8
38416 8
12328 8
38456 8
38472 8
38512 8
38552 8
38576 8
38592 8
38600 8
38624 8
38672 8
41104 8
48568 8
50424 8
59552 8
62632 8
38704 8
38736 8
38744 8
38776 8
38808 8
38816 8
38840 8
38848 8
38872 8
38944 8
38960 8
12392 8
38992 8
39016 8
39024 8
39040 8
39064 8
39080 8
39088 8
39112 8
39120 8
39144 8
39152 8
39200 8
39208 8
39248 8
39264 8
39272 8
39312 8
39328 8
39336 8
39368 8
39376 8
39400 8
39408 8
14040 8
39424 8
39440 8
39488 8
39512 8
39536 8
39592 8
39608 8
39624 8
39640 8
39656 8
39680 8
39736 8
39752 8
39760 8
39784 8
39824 8
39856 8
39880 8
39904 8
39944 8
39984 8
40000 8
40016 8
40024 8
40040 8
40080 8
40152 8
40176 8
40200 8
40208 8
40240 8
12592 8
40288 8
40296 8
40304 8
40328 8
40384 8
40400 8
40424 8
40432 8
40488 8
40496 8
40560 8
40568 8
40584 8
40592 8
40600 8
40664 8
40680 8
40696 8
40712 8
40720 8
40736 8
40760 8
40784 8
40792 8
40816 8
40840 8
40928 8
41000 8
41040 8
41080 8
41136 8
41168 8
41176 8
41192 8
41200 8
41248 8
41288 8
41304 8
41312 8
41320 8
41328 8
41360 8
41384 8
41400 8
41408 8
41432 8
41440 8
41448 8
41528 8
41576 8
41608 8
41672 8
41736 8
41752 8
41760 8
41776 8
41808 8
41824 8
41848 8
41856 8
41888 8
12864 8
41952 8
41968 8
41976 8
42000 8
42016 8
42024 8
42032 8
42040 8
42056 8
42064 8
42248 8
42272 8
42296 8
42328 8
42336 8
42464 8
42480 8
42512 8
42536 8
42560 8
42592 8
42616 8
42624 8
42632 8
42640 8
42680 8
42696 8
42736 8
42744 8
42760 8
42792 8
42808 8
42816 8
42824 8
42888 8
42904 8
42912 8
42952 8
42960 8
42968 8
42984 8
43000 8
43008 8
43024 8
43040 8
43056 8
43064 8
43088 8
43128 8
43168 8
43176 8
43208 8
43264 8
43312 8
43368 8
43384 8
43392 8
43416 8
43464 8
43472 8
43480 8
43496 8
43512 8
43536 8
43544 8
43560 8
43568 8
43592 8
43600 8
43640 8
13096 8
43704 8
43712 8
43744 8
43752 8
43760 8
43768 8
43784 8
43792 8
43816 8
43824 8
43832 8
43864 8
43888 8
43896 8
43920 8
43928 8
43944 8
43952 8
43976 8
44048 8
44056 8
44064 8
44240 8
44256 8
44280 8
44328 8
44376 8
44416 8
44488 8
44784 8
44824 8
44840 8
44872 8
45104 8
45208 8
45232 8
45384 8
45496 8
45512 8
45520 8
13416 8
45568 8
45672 8
16136 8
45696 8
45768 8
45848 8
45872 8
45896 8
46168 8
46256 8
46304 8
46312 8
46344 8
46552 8
46600 8
46928 8
46960 8
47216 8
47304 8
47368 8
47384 8
47432 8
47440 8
14992 8
47600 8
13696 8
47640 8
47672 8
47736 8
47928 8
47952 8
47976 8
48160 8
48200 8
48352 8
48416 8
48776 8
48792 8
49032 8
49072 8
49120 8
49136 8
49160 8
49224 8
49240 8
49320 8
49352 8
49448 8
49592 8
49680 8
49888 8
49896 8
50000 8
50024 8
50072 8
50160 8
50224 8
50232 8
50328 8
50392 8
50432 8
50448 8
50488 8
50496 8
50520 8
50600 8
50704 8
50736 8
50824 8
14168 8
50872 8
50928 8
50984 8
51032 8
51096 8
51152 8
51176 8
51320 8
51392 8
51408 8
51472 8
51544 8
51576 8
51600 8
51840 8
51880 8
51984 8
52064 8
52096 8
52176 8
15864 8
52248 8
52448 8
52496 8
52712 8
52744 8
52896 8
52920 8
52928 8
52936 8
52952 8
14440 8
53208 8
53328 8
53384 8
53456 8
14520 8
53520 8
53528 8
53696 8
53704 8
53808 8
53896 8
53912 8
54072 8
54192 8
54200 8
54240 8
54496 8
54560 8
54568 8
54576 8
54608 8
54704 8
54928 8
54992 8
55080 8
55104 8
55136 8
55184 8
55232 8
55376 8
55424 8
55464 8
55480 8
55488 8
55600 8
55616 8
55640 8
55664 8
55680 8
55784 8
56192 8
56200 8
56392 8
56432 8
56448 8
56456 8
56560 8
56576 8
56616 8
56696 8
56704 8
56904 8
57064 8
57160 8
57280 8
57464 8
57472 8
57504 8
57616 8
57640 8
15176 8
57704 8
57832 8
57896 8
57992 8
58016 8
58152 8
58168 8
58192 8
58208 8
58256 8
58320 8
58328 8
58544 8
58552 8
58608 8
58632 8
58656 8
58888 8
58936 8
59024 8
59136 8
59144 8
59264 8
59280 8
59352 8
59368 8
59400 8
59464 8
59504 8
59608 8
59672 8
59688 8
59792 8
59824 8
59832 8
59848 8
59864 8
60024 8
60056 8
60144 8
60160 8
60208 8
60344 8
60760 8
61048 8
61072 8
61152 8
61256 8
61264 8
61424 8
61504 8
61592 8
61808 8
61856 8
61872 8
61880 8
61944 8
61960 8
61992 8
62008 8
62016 8
62104 8
62208 8
62240 8
62272 8
62328 8
62352 8
62360 8
62528 8
62616 8
62648 8
62728 8
62776 8
62856 8
63024 8
63056 8
63152 8
63408 8
63424 8
63464 8
63480 8
63600 8
63648 8
63784 8
63872 8
63976 8
63984 8
64016 8
64048 8
64072 8
64088 8
64160 8
64248 8
64456 8
64552 8
64672 8
64840 8
64992 8
65168 8
65192 8
65248 8
65256 8
65344 8
65416 8
65456 8
65512 8
65584 8
65608 8
65624 8
65792 8
65880 8
65896 8
65912 8
65992 8
16304 8
66104 8
66200 8
66432 8
66480 8
16360 8
66512 8
66520 8
66544 8
66576 8
66616 8
66632 8
66656 8
66712 8
66856 8
67048 8
67216 8
67304 8
67456 8
67488 8
67640 8
67784 8
67840 8
67920 8
67976 8
68000 8
16624 8
68216 8
68272 8
68400 8
16664 8
68504 8
68512 8
68536 8
68600 8
68632 8
68704 8
68784 8
68792 8
68856 8
68872 8
68912 8
69144 8
69152 8
69160 8
69248 8
69312 8
69368 8
69392 8
69408 8
69568 8
69592 8
69656 8
69760 8
69808 8
16120 8
16176 8
26888 8
28144 8
28160 8
28624 8
29408 8
29600 8
30016 8
30032 8
30232 8
30672 8
31624 8
31800 8
32408 8
32864 8
16352 8
33080 8
33144 8
33680 8
34040 8
35456 8
36648 8
36656 8
36736 8
36760 8
36792 8
36808 8
36816 8
36832 8
36856 8
36864 8
36872 8
36976 8
36984 8
37056 8
37088 8
37144 8
37152 8
37240 8
37256 8
37280 8
37288 8
37312 8
37336 8
37376 8
37384 8
37432 8
37488 8
37504 8
37560 8
37576 8
37640 8
37648 8
37664 8
37704 8
37968 8
38112 8
38304 8
38488 8
38712 8
38936 8
39168 8
39496 8
39840 8
39872 8
39960 8
40072 8
40312 8
40392 8
40416 8
40856 8
41184 8
41912 8
42008 8
42848 8
44512 8
44712 8
45152 8
45688 8
45824 8
46776 8
46800 8
46984 8
47400 8
48072 8
48376 8
48392 8
13848 8
48624 8
48968 8
49112 8
49144 8
49520 8
50192 8
50568 8
51400 8
52000 8
52088 8
52616 8
52632 8
53152 8
53336 8
53616 8
53936 8
54040 8
54280 8
54744 8
54840 8
14752 8
55056 8
55752 8
55816 8
56040 8
56064 8
56320 8
56848 8
58224 8
58568 8
59040 8
59112 8
59208 8
59712 8
60064 8
60376 8
60472 8
60840 8
61384 8
62576 8
63040 8
63416 8
64392 8
65288 8
66680 8
66872 8
67144 8
68168 8
68440 8
68464 8
69128 8
69360 8
69456 8
69896 8
69944 8
11480 8
13296 8
27040 8
27928 8
28032 8
29400 8
32336 8
32840 8
36264 8
38064 8
38136 8
38952 8
39032 8
44920 8
44936 8
48504 8
52688 8
39416 8
40544 8
41344 8
41624 8
41768 8
42096 8
43160 8
44648 8
44656 8
44672 8
44792 8
44816 8
44888 8
44896 8
44952 8
44960 8
44968 8
44984 8
45008 8
45024 8
45048 8
45056 8
45528 8
47160 8
48152 8
49256 8
52240 8
56840 8
56960 8
58496 8
61632 8
63368 8
64704 8
64912 8
66536 8
68480 8
69072 8
11696 8
27296 8
28928 8
31648 8
35944 8
37728 8
37808 8
38352 8
38680 8
41376 8
44424 8
44440 8
44448 8
44480 8
44504 8
44568 8
49624 8
52384 8
52800 8
52880 8
59752 8
62976 8
63160 8
16520 8
65328 8
66216 8
67728 8
69888 8
13376 8
27504 8
29512 8
32112 8
37992 8
45304 8
45336 8
45344 8
45368 8
45392 8
45424 8
47256 8
52864 8
54336 8
61496 8
62296 8
64880 8
65304 8
68976 8
11912 8
28040 8
29032 8
63008 8
54056 8
28768 8
30552 8
44360 8
53264 8
29152 8
30296 8
34472 8
35656 8
37440 8
39280 8
39520 8
41648 8
41832 8
43608 8
44848 8
45472 8
45504 8
45592 8
45600 8
45624 8
46768 8
16440 8
48016 8
49080 8
49552 8
50312 8
52312 8
55344 8
10840 8
13160 8
29216 8
30088 8
30624 8
31144 8
32528 8
32848 8
34008 8
36152 8
38720 8
40824 8
40944 8
43224 8
44096 8
44112 8
44128 8
44136 8
44144 8
44192 8
44200 8
44208 8
44264 8
44288 8
44312 8
46688 8
51432 8
51528 8
53728 8
56688 8
59648 8
61904 8
62760 8
29744 8
37528 8
45128 8
45136 8
48576 8
49488 8
61896 8
45080 8
45096 8
45264 8
53712 8
62480 8
29952 8
36528 8
38856 8
40872 8
45216 8
47568 8
49960 8
55416 8
55792 8
65208 8
65632 8
68952 8
30264 8
49456 8
64568 8
34136 8
45632 8
64544 8
36112 8
44592 8
44608 8
44616 8
52992 8
65032 8
45160 8
58848 8
16424 8
16504 8
11616 8
11720 8
27064 8
14432 8
14536 8
14960 8
15072 8
14944 8
27560 8
27992 8
29832 8
31784 8
33512 8
33864 8
33952 8
35776 8
36160 8
36184 8
36192 8
36272 8
36320 8
36376 8
36448 8
39920 8
44184 8
44584 8
45256 8
45328 8
45608 8
53672 8
53872 8
53968 8
54536 8
54768 8
54960 8
55632 8
55672 8
56144 8
56752 8
58928 8
59768 8
64496 8
66344 8
67400 8
69096 8
69600 8
69736 8
28456 8
30400 8
32664 8
33640 8
33800 8
34984 8
35936 8
35952 8
35976 8
36000 8
36016 8
36048 8
36072 8
36416 8
36440 8
36488 8
36496 8
36912 8
38328 8
38560 8
44464 8
44576 8
45240 8
48440 8
49288 8
52056 8
53424 8
55568 8
58408 8
59560 8
61224 8
66560 8
66920 8
67960 8
68496 8
69176 8
13728 8
13424 8
11936 8
12000 8
15416 8
27144 8
27712 8
10600 8
27912 8
28192 8
28296 8
28976 8
31256 8
31536 8
31696 8
32488 8
32808 8
34384 8
34544 8
35320 8
35672 8
43696 8
47912 8
47920 8
57824 8
67448 8
35984 8
36368 8
37032 8
39688 8
41504 8
41600 8
43720 8
44912 8
45576 8
45584 8
13872 8
48712 8
51776 8
57168 8
58456 8
69336 8
47120 8
47328 8
47472 8
47496 8
13688 8
47504 8
47512 8
47528 8
51128 8
55864 8
56512 8
62368 8
66152 8
67080 8
67344 8
47584 8
47608 8
47656 8
47760 8
47792 8
47816 8
47824 8
47832 8
47840 8
47856 8
47864 8
47872 8
47888 8
48032 8
48040 8
48080 8
48096 8
48120 8
48136 8
48184 8
48208 8
49776 8
50760 8
51512 8
52032 8
52680 8
52704 8
52752 8
53944 8
56216 8
56296 8
56520 8
58264 8
58800 8
59488 8
59536 8
59704 8
60104 8
60888 8
61440 8
62232 8
68280 8
69008 8
69304 8
69680 8
69832 8
10856 8
10800 8
13568 8
27152 8
27656 8
28384 8
29096 8
29344 8
33328 8
33344 8
34712 8
34904 8
35056 8
35192 8
36280 8
37824 8
37848 8
41264 8
41632 8
41704 8
42352 8
44080 8
44216 8
45704 8
45712 8
45720 8
45744 8
55976 8
64976 8
45792 8
45832 8
45840 8
45880 8
45888 8
45960 8
45992 8
46016 8
46040 8
46048 8
46112 8
48272 8
48336 8
48496 8
48816 8
48936 8
50016 8
51488 8
52112 8
52776 8
53568 8
53864 8
59320 8
61584 8
61984 8
62688 8
62920 8
65864 8
66600 8
68152 8
68224 8
68904 8
14880 8
10456 8
27184 8
34784 8
35824 8
35856 8
35872 8
35896 8
35904 8
42408 8
46712 8
53888 8
63032 8
64224 8
65336 8
66904 8
69856 8
12248 8
30496 8
33648 8
34080 8
34816 8
34928 8
35536 8
35744 8
35792 8
36896 8
37712 8
37800 8
37840 8
37880 8
37888 8
37896 8
37912 8
37944 8
37952 8
38024 8
38032 8
38040 8
38080 8
38824 8
39616 8
39912 8
40048 8
42424 8
44176 8
44472 8
44800 8
45312 8
45488 8
46528 8
46864 8
46976 8
48992 8
50048 8
51184 8
51608 8
52104 8
52184 8
53816 8
56024 8
58232 8
58424 8
59456 8
60928 8
63664 8
66880 8
68104 8
68200 8
30872 8
33112 8
45224 8
57432 8
32344 8
36536 8
36552 8
36568 8
42112 8
43296 8
49008 8
63344 8
66136 8
68608 8
36968 8
40064 8
40776 8
41128 8
42376 8
42856 8
47016 8
47312 8
47352 8
47744 8
53752 8
55920 8
68936 8
69296 8
54984 8
55688 8
10880 8
10848 8
26648 8
27016 8
49600 8
46544 8
48872 8
51120 8
60232 8
48384 8
48824 8
48832 8
48848 8
48896 8
50720 8
54808 8
62544 8
68144 8
68720 8
26864 8
48000 8
48704 8
48728 8
48736 8
48760 8
57512 8
33576 8
59656 8
35272 8
14448 8
48648 8
40008 8
48784 8
42448 8
48608 8
53176 8
61640 8
48632 8
48640 8
48664 8
48672 8
48680 8
48696 8
68944 8
48800 8
58368 8
26912 8
29704 8
34440 8
35256 8
37160 8
39816 8
41936 8
43200 8
43440 8
44928 8
48312 8
48320 8
48360 8
48408 8
48432 8
48536 8
48552 8
49696 8
50032 8
53632 8
53904 8
57568 8
61312 8
62344 8
62888 8
64096 8
64144 8
65968 8
66064 8
66312 8
68256 8
69624 8
38320 8
38688 8
48288 8
48296 8
48488 8
50688 8
61784 8
32688 8
43552 8
48600 8
56480 8
58400 8
62464 8
65960 8
27368 8
37608 8
37832 8
48960 8
48976 8
48984 8
57176 8
29240 8
49064 8
58064 8
70264 8
31264 8
38752 8
61176 8
33928 8
47616 8
49296 8
67992 8
34696 8
41120 8
46672 8
46952 8
38976 8
49416 8
49424 8
40832 8
45064 8
46520 8
49328 8
49360 8
53504 8
70120 8
49264 8
49272 8
54880 8
32976 8
34960 8
37624 8
37688 8
38160 8
39896 8
40672 8
44336 8
47808 8
49176 8
49192 8
49216 8
49544 8
51416 8
52432 8
53184 8
55256 8
59776 8
64176 8
66376 8
36592 8
37448 8
41864 8
49024 8
42152 8
45112 8
45120 8
49432 8
49440 8
49464 8
49480 8
59576 8
67688 8
49040 8
26656 8
27584 8
31184 8
31200 8
31416 8
31680 8
57880 8
60032 8
68624 8
68648 8
52536 8
57488 8
58160 8
64264 8
68568 8
68664 8
68672 8
26808 8
31448 8
34824 8
36600 8
38344 8
43328 8
63336 8
69872 8
41784 8
43376 8
52232 8
52512 8
55944 8
61712 8
63680 8
63880 8
66784 8
67944 8
69416 8
69432 8
69448 8
69488 8
69496 8
69504 8
69544 8
69608 8
70208 8
36400 8
43080 8
58752 8
69352 8
69576 8
69584 8
27376 8
28232 8
28968 8
30528 8
30848 8
30880 8
36208 8
37200 8
39008 8
42136 8
42704 8
42976 8
43144 8
44528 8
44752 8
46456 8
46472 8
46584 8
47408 8
47944 8
48592 8
48688 8
50344 8
51384 8
56384 8
57624 8
57800 8
60392 8
61544 8
65856 8
66504 8
67272 8
68848 8
68920 8
68960 8
69024 8
69032 8
69040 8
69048 8
69056 8
69744 8
27512 8
35616 8
45464 8
50864 8
55880 8
59408 8
60800 8
63696 8
64464 8
66016 8
67232 8
67672 8
67856 8
67880 8
67904 8
67912 8
67952 8
28016 8
48544 8
65224 8
29464 8
68288 8
31304 8
67544 8
28776 8
68240 8
29920 8
68344 8
55040 8
58528 8
56720 8
68336 8
34056 8
38480 8
47048 8
49712 8
50144 8
50672 8
58080 8
60216 8
68016 8
68064 8
68072 8
36456 8
37632 8
45976 8
57224 8
68160 8
68176 8
39576 8
41552 8
41928 8
42168 8
43488 8
43776 8
45968 8
46632 8
46824 8
49304 8
62440 8
67336 8
68040 8
68024 8
68080 8
68184 8
68192 8
68736 8
28320 8
57456 8
63792 8
68760 8
28440 8
33744 8
36032 8
39768 8
42608 8
67328 8
68528 8
33528 8
37400 8
40144 8
44680 8
48656 8
52328 8
60960 8
68448 8
43912 8
14656 8
54384 8
69264 8
68368 8
68376 8
68384 8
68392 8
68424 8
68432 8
28824 8
54144 8
65056 8
67776 8
67792 8
67800 8
29072 8
34064 8
43408 8
44160 8
48840 8
29200 8
52984 8
68232 8
68728 8
29232 8
30392 8
56272 8
59360 8
60552 8
69184 8
69232 8
36024 8
39776 8
41728 8
57760 8
58392 8
59544 8
69168 8
42280 8
47360 8
51072 8
56208 8
56544 8
64344 8
65272 8
66088 8
69328 8
46432 8
57312 8
68416 8
69240 8
69120 8
69272 8
15048 8
26672 8
64640 8
66304 8
15736 8
27400 8
31432 8
12664 8
32256 8
32272 8
32328 8
34048 8
34072 8
34104 8
35816 8
36840 8
36920 8
37392 8
37864 8
38888 8
40728 8
42840 8
43104 8
43520 8
43584 8
45656 8
46856 8
47536 8
51704 8
52128 8
54360 8
54440 8
54688 8
60848 8
61416 8
61616 8
61680 8
62048 8
63208 8
63256 8
66496 8
66752 8
66792 8
66824 8
66888 8
66912 8
66936 8
66952 8
66984 8
67000 8
67008 8
67016 8
67024 8
67056 8
67064 8
67160 8
67168 8
67184 8
16272 8
27832 8
31360 8
38648 8
40136 8
64776 8
43672 8
59816 8
65712 8
65736 8
45920 8
46944 8
53480 8
54920 8
58376 8
61368 8
61408 8
63072 8
63352 8
64232 8
65744 8
65824 8
65840 8
65848 8
65872 8
69384 8
28368 8
38640 8
40480 8
65448 8
49720 8
53064 8
63912 8
28432 8
46736 8
29584 8
55272 8
65496 8
29624 8
35488 8
40096 8
46088 8
49656 8
54832 8
66640 8
29712 8
30248 8
42768 8
61512 8
64312 8
66744 8
29856 8
35336 8
37784 8
45952 8
47080 8
58744 8
63200 8
64784 8
65592 8
65600 8
65616 8
36544 8
49184 8
57864 8
65528 8
57784 8
65520 8
65640 8
65648 8
65664 8
29864 8
36384 8
55176 8
61824 8
66320 8
66328 8
30072 8
38424 8
56800 8
66408 8
66424 8
49208 8
66384 8
66392 8
66400 8
64792 8
47632 8
59000 8
30120 8
31320 8
48520 8
54264 8
66040 8
66048 8
66056 8
33808 8
35752 8
48008 8
48448 8
52120 8
57904 8
61024 8
63704 8
66024 8
67968 8
33632 8
36576 8
51648 8
55016 8
61352 8
64984 8
66096 8
42656 8
30152 8
36560 8
40616 8
57848 8
66528 8
50616 8
50880 8
58344 8
59872 8
63936 8
66552 8
53200 8
67040 8
31016 8
31688 8
40504 8
66168 8
66184 8
69816 8
66248 8
66264 8
31248 8
32024 8
66696 8
66704 8
33088 8
47696 8
68008 8
66464 8
33304 8
39448 8
43400 8
49992 8
53368 8
40112 8
44104 8
59592 8
67224 8
40184 8
40280 8
68864 8
66232 8
43096 8
48088 8
52664 8
47664 8
66192 8
66208 8
55912 8
14928 8
56224 8
65920 8
65928 8
65944 8
56928 8
65904 8
64272 8
66360 8
69000 8
27432 8
27720 8
30944 8
43072 8
44552 8
65352 8
67120 8
69864 8
27968 8
28472 8
55544 8
29616 8
30304 8
31808 8
32560 8
34328 8
34360 8
34512 8
34872 8
35072 8
35544 8
36096 8
39232 8
47520 8
50008 8
55248 8
55552 8
58784 8
59272 8
59312 8
60504 8
62192 8
62960 8
62984 8
63328 8
67320 8
67768 8
67872 8
33368 8
30208 8
30600 8
30608 8
31208 8
32400 8
33872 8
36784 8
40088 8
63632 8
67512 8
67520 8
38984 8
41872 8
66488 8
67648 8
42936 8
45400 8
46248 8
51768 8
52016 8
67600 8
70000 8
55848 8
63176 8
46144 8
50680 8
65368 8
67696 8
46160 8
48424 8
56832 8
56896 8
60992 8
65312 8
67632 8
65400 8
67496 8
67624 8
67704 8
67744 8
15184 8
15296 8
13312 8
16920 8
14304 8
14216 8
16096 8
26680 8
26696 8
27008 8
27120 8
27128 8
27248 8
28864 8
28880 8
29168 8
14136 8
29392 8
29488 8
29568 8
29656 8
30416 8
30888 8
31760 8
32040 8
33504 8
33552 8
35064 8
37128 8
37224 8
38008 8
38464 8
38656 8
39432 8
39528 8
39560 8
39976 8
41008 8
41696 8
42256 8
43432 8
43624 8
43728 8
44864 8
45072 8
45936 8
46216 8
47416 8
49472 8
50648 8
50776 8
50808 8
50848 8
50920 8
50936 8
50952 8
50960 8
50968 8
50992 8
51016 8
51056 8
51064 8
51200 8
51208 8
14224 8
51216 8
51224 8
51232 8
51248 8
15792 8
51264 8
51288 8
51296 8
51304 8
51312 8
51328 8
51424 8
51440 8
51456 8
51496 8
51504 8
51552 8
51592 8
51616 8
51632 8
51640 8
51672 8
51760 8
51888 8
51920 8
52408 8
52816 8
53440 8
53608 8
54088 8
54224 8
54288 8
54712 8
55112 8
55304 8
55776 8
56440 8
56472 8
57000 8
58736 8
59856 8
60296 8
63104 8
63272 8
63320 8
63592 8
63688 8
64648 8
64752 8
66112 8
67128 8
67288 8
67936 8
68088 8
69016 8
69288 8
69400 8
70104 8
11776 8
11392 8
10472 8
26736 8
27424 8
28488 8
28528 8
29456 8
30360 8
30680 8
31096 8
31344 8
31424 8
32184 8
32984 8
33336 8
34856 8
36120 8
36216 8
36936 8
38544 8
38768 8
38792 8
39464 8
41352 8
41520 8
41616 8
42232 8
42264 8
43528 8
45456 8
46752 8
46896 8
47064 8
47320 8
49280 8
49704 8
50512 8
51720 8
51872 8
52336 8
52480 8
52720 8
53128 8
53320 8
53352 8
53496 8
53512 8
54344 8
54368 8
54376 8
54392 8
54400 8
54416 8
54432 8
54456 8
54488 8
54504 8
54512 8
54528 8
54544 8
54592 8
54616 8
54640 8
54696 8
54720 8
54968 8
54976 8
55048 8
55064 8
55072 8
55120 8
55128 8
55152 8
55696 8
56288 8
56608 8
56872 8
57032 8
57712 8
58584 8
58912 8
59192 8
59944 8
60240 8
61200 8
61248 8
61648 8
62136 8
62520 8
62712 8
63624 8
63712 8
64280 8
65024 8
65832 8
66128 8
66848 8
67824 8
68320 8
68408 8
68576 8
14792 8
16816 8
14776 8
27048 8
27496 8
28224 8
28760 8
28792 8
10424 8
28840 8
29272 8
29312 8
29728 8
29944 8
30104 8
30144 8
30408 8
30472 8
32160 8
32480 8
32896 8
34120 8
34680 8
34968 8
35352 8
35928 8
36040 8
36288 8
36408 8
36744 8
37304 8
37536 8
37856 8
37960 8
41064 8
41072 8
41336 8
41664 8
42520 8
43344 8
43616 8
45184 8
46128 8
46200 8
46208 8
46464 8
47008 8
47448 8
47552 8
47576 8
48224 8
49152 8
49512 8
50456 8
51040 8
51048 8
51368 8
51624 8
52352 8
52624 8
54448 8
54912 8
55000 8
55168 8
55200 8
55224 8
55240 8
55296 8
55312 8
55328 8
55368 8
55400 8
55448 8
55472 8
55576 8
55624 8
55656 8
55720 8
55728 8
55736 8
55768 8
55832 8
55840 8
55856 8
55904 8
55936 8
55968 8
55992 8
56000 8
56008 8
56352 8
57072 8
57680 8
58008 8
59344 8
60096 8
60480 8
61280 8
61344 8
62216 8
63472 8
63528 8
63672 8
63752 8
63920 8
64184 8
65720 8
66608 8
67296 8
67560 8
68048 8
68488 8
68560 8
69464 8
69512 8
69528 8
69688 8
69920 8
70136 8
14056 8
14344 8
15896 8
27160 8
27696 8
28064 8
28128 8
28920 8
29328 8
29688 8
31848 8
32472 8
33104 8
33672 8
34208 8
34224 8
36624 8
37408 8
37696 8
37768 8
38096 8
38432 8
38496 8
38616 8
39288 8
39504 8
39672 8
39792 8
40056 8
40168 8
40232 8
40704 8
41480 8
41560 8
42752 8
43736 8
44400 8
44880 8
45680 8
46816 8
47040 8
47488 8
47560 8
48024 8
48104 8
49408 8
50088 8
50856 8
51736 8
51744 8
51816 8
51856 8
51896 8
51936 8
51952 8
51960 8
51976 8
52024 8
52040 8
52048 8
52072 8
52208 8
52224 8
52256 8
52264 8
52280 8
52288 8
52296 8
52344 8
52360 8
52376 8
52456 8
52464 8
52472 8
52528 8
52544 8
52568 8
52592 8
52600 8
52640 8
52808 8
53784 8
53840 8
54024 8
54136 8
54256 8
54736 8
54848 8
55536 8
56016 8
56096 8
56976 8
57336 8
57384 8
57648 8
57768 8
58560 8
58792 8
59200 8
60040 8
60184 8
62312 8
62904 8
63048 8
63224 8
63760 8
63888 8
64424 8
64600 8
64720 8
64896 8
65320 8
66728 8
67088 8
67256 8
67504 8
67584 8
68752 8
68824 8
69376 8
69672 8
16392 8
27568 8
10904 8
28376 8
28944 8
29248 8
29520 8
29784 8
30064 8
30216 8
30440 8
31472 8
31720 8
32552 8
32768 8
32944 8
32960 8
34728 8
35880 8
36768 8
37008 8
37264 8
38072 8
38272 8
38528 8
38928 8
41208 8
43120 8
43248 8
44720 8
45360 8
45912 8
46416 8
47280 8
47960 8
48256 8
49904 8
49912 8
51144 8
52576 8
54320 8
54864 8
55504 8
56080 8
56088 8
56112 8
56120 8
56128 8
56136 8
56168 8
56184 8
56248 8
56256 8
56304 8
56328 8
56336 8
56344 8
56408 8
56496 8
56528 8
56552 8
56624 8
56656 8
56712 8
56760 8
56776 8
56784 8
57144 8
57632 8
57696 8
57752 8
57984 8
58808 8
59440 8
59568 8
60568 8
60680 8
60776 8
61136 8
61760 8
62288 8
63456 8
63800 8
65296 8
65464 8
65936 8
65952 8
66160 8
66456 8
66768 8
66808 8
67472 8
67656 8
68056 8
68208 8
68328 8
69088 8
69192 8
69224 8
69640 8
69968 8
70088 8
70248 8
13800 8
13680 8
14688 8
27784 8
28408 8
11336 8
28656 8
28664 8
29208 8
30000 8
31872 8
31952 8
32016 8
32152 8
32592 8
32712 8
33224 8
33656 8
34392 8
35472 8
35528 8
35992 8
36888 8
37208 8
38400 8
38832 8
39000 8
39072 8
39352 8
39552 8
39568 8
39832 8
39952 8
40608 8
40624 8
41640 8
41720 8
42392 8
42400 8
42928 8
42944 8
43576 8
43904 8
44392 8
44520 8
44536 8
44976 8
45728 8
46056 8
46936 8
47456 8
47464 8
47648 8
47784 8
48616 8
49096 8
49496 8
49568 8
49584 8
49744 8
50744 8
51280 8
52672 8
52728 8
52824 8
52832 8
52888 8
52904 8
52968 8
52976 8
53008 8
53016 8
53032 8
53056 8
53080 8
53112 8
53120 8
53136 8
53144 8
53160 8
53168 8
53248 8
53256 8
53272 8
53296 8
53304 8
53376 8
53392 8
53400 8
53416 8
53544 8
53560 8
53584 8
53600 8
54064 8
54152 8
54472 8
54584 8
54632 8
56944 8
57016 8
57048 8
57480 8
58088 8
58272 8
59960 8
60544 8
61208 8
63264 8
63304 8
64000 8
64152 8
64664 8
64736 8
65048 8
65440 8
65656 8
66240 8
66472 8
66584 8
66592 8
68456 8
68584 8
69632 8
69712 8
10632 8
14472 8
15136 8
15144 8
15152 8
27976 8
12184 8
28048 8
28080 8
28208 8
28336 8
29000 8
29224 8
29296 8
29976 8
30168 8
30224 8
31312 8
31328 8
31776 8
32648 8
33168 8
33456 8
33960 8
34032 8
34608 8
34752 8
35008 8
36064 8
36352 8
36512 8
37512 8
38520 8
39848 8
40440 8
40536 8
40848 8
41240 8
41512 8
41904 8
41984 8
42176 8
43032 8
43680 8
44560 8
44728 8
45752 8
47544 8
47992 8
48720 8
49312 8
49832 8
50376 8
51104 8
51792 8
52216 8
52848 8
52912 8
53088 8
53216 8
53448 8
53576 8
54552 8
55160 8
56160 8
56232 8
56240 8
56984 8
57024 8
57040 8
57080 8
57200 8
57208 8
57232 8
57240 8
57288 8
57296 8
57304 8
57320 8
57328 8
57352 8
57360 8
57376 8
57392 8
57400 8
57424 8
57440 8
57520 8
57528 8
57552 8
57600 8
57656 8
57744 8
57920 8
58592 8
60624 8
61000 8
61728 8
62168 8
62848 8
63400 8
64760 8
65408 8
66072 8
66336 8
67032 8
67248 8
68592 8
68768 8
69552 8
69560 8
69664 8
69984 8
12024 8
14104 8
28248 8
28592 8
28984 8
29048 8
29416 8
29608 8
31928 8
33464 8
34744 8
35648 8
36176 8
36432 8
37136 8
37584 8
37760 8
37872 8
38608 8
39928 8
40272 8
40360 8
40408 8
40528 8
41536 8
42384 8
42776 8
43240 8
43688 8
43880 8
44120 8
44168 8
44408 8
44544 8
44744 8
45192 8
48168 8
48280 8
48912 8
49688 8
49928 8
49944 8
49968 8
49976 8
49984 8
50040 8
50056 8
50064 8
50096 8
50104 8
50152 8
50168 8
50184 8
50208 8
50280 8
50352 8
50360 8
50368 8
50416 8
50464 8
50472 8
50480 8
50528 8
50560 8
50576 8
50592 8
50624 8
50640 8
50664 8
50696 8
50752 8
50768 8
50784 8
51464 8
52152 8
52736 8
52792 8
52960 8
53536 8
54784 8
56400 8
57544 8
57816 8
57960 8
58048 8
58072 8
58112 8
59232 8
59784 8
59912 8
60016 8
60528 8
62816 8
62872 8
62952 8
64056 8
64592 8
64608 8
65504 8
66568 8
66720 8
66800 8
66944 8
66976 8
67352 8
67616 8
67720 8
68032 8
68120 8
68136 8
68840 8
69136 8
69440 8
69704 8
70144 8
15536 8
13936 8
15192 8
30176 8
30992 8
31048 8
11160 8
31280 8
32744 8
33776 8
34024 8
34256 8
36472 8
37072 8
37416 8
37976 8
38448 8
38536 8
38728 8
39096 8
40448 8
40880 8
41464 8
41472 8
42472 8
43112 8
43152 8
44944 8
45408 8
45984 8
46568 8
46648 8
49016 8
49104 8
49400 8
50136 8
50288 8
50296 8
50336 8
50792 8
51136 8
51240 8
51944 8
52200 8
53848 8
54176 8
54184 8
54248 8
54760 8
54816 8
55208 8
55360 8
56176 8
56312 8
56888 8
57272 8
57720 8
57728 8
57736 8
57776 8
57856 8
57872 8
57888 8
57912 8
57928 8
57936 8
57968 8
58032 8
58040 8
58104 8
58136 8
58176 8
58184 8
58216 8
58240 8
58296 8
58360 8
58416 8
60336 8
60696 8
60720 8
60824 8
60968 8
62224 8
64448 8
65000 8
65064 8
65480 8
65536 8
65776 8
68880 8
69904 8
12624 8
13328 8
14640 8
30768 8
14552 8
31240 8
31464 8
31704 8
32264 8
32432 8
32968 8
33152 8
33176 8
33824 8
33840 8
35360 8
35736 8
35848 8
36168 8
36232 8
36584 8
37480 8
38168 8
38216 8
38256 8
38896 8
39104 8
40472 8
41256 8
42072 8
42504 8
42544 8
42672 8
43648 8
43968 8
44000 8
44600 8
45040 8
45088 8
45280 8
45320 8
45560 8
48328 8
49784 8
49856 8
50080 8
50200 8
50904 8
51832 8
51848 8
53224 8
53552 8
53624 8
53656 8
53688 8
53760 8
53768 8
53776 8
53792 8
53856 8
53880 8
53920 8
53960 8
53976 8
53992 8
54032 8
54104 8
54112 8
54160 8
54216 8
54296 8
54304 8
55320 8
56648 8
56736 8
56744 8
57136 8
57192 8
57840 8
58200 8
58992 8
59736 8
60736 8
60984 8
61288 8
61360 8
61768 8
61920 8
63432 8
64192 8
65560 8
66968 8
68248 8
68472 8
30640 8
33256 8
35584 8
35640 8
36104 8
39392 8
41368 8
42216 8
42800 8
42832 8
43016 8
43808 8
44696 8
44808 8
45904 8
46296 8
47984 8
48112 8
49664 8
49672 8
49736 8
49752 8
49760 8
49768 8
49800 8
49816 8
49848 8
49872 8
51168 8
54408 8
58440 8
58448 8
58464 8
58472 8
58504 8
58856 8
59392 8
59680 8
62696 8
64336 8
65488 8
66080 8
66832 8
67464 8
68112 8
68312 8
68640 8
27840 8
33312 8
34552 8
34848 8
37040 8
38224 8
44368 8
44704 8
45552 8
46080 8
47336 8
49536 8
49616 8
54664 8
54888 8
55824 8
63240 8
49648 8
62840 8
28056 8
12384 8
31272 8
34832 8
35680 8
37496 8
39184 8
40248 8
40992 8
41592 8
42440 8
55408 8
58616 8
58648 8
58672 8
58720 8
58728 8
58760 8
59584 8
63928 8
67568 8
33072 8
35184 8
35600 8
36336 8
39472 8
42288 8
44016 8
44320 8
45168 8
45352 8
49728 8
51808 8
53472 8
56808 8
58304 8
58816 8
58864 8
58880 8
58920 8
62568 8
63616 8
64360 8
31640 8
39304 8
40984 8
41960 8
50240 8
50896 8
52520 8
57248 8
59056 8
59064 8
59072 8
59104 8
59120 8
59152 8
61216 8
64584 8
59176 8
59184 8
59216 8
59224 8
59888 8
60008 8
64856 8
70032 8
34776 8
36776 8
42320 8
44688 8
46496 8
52944 8
58968 8
58976 8
59016 8
59048 8
66448 8
40104 8
40800 8
49344 8
58576 8
55088 8
61032 8
58944 8
58952 8
61112 8
67096 8
27032 8
31744 8
48944 8
55456 8
57536 8
61776 8
66816 8
68544 8
68832 8
10440 8
10432 8
27072 8
27680 8
35152 8
37616 8
38504 8
59920 8
32312 8
34112 8
59288 8
59304 8
46064 8
65160 8
67392 8
34504 8
40808 8
46424 8
50976 8
53928 8
55808 8
58488 8
59240 8
59248 8
59328 8
59416 8
59424 8
59448 8
68808 8
27080 8
27088 8
27096 8
27104 8
27168 8
27176 8
27208 8
27216 8
27232 8
28648 8
35800 8
38240 8
42240 8
45760 8
47880 8
51272 8
52488 8
57408 8
61848 8
70152 8
27288 8
30856 8
36880 8
44272 8
46840 8
51088 8
55288 8
62504 8
27328 8
27336 8
27344 8
30288 8
27352 8
27360 8
27392 8
27408 8
27416 8
27440 8
44040 8
54624 8
27448 8
15168 8
15272 8
27472 8
41096 8
32880 8
27672 8
31136 8
48952 8
68816 8
27488 8
27520 8
27864 8
44432 8
57688 8
62304 8
28600 8
30336 8
42664 8
43272 8
62808 8
12680 8
27480 8
29128 8
30056 8
30800 8
31712 8
34016 8
35368 8
37096 8
38760 8
42920 8
46176 8
51784 8
53720 8
54728 8
57944 8
58776 8
59880 8
60264 8
64368 8
64384 8
64408 8
64416 8
64440 8
64488 8
64504 8
64512 8
64536 8
65152 8
30432 8
34264 8
39256 8
45000 8
52760 8
58536 8
64680 8
64696 8
64712 8
64728 8
31296 8
31584 8
32216 8
33496 8
39728 8
40264 8
46512 8
49920 8
52080 8
52416 8
54480 8
56824 8
60664 8
61624 8
62112 8
63504 8
64832 8
64848 8
64904 8
64920 8
64928 8
64936 8
64944 8
64960 8
65008 8
65424 8
66120 8
67528 8
67680 8
68896 8
32600 8
42184 8
65096 8
65112 8
65120 8
32992 8
33712 8
34640 8
34800 8
37176 8
37472 8
37904 8
38584 8
39864 8
40512 8
40752 8
41056 8
41232 8
42224 8
42432 8
42688 8
44624 8
47088 8
47904 8
48368 8
48464 8
49576 8
50128 8
51448 8
52320 8
52768 8
53640 8
54824 8
57008 8
58288 8
58384 8
58688 8
63376 8
63384 8
64136 8
64320 8
64328 8
64352 8
64624 8
64800 8
65040 8
65088 8
65184 8
65200 8
65264 8
65784 8
66960 8
67440 8
67608 8
68520 8
69280 8
29696 8
47592 8
48480 8
49168 8
59728 8
66032 8
32456 8
34864 8
35296 8
37120 8
50888 8
53344 8
67112 8
56640 8
56968 8
57184 8
59520 8
62832 8
34288 8
41024 8
43360 8
48744 8
55560 8
58024 8
58624 8
59616 8
59624 8
59664 8
59936 8
60352 8
63232 8
65552 8
67200 8
41992 8
59480 8
33200 8
34632 8
42728 8
44224 8
46008 8
54520 8
55280 8
65544 8
69648 8
44152 8
54904 8
60712 8
60864 8
65976 8
26664 8
26688 8
26704 8
26728 8
26744 8
26752 8
26760 8
26784 8
27312 8
32856 8
36712 8
46728 8
26872 8
31440 8
34736 8
37272 8
35376 8
36520 8
35688 8
40768 8
47264 8
48768 8
53192 8
60952 8
26712 8
26896 8
26928 8
26976 8
27192 8
27768 8
48144 8
61696 8
63448 8
70192 8
33096 8
43048 8
46920 8
47424 8
70160 8
15232 8
27920 8
34704 8
35808 8
36952 8
42088 8
43424 8
46336 8
58056 8
59904 8
65688 8
28536 8
33584 8
34312 8
37456 8
47192 8
47712 8
56360 8
60080 8
69840 8
39704 8
46592 8
51688 8
69480 8
69928 8
61472 8
31920 8
35216 8
36200 8
40648 8
53280 8
60536 8
69728 8
69776 8
29088 8
59096 8
67592 8
70008 8
70040 8
70048 8
41456 8
55440 8
60280 8
61304 8
65696 8
69960 8
69952 8
30448 8
44032 8
64200 8
43872 8
48456 8
49368 8
51256 8
56680 8
62432 8
70096 8
60320 8
70080 8
70128 8
29896 8
30464 8
33536 8
36800 8
37776 8
41112 8
47344 8
47624 8
47720 8
48400 8
48856 8
51520 8
52656 8
54800 8
56568 8
67752 8
57560 8
60808 8
61528 8
61720 8
62936 8
63896 8
64400 8
66288 8
66992 8
