block round
88 90
89 90
90 90
91 90
92 90
93 90
94 90
95 90
96 90
97 90
98 90
118 90
128 90
138 90
148 90
158 90
168 90
178 90
188 90
198 90
208 90
218 90
228 90
238 90
248 90
258 90
268 90
278 90
288 90
298 90
308 90
318 90
328 90
338 90
348 90
358 90
368 90
378 90
388 90
398 90
10504 90
408 90
418 90
428 90
438 90
448 90
458 90
468 90
478 90
488 90
498 90
508 90
518 90
528 90
538 90
548 90
558 90
568 90
578 90
588 90
598 90
608 90
618 90
628 90
638 90
648 90
658 90
668 90
678 90
688 90
698 90
708 90
718 90
728 90
738 90
748 90
758 90
768 90
778 90
788 90
798 90
808 90
818 90
828 90
838 90
848 90
858 90
868 90
878 90
888 90
898 90
908 90
918 90
928 90
938 90
948 90
1022 90
1032 90
1042 90
1052 90
1062 90
1072 90
