block round
8335 60
205 60
206 60
207 60
208 60
209 60
210 60
211 60
212 60
213 60
214 60
215 60
216 60
217 60
218 60
219 60
220 60
221 60
222 60
223 60
224 60
225 60
226 60
227 60
228 60
229 60
230 60
231 60
232 60
233 60
234 60
235 60
236 60
237 60
238 60
239 60
240 60
241 60
242 60
243 60
244 60
245 60
415 60
425 60
435 60
445 60
455 60
465 60
475 60
485 60
495 60
505 60
515 60
525 60
535 60
545 60
555 60
565 60
575 60
585 60
595 60
605 60
615 60
625 60
635 60
645 60
655 60
665 60
675 60
685 60
695 60
705 60
715 60
725 60
735 60
745 60
755 60
765 60
775 60
785 60
795 60
805 60
815 60
825 60
835 60
845 60
855 60
865 60
875 60
885 60
895 60
905 60
915 60
925 60
935 60
945 60
955 60
965 60
975 60
985 60
995 60
1005 60
