file block round
0 6151 10
0 0 10
0 1 10
0 2 10
0 3 10
0 4 10
0 5 10
0 6 10
0 7 10
0 8 10
0 9 10
0 10 10
0 11 10
0 12 10
0 13 10
0 14 10
0 15 10
0 16 10
0 17 10
0 18 10
0 19 10
0 20 10
0 21 10
0 22 10
0 23 10
0 24 10
0 25 10
0 26 10
0 27 10
0 28 10
0 29 10
0 30 10
0 31 10
0 32 10
0 33 10
0 34 10
0 35 10
0 36 10
0 37 10
0 38 10
0 39 10
0 40 10
0 41 10
0 42 10
0 43 10
0 44 10
0 45 10
0 46 10
0 47 10
0 48 10
0 49 10
0 50 10
0 51 10
0 52 10
0 53 10
0 54 10
0 55 10
0 56 10
0 57 10
0 58 10
0 59 10
0 60 10
0 61 10
0 62 10
0 63 10
0 64 10
0 65 10
0 66 10
0 67 10
0 68 10
0 69 10
0 70 10
0 71 10
0 72 10
0 73 10
0 74 10
0 75 10
0 76 10
0 77 10
0 78 10
0 79 10
0 80 10
0 81 10
0 82 10
0 83 10
0 84 10
0 85 10
0 86 10
0 87 10
0 88 10
0 89 10
0 90 10
0 910 10
0 920 10
0 930 10
0 940 10
0 950 10
0 960 10
0 970 10
0 980 10
0 6168 10
0 990 10
0 1000 10
1 6146 10
1 6147 10
1 91 10
1 92 10
1 93 10
1 94 10
1 95 10
1 96 10
1 97 10
1 98 10
1 99 10
1 100 10
1 101 10
1 102 10
1 103 10
1 104 10
1 105 10
1 106 10
1 107 10
1 108 10
1 109 10
1 110 10
1 111 10
1 112 10
1 113 10
1 114 10
1 115 10
1 116 10
1 117 10
1 118 10
1 119 10
1 120 10
1 121 10
1 122 10
1 123 10
1 124 10
1 125 10
1 126 10
1 127 10
1 128 10
1 129 10
1 130 10
1 131 10
1 132 10
1 133 10
1 134 10
1 135 10
1 136 10
1 137 10
1 138 10
1 139 10
1 140 10
1 141 10
1 142 10
1 143 10
1 144 10
1 145 10
1 146 10
1 147 10
1 148 10
1 149 10
1 150 10
1 151 10
1 152 10
1 153 10
1 154 10
1 155 10
1 156 10
1 157 10
1 158 10
1 159 10
1 160 10
1 161 10
1 162 10
1 163 10
1 164 10
1 165 10
1 166 10
1 167 10
1 168 10
1 169 10
1 170 10
1 171 10
1 172 10
1 173 10
1 174 10
1 175 10
1 176 10
1 177 10
1 178 10
1 179 10
1 180 10
1 181 10
1 911 10
1 921 10
1 931 10
1 941 10
1 951 10
1 961 10
1 971 10
1 981 10
1 991 10
1 1001 10
2 182 10
2 183 10
2 184 10
2 185 10
2 186 10
2 187 10
2 188 10
2 189 10
2 190 10
2 191 10
2 192 10
2 193 10
2 194 10
2 195 10
2 196 10
2 197 10
2 198 10
2 199 10
2 200 10
2 201 10
2 202 10
2 203 10
2 204 10
2 205 10
2 206 10
2 207 10
2 208 10
2 209 10
2 210 10
2 211 10
2 212 10
2 213 10
2 214 10
2 215 10
2 216 10
2 217 10
2 218 10
2 219 10
2 220 10
2 221 10
2 222 10
2 223 10
2 224 10
2 225 10
2 226 10
2 227 10
2 228 10
2 229 10
2 230 10
2 231 10
2 232 10
2 233 10
2 234 10
2 235 10
2 236 10
2 237 10
2 238 10
2 239 10
2 240 10
2 241 10
2 242 10
2 243 10
2 244 10
2 245 10
2 246 10
2 247 10
2 248 10
2 249 10
2 250 10
2 251 10
2 252 10
2 253 10
2 254 10
2 255 10
2 256 10
2 257 10
2 258 10
2 259 10
2 260 10
2 261 10
2 262 10
2 263 10
2 264 10
2 265 10
2 266 10
2 267 10
2 268 10
2 269 10
2 270 10
2 271 10
2 272 10
2 912 10
2 922 10
2 932 10
2 942 10
2 952 10
2 962 10
2 972 10
2 982 10
2 992 10
2 1002 10
3 273 10
3 274 10
3 275 10
3 276 10
3 277 10
3 278 10
3 279 10
3 280 10
3 281 10
3 282 10
3 283 10
3 284 10
3 285 10
3 286 10
3 287 10
3 288 10
3 289 10
3 290 10
3 291 10
3 292 10
3 293 10
3 294 10
3 295 10
3 296 10
3 297 10
3 298 10
3 299 10
3 300 10
3 301 10
3 302 10
3 303 10
3 304 10
3 305 10
3 306 10
3 307 10
3 308 10
3 309 10
3 310 10
3 311 10
3 312 10
3 313 10
3 314 10
3 315 10
3 316 10
3 317 10
3 318 10
3 319 10
3 320 10
3 321 10
3 322 10
3 323 10
3 324 10
3 325 10
3 326 10
3 327 10
3 328 10
3 329 10
3 330 10
3 331 10
3 332 10
3 333 10
3 334 10
3 335 10
3 336 10
3 337 10
3 338 10
3 339 10
3 340 10
3 341 10
3 342 10
3 343 10
3 344 10
3 345 10
3 346 10
3 347 10
3 348 10
3 349 10
3 350 10
3 351 10
3 352 10
3 353 10
3 354 10
3 355 10
3 356 10
3 357 10
3 358 10
3 359 10
3 360 10
3 361 10
3 362 10
3 363 10
3 913 10
3 923 10
3 933 10
3 943 10
3 953 10
3 963 10
3 973 10
3 983 10
3 993 10
3 1003 10
4 364 10
4 365 10
4 366 10
4 367 10
4 368 10
4 369 10
4 370 10
4 371 10
4 372 10
4 373 10
4 374 10
4 375 10
4 376 10
4 377 10
4 378 10
4 379 10
4 380 10
4 381 10
4 382 10
4 383 10
4 384 10
4 385 10
4 386 10
4 387 10
4 388 10
4 389 10
4 390 10
4 391 10
4 392 10
4 393 10
4 394 10
4 395 10
4 396 10
4 397 10
4 398 10
4 399 10
4 400 10
4 401 10
4 402 10
4 403 10
4 404 10
4 405 10
4 406 10
4 407 10
4 408 10
4 409 10
4 410 10
4 411 10
4 412 10
4 413 10
4 414 10
4 415 10
4 416 10
4 417 10
4 418 10
4 419 10
4 420 10
4 421 10
4 422 10
4 423 10
4 424 10
4 425 10
4 426 10
4 427 10
4 428 10
4 429 10
4 430 10
4 431 10
4 432 10
4 433 10
4 434 10
4 435 10
4 436 10
4 437 10
4 438 10
4 439 10
4 440 10
4 441 10
4 442 10
4 443 10
4 444 10
4 445 10
4 446 10
4 447 10
4 448 10
4 449 10
4 450 10
4 451 10
4 452 10
4 453 10
4 454 10
4 914 10
4 924 10
4 934 10
4 944 10
4 954 10
4 964 10
4 974 10
4 984 10
4 994 10
4 1004 10
5 455 10
5 456 10
5 457 10
5 458 10
5 459 10
5 460 10
5 461 10
5 462 10
5 463 10
5 464 10
5 465 10
5 466 10
5 467 10
5 468 10
5 469 10
5 470 10
5 471 10
5 472 10
5 473 10
5 474 10
5 475 10
5 476 10
5 477 10
5 478 10
5 479 10
5 480 10
5 481 10
5 482 10
5 483 10
5 484 10
5 485 10
5 486 10
5 487 10
5 488 10
5 489 10
5 490 10
5 491 10
5 492 10
5 493 10
5 494 10
5 495 10
5 496 10
5 497 10
5 498 10
5 499 10
5 500 10
5 501 10
5 502 10
5 503 10
5 504 10
5 505 10
5 506 10
5 507 10
5 508 10
5 509 10
5 510 10
5 511 10
5 512 10
5 513 10
5 514 10
5 515 10
5 516 10
5 517 10
5 518 10
5 519 10
5 520 10
5 521 10
5 522 10
5 523 10
5 524 10
5 525 10
5 526 10
5 527 10
5 528 10
5 529 10
5 530 10
5 531 10
5 532 10
5 533 10
5 534 10
5 535 10
5 536 10
5 537 10
5 538 10
5 539 10
5 540 10
5 541 10
5 542 10
5 543 10
5 544 10
5 545 10
5 915 10
5 925 10
5 935 10
5 945 10
5 955 10
5 965 10
5 975 10
5 985 10
5 995 10
5 1005 10
6 546 10
6 547 10
6 548 10
6 549 10
6 550 10
6 551 10
6 552 10
6 553 10
6 554 10
6 555 10
6 556 10
6 557 10
6 558 10
6 559 10
6 560 10
6 561 10
6 562 10
6 563 10
6 564 10
6 565 10
6 566 10
6 567 10
6 568 10
6 569 10
6 570 10
6 571 10
6 572 10
6 573 10
6 574 10
6 575 10
6 576 10
6 577 10
6 578 10
6 579 10
6 580 10
6 581 10
6 582 10
6 583 10
6 584 10
6 585 10
6 586 10
6 587 10
6 588 10
6 589 10
6 590 10
6 591 10
6 592 10
6 593 10
6 594 10
6 595 10
6 596 10
6 597 10
6 598 10
6 599 10
6 600 10
6 601 10
6 602 10
6 603 10
6 604 10
6 605 10
6 606 10
6 607 10
6 608 10
6 609 10
6 610 10
6 611 10
6 612 10
6 613 10
6 614 10
6 615 10
6 616 10
6 617 10
6 618 10
6 619 10
6 620 10
6 621 10
6 622 10
6 623 10
6 624 10
6 625 10
6 626 10
6 627 10
6 628 10
6 629 10
6 630 10
6 631 10
6 632 10
6 633 10
6 634 10
6 635 10
6 636 10
6 916 10
6 926 10
6 936 10
6 946 10
6 956 10
6 966 10
6 976 10
6 986 10
6 996 10
6 1006 10
7 637 10
7 638 10
7 639 10
7 640 10
7 641 10
7 642 10
7 643 10
7 644 10
7 645 10
7 646 10
7 647 10
7 648 10
7 649 10
7 650 10
7 651 10
7 652 10
7 653 10
7 654 10
7 655 10
7 656 10
7 657 10
7 658 10
7 659 10
7 660 10
7 661 10
7 662 10
7 663 10
7 664 10
7 665 10
7 666 10
7 667 10
7 668 10
7 669 10
7 670 10
7 671 10
7 672 10
7 673 10
7 674 10
7 675 10
7 676 10
7 677 10
7 678 10
7 679 10
7 680 10
7 681 10
7 682 10
7 683 10
7 684 10
7 685 10
7 686 10
7 687 10
7 688 10
7 689 10
7 690 10
7 691 10
7 692 10
7 693 10
7 694 10
7 695 10
7 696 10
7 697 10
7 698 10
7 699 10
7 700 10
7 701 10
7 702 10
7 703 10
7 704 10
7 705 10
7 706 10
7 707 10
7 708 10
7 709 10
7 710 10
7 711 10
7 712 10
7 713 10
7 714 10
7 715 10
7 716 10
7 717 10
7 718 10
7 719 10
7 720 10
7 721 10
7 722 10
7 723 10
7 724 10
7 725 10
7 726 10
7 727 10
7 917 10
7 927 10
7 937 10
7 947 10
7 957 10
7 967 10
7 977 10
7 987 10
7 997 10
7 1007 10
8 728 10
8 729 10
8 730 10
8 731 10
8 732 10
8 733 10
8 734 10
8 735 10
8 736 10
8 737 10
8 738 10
8 739 10
8 740 10
8 741 10
8 742 10
8 743 10
8 744 10
8 745 10
8 746 10
8 747 10
8 748 10
8 749 10
8 750 10
8 751 10
8 752 10
8 753 10
8 754 10
8 755 10
8 756 10
8 757 10
8 758 10
8 759 10
8 760 10
8 761 10
8 762 10
8 763 10
8 764 10
8 765 10
8 766 10
8 767 10
8 768 10
8 769 10
8 770 10
8 771 10
8 772 10
8 773 10
8 774 10
8 775 10
8 776 10
8 777 10
8 778 10
8 779 10
8 780 10
8 781 10
8 782 10
8 783 10
8 784 10
8 785 10
8 786 10
8 787 10
8 788 10
8 789 10
8 790 10
8 791 10
8 792 10
8 793 10
8 794 10
8 795 10
8 796 10
8 797 10
8 798 10
8 799 10
8 800 10
8 801 10
8 802 10
8 803 10
8 804 10
8 805 10
8 806 10
8 807 10
8 808 10
8 809 10
8 810 10
8 811 10
8 812 10
8 813 10
8 814 10
8 815 10
8 816 10
8 817 10
8 818 10
8 918 10
8 928 10
8 938 10
8 948 10
8 958 10
8 968 10
8 978 10
8 988 10
8 998 10
8 1008 10
9 819 10
9 820 10
9 821 10
9 822 10
9 823 10
9 824 10
9 825 10
9 826 10
9 827 10
9 828 10
9 829 10
9 830 10
9 831 10
9 832 10
9 833 10
9 834 10
9 835 10
9 836 10
9 837 10
9 838 10
9 839 10
9 840 10
9 841 10
9 842 10
9 843 10
9 844 10
9 845 10
9 846 10
9 847 10
9 848 10
9 849 10
9 850 10
9 851 10
9 852 10
9 853 10
9 854 10
9 855 10
9 856 10
9 857 10
9 858 10
9 859 10
9 860 10
9 861 10
9 862 10
9 863 10
9 864 10
9 865 10
9 866 10
9 867 10
9 868 10
9 869 10
9 870 10
9 871 10
9 872 10
9 873 10
9 874 10
9 875 10
9 876 10
9 877 10
9 878 10
9 879 10
9 880 10
9 881 10
9 882 10
9 883 10
9 884 10
9 885 10
9 886 10
9 887 10
9 888 10
9 889 10
9 890 10
9 891 10
9 892 10
9 893 10
9 894 10
9 895 10
9 896 10
9 897 10
9 898 10
9 899 10
9 900 10
9 901 10
9 902 10
9 903 10
9 904 10
9 905 10
9 906 10
9 907 10
9 908 10
9 909 10
9 919 10
9 929 10
9 939 10
9 949 10
9 959 10
9 969 10
9 979 10
9 989 10
9 999 10
9 1009 10
