block round
6151 50
0 50
1 50
2 50
3 50
4 50
5 50
6 50
7 50
8 50
9 50
10 50
11 50
12 50
13 50
14 50
15 50
16 50
17 50
18 50
19 50
20 50
21 50
22 50
23 50
24 50
25 50
26 50
27 50
28 50
29 50
30 50
31 50
32 50
33 50
34 50
35 50
36 50
37 50
38 50
39 50
40 50
41 50
42 50
43 50
44 50
45 50
46 50
47 50
48 50
49 50
50 50
510 50
520 50
530 50
540 50
550 50
560 50
570 50
580 50
8584 50
590 50
600 50
610 50
620 50
630 50
640 50
650 50
660 50
670 50
680 50
690 50
700 50
710 50
720 50
730 50
740 50
750 50
760 50
770 50
780 50
790 50
800 50
810 50
820 50
830 50
840 50
6146 50
6147 50
6148 50
6150 50
6152 50
6153 50
6154 50
6155 50
6156 50
850 50
860 50
870 50
880 50
890 50
900 50
910 50
920 50
930 50
940 50
950 50
960 50
970 50
980 50
6174 50
990 50
1000 50
