block round
10425 100
7 100
17 100
27 100
37 100
47 100
57 100
67 100
77 100
87 100
97 100
107 100
117 100
127 100
137 100
147 100
157 100
167 100
177 100
187 100
197 100
207 100
217 100
227 100
237 100
6827 100
247 100
257 100
267 100
277 100
287 100
297 100
307 100
317 100
327 100
337 100
347 100
357 100
367 100
377 100
387 100
397 100
407 100
417 100
427 100
437 100
447 100
457 100
467 100
477 100
487 100
497 100
507 100
517 100
527 100
537 100
547 100
557 100
567 100
577 100
587 100
597 100
607 100
617 100
627 100
637 100
647 100
657 100
667 100
677 100
687 100
697 100
707 100
717 100
727 100
737 100
747 100
757 100
767 100
777 100
787 100
797 100
807 100
817 100
827 100
837 100
847 100
857 100
867 100
877 100
887 100
897 100
907 100
917 100
927 100
937 100
947 100
957 100
967 100
977 100
987 100
997 100
1071 100
