block round
21 80
22 80
23 80
24 80
25 80
26 80
27 80
28 80
29 80
30 80
31 80
32 80
33 80
34 80
35 80
36 80
37 80
38 80
39 80
40 80
41 80
211 80
221 80
231 80
241 80
251 80
261 80
271 80
281 80
291 80
301 80
311 80
321 80
331 80
341 80
351 80
361 80
371 80
381 80
391 80
401 80
411 80
421 80
431 80
441 80
451 80
461 80
471 80
481 80
491 80
501 80
511 80
521 80
531 80
541 80
551 80
561 80
571 80
581 80
591 80
601 80
611 80
621 80
631 80
641 80
651 80
661 80
671 80
681 80
691 80
701 80
711 80
721 80
731 80
741 80
751 80
761 80
835 80
845 80
855 80
865 80
875 80
885 80
895 80
905 80
915 80
925 80
935 80
945 80
955 80
965 80
975 80
985 80
995 80
1005 80
1015 80
1025 80
1035 80
1045 80
1055 80
1065 80
