block round
7417 100
2 100
12 100
22 100
32 100
42 100
52 100
62 100
72 100
82 100
92 100
102 100
112 100
122 100
132 100
142 100
152 100
162 100
172 100
182 100
192 100
202 100
212 100
222 100
232 100
242 100
252 100
262 100
272 100
282 100
292 100
302 100
312 100
322 100
332 100
342 100
352 100
362 100
372 100
382 100
392 100
402 100
412 100
422 100
432 100
442 100
452 100
462 100
472 100
482 100
8265 100
492 100
502 100
512 100
522 100
532 100
542 100
552 100
562 100
572 100
582 100
592 100
602 100
612 100
622 100
632 100
642 100
652 100
662 100
672 100
682 100
692 100
702 100
712 100
722 100
732 100
742 100
752 100
762 100
772 100
782 100
792 100
802 100
812 100
822 100
832 100
842 100
852 100
862 100
872 100
882 100
892 100
902 100
912 100
922 100
932 100
942 100
952 100
962 100
972 100
982 100
992 100
1002 100
