block round
8257 70
155 70
156 70
157 70
158 70
159 70
160 70
161 70
162 70
163 70
164 70
165 70
166 70
167 70
168 70
169 70
170 70
171 70
172 70
173 70
174 70
175 70
176 70
177 70
178 70
179 70
180 70
181 70
182 70
183 70
184 70
185 70
315 70
325 70
335 70
345 70
355 70
365 70
375 70
385 70
395 70
405 70
415 70
425 70
435 70
445 70
455 70
465 70
475 70
485 70
495 70
505 70
515 70
525 70
535 70
545 70
555 70
565 70
575 70
585 70
595 70
605 70
615 70
625 70
635 70
645 70
655 70
665 70
675 70
685 70
695 70
705 70
715 70
725 70
735 70
745 70
755 70
765 70
775 70
785 70
795 70
805 70
815 70
825 70
835 70
845 70
855 70
865 70
875 70
885 70
895 70
905 70
915 70
925 70
935 70
945 70
955 70
965 70
975 70
985 70
995 70
1005 70
