file block round
0 6151 60
0 0 60
0 1 60
0 2 60
0 3 60
0 4 60
0 5 60
0 6 60
0 7 60
0 8 60
0 9 60
0 10 60
0 11 60
0 12 60
0 13 60
0 14 60
0 15 60
0 16 60
0 17 60
0 18 60
0 19 60
0 20 60
0 21 60
0 22 60
0 23 60
0 24 60
0 25 60
0 26 60
0 27 60
0 28 60
0 29 60
0 30 60
0 31 60
0 32 60
0 33 60
0 34 60
0 35 60
0 36 60
0 37 60
0 38 60
0 39 60
0 40 60
0 410 60
0 420 60
0 430 60
0 440 60
0 450 60
0 460 60
0 470 60
0 480 60
0 490 60
0 500 60
0 510 60
0 520 60
0 530 60
0 540 60
0 550 60
0 560 60
0 570 60
0 580 60
0 590 60
0 600 60
0 610 60
0 620 60
0 630 60
0 640 60
0 6146 60
0 6147 60
0 6148 60
0 6150 60
0 6152 60
0 6153 60
0 6154 60
0 6155 60
0 6156 60
0 650 60
0 660 60
0 670 60
0 680 60
0 690 60
0 700 60
0 710 60
0 720 60
0 730 60
0 740 60
0 750 60
0 760 60
0 770 60
0 780 60
0 790 60
0 800 60
0 810 60
0 820 60
0 830 60
0 840 60
0 850 60
0 860 60
0 870 60
0 880 60
0 890 60
0 900 60
0 910 60
0 920 60
0 930 60
0 940 60
0 950 60
0 960 60
0 970 60
0 980 60
0 6174 60
0 990 60
0 1000 60
1 41 60
1 42 60
1 43 60
1 44 60
1 45 60
1 46 60
1 47 60
1 48 60
1 49 60
1 50 60
1 51 60
1 52 60
1 53 60
1 54 60
1 55 60
1 56 60
1 57 60
1 58 60
1 59 60
1 60 60
1 61 60
1 62 60
1 63 60
1 64 60
1 65 60
1 66 60
1 67 60
1 68 60
1 69 60
1 70 60
1 71 60
1 72 60
1 73 60
1 74 60
1 75 60
1 76 60
1 77 60
1 78 60
1 79 60
1 80 60
1 81 60
1 411 60
1 421 60
1 431 60
1 441 60
1 451 60
1 461 60
1 471 60
1 481 60
1 491 60
1 501 60
1 511 60
1 521 60
1 531 60
1 541 60
1 551 60
1 561 60
1 571 60
1 581 60
1 591 60
1 601 60
1 611 60
1 621 60
1 631 60
1 641 60
1 651 60
1 661 60
1 671 60
1 681 60
1 691 60
1 701 60
1 711 60
1 721 60
1 731 60
1 741 60
1 751 60
1 761 60
1 771 60
1 781 60
1 791 60
1 801 60
1 811 60
1 821 60
1 831 60
1 841 60
1 851 60
1 861 60
1 871 60
1 881 60
1 891 60
1 901 60
1 911 60
1 921 60
1 931 60
1 941 60
1 951 60
1 961 60
1 971 60
1 981 60
1 991 60
1 1001 60
2 7478 60
2 82 60
2 83 60
2 84 60
2 85 60
2 86 60
2 87 60
2 88 60
2 89 60
2 90 60
2 91 60
2 92 60
2 93 60
2 94 60
2 95 60
2 96 60
2 97 60
2 98 60
2 99 60
2 100 60
2 101 60
2 102 60
2 103 60
2 104 60
2 105 60
2 106 60
2 107 60
2 108 60
2 109 60
2 110 60
2 111 60
2 112 60
2 113 60
2 114 60
2 115 60
2 116 60
2 117 60
2 118 60
2 119 60
2 120 60
2 121 60
2 122 60
2 412 60
2 422 60
2 432 60
2 442 60
2 452 60
2 462 60
2 472 60
2 482 60
2 492 60
2 502 60
2 512 60
2 522 60
2 532 60
2 542 60
2 552 60
2 562 60
2 572 60
2 582 60
2 592 60
2 602 60
2 612 60
2 622 60
2 632 60
2 642 60
2 652 60
2 662 60
2 672 60
2 682 60
2 692 60
2 702 60
2 712 60
2 722 60
2 732 60
2 742 60
2 752 60
2 762 60
2 772 60
2 782 60
2 792 60
2 802 60
2 812 60
2 822 60
2 832 60
2 842 60
2 852 60
2 862 60
2 872 60
2 882 60
2 892 60
2 902 60
2 912 60
2 922 60
2 932 60
2 942 60
2 952 60
2 962 60
2 972 60
2 982 60
2 992 60
2 1002 60
3 123 60
3 124 60
3 125 60
3 126 60
3 127 60
3 128 60
3 129 60
3 130 60
3 131 60
3 132 60
3 133 60
3 134 60
3 135 60
3 136 60
3 137 60
3 138 60
3 139 60
3 140 60
3 141 60
3 142 60
3 143 60
3 144 60
3 145 60
3 146 60
3 147 60
3 148 60
3 149 60
3 150 60
3 151 60
3 152 60
3 153 60
3 154 60
3 155 60
3 156 60
3 157 60
3 158 60
3 159 60
3 160 60
3 161 60
3 162 60
3 163 60
3 413 60
3 423 60
3 433 60
3 443 60
3 453 60
3 463 60
3 473 60
3 483 60
3 493 60
3 503 60
3 513 60
3 523 60
3 533 60
3 543 60
3 553 60
3 563 60
3 573 60
3 583 60
3 593 60
3 603 60
3 613 60
3 623 60
3 633 60
3 643 60
3 653 60
3 663 60
3 673 60
3 683 60
3 693 60
3 703 60
3 713 60
3 723 60
3 733 60
3 743 60
3 753 60
3 763 60
3 773 60
3 783 60
3 793 60
3 803 60
3 813 60
3 823 60
3 833 60
3 843 60
3 853 60
3 863 60
3 873 60
3 883 60
3 893 60
3 903 60
3 913 60
3 923 60
3 933 60
3 943 60
3 953 60
3 963 60
3 973 60
3 983 60
3 993 60
3 1003 60
4 164 60
4 165 60
4 166 60
4 167 60
4 168 60
4 169 60
4 170 60
4 171 60
4 172 60
4 173 60
4 174 60
4 175 60
4 176 60
4 177 60
4 178 60
4 179 60
4 180 60
4 181 60
4 182 60
4 183 60
4 184 60
4 185 60
4 186 60
4 187 60
4 188 60
4 189 60
4 190 60
4 191 60
4 192 60
4 193 60
4 194 60
4 195 60
4 196 60
4 197 60
4 198 60
4 199 60
4 200 60
4 201 60
4 202 60
4 203 60
4 204 60
4 414 60
4 424 60
4 434 60
4 444 60
4 454 60
4 464 60
4 474 60
4 484 60
4 494 60
4 504 60
4 514 60
4 524 60
4 534 60
4 544 60
4 554 60
4 564 60
4 574 60
4 584 60
4 594 60
4 604 60
4 614 60
4 624 60
4 634 60
4 644 60
4 654 60
4 664 60
4 674 60
4 684 60
4 694 60
4 704 60
4 714 60
4 724 60
4 734 60
4 744 60
4 754 60
4 764 60
4 774 60
4 784 60
4 794 60
4 804 60
4 814 60
4 824 60
4 834 60
4 844 60
4 854 60
4 864 60
4 874 60
4 884 60
4 894 60
4 904 60
4 914 60
4 924 60
4 934 60
4 944 60
4 954 60
4 964 60
4 974 60
4 984 60
4 994 60
4 1004 60
5 8335 60
5 205 60
5 206 60
5 207 60
5 208 60
5 209 60
5 210 60
5 211 60
5 212 60
5 213 60
5 214 60
5 215 60
5 216 60
5 217 60
5 218 60
5 219 60
5 220 60
5 221 60
5 222 60
5 223 60
5 224 60
5 225 60
5 226 60
5 227 60
5 228 60
5 229 60
5 230 60
5 231 60
5 232 60
5 233 60
5 234 60
5 235 60
5 236 60
5 237 60
5 238 60
5 239 60
5 240 60
5 241 60
5 242 60
5 243 60
5 244 60
5 245 60
5 415 60
5 425 60
5 435 60
5 445 60
5 455 60
5 465 60
5 475 60
5 485 60
5 495 60
5 505 60
5 515 60
5 525 60
5 535 60
5 545 60
5 555 60
5 565 60
5 575 60
5 585 60
5 595 60
5 605 60
5 615 60
5 625 60
5 635 60
5 645 60
5 655 60
5 665 60
5 675 60
5 685 60
5 695 60
5 705 60
5 715 60
5 725 60
5 735 60
5 745 60
5 755 60
5 765 60
5 775 60
5 785 60
5 795 60
5 805 60
5 815 60
5 825 60
5 835 60
5 845 60
5 855 60
5 865 60
5 875 60
5 885 60
5 895 60
5 905 60
5 915 60
5 925 60
5 935 60
5 945 60
5 955 60
5 965 60
5 975 60
5 985 60
5 995 60
5 1005 60
6 246 60
6 247 60
6 248 60
6 249 60
6 250 60
6 251 60
6 252 60
6 253 60
6 254 60
6 255 60
6 256 60
6 257 60
6 258 60
6 259 60
6 260 60
6 261 60
6 262 60
6 263 60
6 264 60
6 265 60
6 266 60
6 267 60
6 268 60
6 269 60
6 270 60
6 271 60
6 272 60
6 273 60
6 274 60
6 275 60
6 276 60
6 277 60
6 278 60
6 279 60
6 280 60
6 281 60
6 282 60
6 283 60
6 284 60
6 285 60
6 286 60
6 416 60
6 426 60
6 436 60
6 446 60
6 456 60
6 466 60
6 476 60
6 486 60
6 496 60
6 506 60
6 516 60
6 526 60
6 9012 60
6 536 60
6 546 60
6 556 60
6 566 60
6 576 60
6 586 60
6 596 60
6 606 60
6 616 60
6 626 60
6 636 60
6 646 60
6 656 60
6 666 60
6 676 60
6 686 60
6 696 60
6 706 60
6 716 60
6 726 60
6 736 60
6 746 60
6 756 60
6 766 60
6 776 60
6 786 60
6 796 60
6 806 60
6 816 60
6 826 60
6 836 60
6 846 60
6 856 60
6 866 60
6 876 60
6 886 60
6 896 60
6 906 60
6 916 60
6 926 60
6 936 60
6 946 60
6 956 60
6 966 60
6 976 60
6 986 60
6 996 60
6 1006 60
7 287 60
7 288 60
7 289 60
7 290 60
7 291 60
7 292 60
7 293 60
7 294 60
7 295 60
7 296 60
7 297 60
7 298 60
7 299 60
7 300 60
7 301 60
7 302 60
7 303 60
7 304 60
7 305 60
7 306 60
7 307 60
7 308 60
7 309 60
7 310 60
7 311 60
7 312 60
7 313 60
7 314 60
7 315 60
7 316 60
7 317 60
7 318 60
7 319 60
7 320 60
7 321 60
7 322 60
7 323 60
7 324 60
7 325 60
7 326 60
7 327 60
7 417 60
7 427 60
7 437 60
7 447 60
7 457 60
7 467 60
7 477 60
7 487 60
7 497 60
7 507 60
7 517 60
7 527 60
7 537 60
7 547 60
7 557 60
7 567 60
7 577 60
7 587 60
7 597 60
7 607 60
7 617 60
7 627 60
7 637 60
7 647 60
7 657 60
7 667 60
7 677 60
7 687 60
7 697 60
7 707 60
7 717 60
7 727 60
7 737 60
7 747 60
7 757 60
7 767 60
7 777 60
7 787 60
7 797 60
7 807 60
7 817 60
7 827 60
7 837 60
7 847 60
7 857 60
7 867 60
7 877 60
7 887 60
7 897 60
7 907 60
7 917 60
7 927 60
7 937 60
7 947 60
7 957 60
7 967 60
7 977 60
7 987 60
7 997 60
7 1007 60
8 7878 60
8 328 60
8 329 60
8 330 60
8 331 60
8 332 60
8 333 60
8 334 60
8 335 60
8 336 60
8 337 60
8 338 60
8 339 60
8 340 60
8 341 60
8 342 60
8 343 60
8 344 60
8 345 60
8 346 60
8 347 60
8 348 60
8 349 60
8 350 60
8 351 60
8 352 60
8 353 60
8 354 60
8 355 60
8 356 60
8 357 60
8 358 60
8 359 60
8 360 60
8 361 60
8 362 60
8 363 60
8 364 60
8 365 60
8 366 60
8 367 60
8 368 60
8 418 60
8 428 60
8 438 60
8 448 60
8 458 60
8 468 60
8 478 60
8 488 60
8 498 60
8 508 60
8 518 60
8 528 60
8 538 60
8 548 60
8 558 60
8 568 60
8 578 60
8 588 60
8 598 60
8 608 60
8 618 60
8 628 60
8 638 60
8 648 60
8 658 60
8 668 60
8 678 60
8 688 60
8 698 60
8 708 60
8 718 60
8 728 60
8 738 60
8 748 60
8 758 60
8 768 60
8 778 60
8 788 60
8 798 60
8 808 60
8 818 60
8 828 60
8 838 60
8 848 60
8 858 60
8 868 60
8 878 60
8 888 60
8 898 60
8 908 60
8 918 60
8 928 60
8 938 60
8 948 60
8 958 60
8 968 60
8 978 60
8 988 60
8 998 60
8 1008 60
9 369 60
9 370 60
9 371 60
9 372 60
9 373 60
9 374 60
9 375 60
9 376 60
9 377 60
9 378 60
9 379 60
9 380 60
9 381 60
9 382 60
9 383 60
9 384 60
9 385 60
9 386 60
9 387 60
9 388 60
9 389 60
9 390 60
9 391 60
9 392 60
9 393 60
9 394 60
9 395 60
9 396 60
9 397 60
9 398 60
9 399 60
9 400 60
9 401 60
9 402 60
9 403 60
9 404 60
9 405 60
9 406 60
9 407 60
9 408 60
9 409 60
9 419 60
9 429 60
9 439 60
9 449 60
9 459 60
9 469 60
9 479 60
9 489 60
9 499 60
9 509 60
9 519 60
9 529 60
9 539 60
9 549 60
9 559 60
9 569 60
9 579 60
9 589 60
9 599 60
9 609 60
9 619 60
9 629 60
9 639 60
9 649 60
9 659 60
9 669 60
9 679 60
9 689 60
9 699 60
9 709 60
9 719 60
9 729 60
9 739 60
9 749 60
9 759 60
9 769 60
9 779 60
9 789 60
9 799 60
9 809 60
9 819 60
9 829 60
9 839 60
9 849 60
9 859 60
9 869 60
9 879 60
9 889 60
9 899 60
9 909 60
9 919 60
9 929 60
9 939 60
9 949 60
9 959 60
9 969 60
9 979 60
9 989 60
9 999 60
9 1009 60
