block round
126 80
127 80
128 80
129 80
130 80
131 80
132 80
133 80
134 80
135 80
136 80
137 80
138 80
139 80
140 80
141 80
142 80
143 80
144 80
145 80
146 80
216 80
226 80
236 80
246 80
256 80
266 80
276 80
286 80
296 80
306 80
316 80
326 80
8834 80
336 80
346 80
356 80
366 80
376 80
386 80
396 80
406 80
416 80
426 80
436 80
446 80
456 80
466 80
476 80
486 80
496 80
506 80
516 80
526 80
536 80
546 80
556 80
566 80
576 80
586 80
596 80
606 80
616 80
626 80
636 80
646 80
656 80
666 80
676 80
686 80
696 80
706 80
716 80
726 80
736 80
746 80
756 80
766 80
840 80
850 80
860 80
870 80
880 80
890 80
900 80
910 80
920 80
930 80
940 80
950 80
960 80
970 80
980 80
990 80
1000 80
1010 80
1020 80
1030 80
1040 80
1050 80
1060 80
1070 80
