block round
6171 80
6180 80
0 80
1 80
2 80
3 80
4 80
5 80
6 80
7 80
8 80
9 80
10 80
11 80
12 80
13 80
14 80
15 80
16 80
17 80
18 80
19 80
20 80
210 80
220 80
230 80
240 80
250 80
260 80
270 80
280 80
290 80
300 80
310 80
320 80
330 80
340 80
350 80
360 80
370 80
380 80
390 80
400 80
410 80
420 80
430 80
440 80
450 80
460 80
470 80
480 80
8770 80
8773 80
8782 80
8762 80
8769 80
490 80
500 80
510 80
520 80
530 80
540 80
550 80
560 80
570 80
580 80
590 80
600 80
610 80
620 80
630 80
640 80
650 80
660 80
670 80
680 80
690 80
700 80
710 80
720 80
730 80
6146 80
6147 80
6148 80
6150 80
6151 80
6152 80
6153 80
6154 80
6155 80
740 80
750 80
760 80
834 80
844 80
854 80
864 80
874 80
884 80
894 80
904 80
914 80
924 80
934 80
944 80
954 80
964 80
974 80
984 80
994 80
1004 80
1014 80
1024 80
1034 80
1044 80
1054 80
1064 80
