block round
369 60
370 60
371 60
372 60
373 60
374 60
375 60
376 60
377 60
378 60
379 60
380 60
381 60
382 60
383 60
384 60
385 60
386 60
387 60
388 60
389 60
390 60
391 60
392 60
393 60
394 60
395 60
396 60
397 60
398 60
399 60
400 60
401 60
402 60
403 60
404 60
405 60
406 60
407 60
408 60
409 60
419 60
429 60
439 60
449 60
459 60
469 60
479 60
489 60
499 60
509 60
519 60
529 60
539 60
549 60
559 60
569 60
579 60
589 60
599 60
609 60
619 60
629 60
639 60
649 60
659 60
669 60
679 60
689 60
699 60
709 60
719 60
729 60
739 60
749 60
759 60
769 60
779 60
789 60
799 60
809 60
819 60
829 60
839 60
849 60
859 60
869 60
879 60
889 60
899 60
909 60
919 60
929 60
939 60
949 60
959 60
969 60
979 60
989 60
999 60
1009 60
