block round
63 80
64 80
65 80
66 80
67 80
68 80
69 80
70 80
71 80
72 80
73 80
74 80
75 80
76 80
77 80
78 80
79 80
80 80
81 80
82 80
83 80
213 80
223 80
233 80
243 80
253 80
263 80
273 80
9003 80
283 80
293 80
303 80
313 80
323 80
333 80
343 80
353 80
363 80
373 80
383 80
393 80
403 80
413 80
423 80
433 80
443 80
453 80
463 80
473 80
483 80
493 80
503 80
513 80
523 80
533 80
543 80
553 80
563 80
573 80
583 80
593 80
603 80
613 80
623 80
633 80
643 80
653 80
663 80
673 80
683 80
693 80
703 80
713 80
723 80
733 80
743 80
753 80
763 80
837 80
847 80
857 80
867 80
877 80
887 80
897 80
907 80
917 80
927 80
937 80
947 80
957 80
967 80
977 80
987 80
997 80
1007 80
1017 80
1027 80
1037 80
1047 80
1057 80
1067 80
