block round
8 100
18 100
28 100
38 100
48 100
10684 100
58 100
68 100
78 100
88 100
98 100
108 100
118 100
128 100
138 100
148 100
158 100
168 100
178 100
188 100
198 100
208 100
218 100
228 100
238 100
248 100
258 100
268 100
278 100
288 100
298 100
8887 100
308 100
318 100
328 100
338 100
348 100
358 100
368 100
378 100
388 100
398 100
408 100
418 100
428 100
438 100
448 100
458 100
468 100
478 100
488 100
498 100
508 100
518 100
528 100
538 100
548 100
558 100
568 100
578 100
588 100
598 100
608 100
618 100
628 100
638 100
648 100
658 100
668 100
678 100
688 100
698 100
708 100
718 100
728 100
738 100
748 100
758 100
768 100
778 100
788 100
798 100
808 100
818 100
828 100
838 100
848 100
858 100
868 100
878 100
888 100
898 100
908 100
918 100
928 100
938 100
948 100
958 100
968 100
978 100
988 100
998 100
1072 100
