block round
3 100
13 100
23 100
33 100
43 100
53 100
63 100
73 100
9171 100
83 100
93 100
103 100
113 100
123 100
133 100
143 100
153 100
163 100
173 100
183 100
193 100
203 100
213 100
223 100
233 100
243 100
253 100
263 100
273 100
283 100
293 100
303 100
313 100
323 100
333 100
343 100
353 100
363 100
373 100
383 100
393 100
403 100
413 100
423 100
433 100
443 100
453 100
463 100
473 100
483 100
493 100
503 100
513 100
523 100
533 100
543 100
553 100
563 100
573 100
583 100
593 100
603 100
613 100
623 100
633 100
643 100
653 100
663 100
673 100
683 100
693 100
703 100
713 100
723 100
733 100
743 100
753 100
763 100
773 100
783 100
793 100
803 100
813 100
823 100
833 100
843 100
853 100
863 100
873 100
883 100
893 100
903 100
913 100
923 100
933 100
943 100
953 100
963 100
973 100
983 100
993 100
1003 100
