block round
186 70
187 70
188 70
189 70
190 70
191 70
192 70
193 70
194 70
195 70
196 70
197 70
198 70
199 70
200 70
201 70
202 70
203 70
204 70
205 70
206 70
207 70
208 70
209 70
210 70
211 70
212 70
213 70
214 70
215 70
216 70
316 70
326 70
336 70
346 70
356 70
366 70
376 70
386 70
396 70
406 70
416 70
426 70
8941 70
436 70
446 70
456 70
466 70
476 70
486 70
496 70
506 70
516 70
526 70
536 70
546 70
556 70
566 70
576 70
586 70
596 70
606 70
616 70
626 70
636 70
646 70
656 70
666 70
676 70
686 70
696 70
706 70
716 70
726 70
736 70
746 70
756 70
766 70
776 70
786 70
796 70
806 70
816 70
826 70
836 70
846 70
856 70
866 70
876 70
886 70
896 70
906 70
916 70
926 70
936 70
946 70
956 70
966 70
976 70
986 70
996 70
1006 70
