block round
427 40
428 40
429 40
430 40
431 40
432 40
433 40
434 40
435 40
436 40
437 40
438 40
439 40
440 40
441 40
442 40
443 40
444 40
445 40
446 40
447 40
448 40
449 40
450 40
451 40
452 40
453 40
454 40
455 40
456 40
457 40
458 40
459 40
460 40
461 40
462 40
463 40
464 40
465 40
466 40
467 40
468 40
469 40
470 40
471 40
472 40
473 40
474 40
475 40
476 40
477 40
478 40
479 40
480 40
481 40
482 40
483 40
484 40
485 40
486 40
487 40
617 40
627 40
637 40
647 40
657 40
667 40
677 40
687 40
697 40
707 40
717 40
727 40
737 40
747 40
757 40
767 40
777 40
787 40
797 40
807 40
817 40
827 40
837 40
847 40
857 40
867 40
877 40
887 40
897 40
907 40
917 40
927 40
937 40
947 40
957 40
967 40
977 40
987 40
997 40
1007 40
