block round
84 80
85 80
86 80
87 80
88 80
89 80
90 80
91 80
92 80
93 80
94 80
95 80
96 80
97 80
98 80
99 80
100 80
101 80
102 80
103 80
104 80
214 80
224 80
234 80
9591 80
244 80
254 80
264 80
274 80
284 80
294 80
304 80
314 80
324 80
334 80
344 80
354 80
364 80
374 80
384 80
394 80
404 80
414 80
424 80
434 80
444 80
454 80
464 80
474 80
484 80
494 80
504 80
514 80
524 80
534 80
544 80
554 80
564 80
574 80
584 80
594 80
604 80
614 80
624 80
634 80
644 80
654 80
664 80
674 80
684 80
694 80
704 80
714 80
724 80
734 80
744 80
754 80
764 80
838 80
848 80
858 80
868 80
878 80
888 80
898 80
908 80
918 80
928 80
938 80
948 80
958 80
968 80
978 80
988 80
998 80
1008 80
1018 80
1028 80
1038 80
1048 80
1058 80
1068 80
