block round
122 40
123 40
124 40
125 40
126 40
127 40
128 40
129 40
130 40
131 40
132 40
133 40
134 40
135 40
136 40
137 40
138 40
139 40
140 40
141 40
142 40
143 40
144 40
145 40
146 40
147 40
148 40
149 40
150 40
151 40
152 40
153 40
154 40
155 40
156 40
157 40
158 40
159 40
160 40
161 40
162 40
163 40
164 40
165 40
166 40
167 40
168 40
169 40
170 40
171 40
172 40
173 40
174 40
175 40
176 40
177 40
178 40
179 40
180 40
181 40
182 40
612 40
622 40
632 40
642 40
652 40
662 40
672 40
682 40
692 40
702 40
712 40
722 40
732 40
742 40
752 40
762 40
772 40
782 40
792 40
802 40
812 40
822 40
832 40
842 40
852 40
862 40
872 40
882 40
892 40
902 40
912 40
922 40
932 40
942 40
952 40
962 40
972 40
982 40
992 40
1002 40
