block round
8230 90
55 90
56 90
57 90
58 90
59 90
60 90
61 90
62 90
63 90
64 90
65 90
115 90
125 90
135 90
145 90
155 90
165 90
175 90
185 90
195 90
205 90
215 90
225 90
235 90
245 90
255 90
265 90
275 90
285 90
295 90
305 90
315 90
325 90
335 90
345 90
355 90
365 90
375 90
385 90
395 90
405 90
415 90
425 90
435 90
445 90
455 90
465 90
475 90
485 90
495 90
505 90
515 90
525 90
535 90
545 90
555 90
565 90
575 90
585 90
7485 90
595 90
605 90
615 90
625 90
635 90
645 90
655 90
665 90
675 90
685 90
695 90
705 90
715 90
725 90
735 90
745 90
755 90
765 90
775 90
785 90
795 90
805 90
815 90
825 90
835 90
845 90
855 90
865 90
875 90
885 90
895 90
905 90
915 90
925 90
935 90
945 90
955 90
1029 90
1039 90
1049 90
1059 90
1069 90
