block round
6 100
16 100
26 100
36 100
46 100
56 100
66 100
76 100
86 100
96 100
106 100
116 100
126 100
8925 100
136 100
146 100
156 100
166 100
176 100
186 100
196 100
206 100
216 100
226 100
236 100
246 100
256 100
266 100
276 100
286 100
296 100
306 100
316 100
326 100
336 100
346 100
356 100
366 100
376 100
386 100
396 100
406 100
416 100
426 100
436 100
446 100
456 100
466 100
476 100
486 100
496 100
506 100
516 100
526 100
536 100
546 100
556 100
566 100
576 100
586 100
596 100
606 100
616 100
626 100
636 100
646 100
656 100
666 100
676 100
686 100
696 100
706 100
716 100
726 100
736 100
746 100
756 100
766 100
776 100
786 100
796 100
806 100
816 100
826 100
836 100
846 100
856 100
866 100
876 100
886 100
896 100
906 100
916 100
926 100
936 100
946 100
956 100
966 100
976 100
986 100
996 100
1070 100
