block round
7839 70
248 70
249 70
250 70
251 70
252 70
253 70
254 70
255 70
256 70
257 70
258 70
259 70
260 70
261 70
262 70
263 70
264 70
265 70
266 70
267 70
268 70
269 70
270 70
271 70
272 70
273 70
274 70
275 70
276 70
277 70
278 70
318 70
328 70
338 70
348 70
358 70
368 70
378 70
388 70
398 70
408 70
418 70
428 70
438 70
448 70
458 70
468 70
478 70
488 70
498 70
508 70
518 70
528 70
538 70
548 70
558 70
568 70
578 70
588 70
598 70
608 70
618 70
628 70
638 70
648 70
658 70
668 70
678 70
688 70
698 70
708 70
718 70
728 70
738 70
748 70
758 70
768 70
778 70
788 70
798 70
808 70
818 70
828 70
838 70
848 70
858 70
868 70
878 70
888 70
898 70
908 70
918 70
928 70
938 70
948 70
958 70
968 70
978 70
988 70
998 70
1008 70
