block round
255 50
256 50
257 50
258 50
259 50
260 50
261 50
262 50
263 50
264 50
265 50
266 50
267 50
268 50
269 50
270 50
271 50
272 50
273 50
274 50
275 50
276 50
277 50
278 50
279 50
280 50
281 50
282 50
283 50
284 50
285 50
286 50
287 50
288 50
289 50
290 50
291 50
292 50
293 50
294 50
295 50
296 50
297 50
298 50
299 50
300 50
301 50
302 50
303 50
304 50
305 50
515 50
525 50
535 50
545 50
555 50
565 50
575 50
585 50
595 50
605 50
615 50
625 50
635 50
645 50
655 50
665 50
675 50
685 50
695 50
705 50
715 50
725 50
735 50
745 50
755 50
765 50
775 50
785 50
795 50
805 50
815 50
825 50
835 50
845 50
855 50
865 50
875 50
885 50
895 50
905 50
915 50
925 50
935 50
945 50
955 50
965 50
975 50
985 50
995 50
1005 50
