block round
284 30
285 30
286 30
287 30
288 30
289 30
290 30
291 30
292 30
293 30
294 30
295 30
296 30
297 30
298 30
299 30
300 30
301 30
302 30
303 30
304 30
305 30
306 30
307 30
308 30
309 30
310 30
311 30
312 30
313 30
314 30
315 30
316 30
317 30
318 30
319 30
320 30
321 30
322 30
323 30
324 30
325 30
326 30
327 30
328 30
329 30
330 30
331 30
332 30
333 30
334 30
335 30
336 30
337 30
338 30
339 30
340 30
341 30
342 30
343 30
344 30
345 30
346 30
347 30
348 30
349 30
350 30
351 30
352 30
353 30
354 30
714 30
724 30
734 30
744 30
754 30
764 30
774 30
784 30
794 30
804 30
814 30
824 30
834 30
844 30
854 30
864 30
874 30
884 30
894 30
904 30
914 30
924 30
934 30
944 30
954 30
964 30
974 30
984 30
994 30
1004 30
