block round
7461 70
62 70
63 70
64 70
65 70
66 70
67 70
68 70
69 70
70 70
71 70
72 70
73 70
74 70
75 70
76 70
77 70
78 70
79 70
80 70
81 70
82 70
83 70
84 70
85 70
86 70
87 70
88 70
89 70
90 70
91 70
92 70
312 70
322 70
332 70
342 70
352 70
362 70
372 70
382 70
392 70
402 70
412 70
422 70
432 70
442 70
452 70
462 70
472 70
482 70
492 70
502 70
512 70
522 70
532 70
542 70
552 70
562 70
572 70
582 70
592 70
602 70
612 70
622 70
632 70
642 70
652 70
662 70
672 70
682 70
692 70
702 70
712 70
722 70
732 70
742 70
752 70
762 70
772 70
782 70
792 70
802 70
812 70
822 70
832 70
842 70
852 70
862 70
872 70
882 70
892 70
902 70
912 70
922 70
932 70
942 70
952 70
962 70
972 70
982 70
992 70
1002 70
