block round
42 80
43 80
44 80
45 80
46 80
47 80
48 80
49 80
50 80
51 80
52 80
53 80
54 80
55 80
56 80
57 80
58 80
59 80
60 80
61 80
62 80
212 80
222 80
232 80
242 80
252 80
262 80
272 80
282 80
292 80
302 80
312 80
322 80
332 80
342 80
352 80
362 80
372 80
382 80
392 80
402 80
412 80
422 80
432 80
442 80
452 80
462 80
472 80
482 80
492 80
502 80
512 80
522 80
532 80
542 80
552 80
562 80
572 80
582 80
592 80
602 80
612 80
622 80
632 80
642 80
652 80
662 80
672 80
682 80
692 80
702 80
712 80
722 80
732 80
742 80
752 80
762 80
836 80
846 80
856 80
866 80
876 80
886 80
896 80
906 80
916 80
926 80
936 80
946 80
956 80
966 80
976 80
986 80
996 80
1006 80
1016 80
1026 80
1036 80
1046 80
1056 80
1066 80
