block round
123 60
124 60
125 60
126 60
127 60
128 60
129 60
130 60
131 60
132 60
133 60
134 60
135 60
136 60
137 60
138 60
139 60
140 60
141 60
142 60
143 60
144 60
145 60
146 60
147 60
148 60
149 60
150 60
151 60
152 60
153 60
154 60
155 60
156 60
157 60
158 60
159 60
160 60
161 60
162 60
163 60
413 60
423 60
433 60
443 60
453 60
463 60
473 60
483 60
493 60
503 60
513 60
523 60
533 60
543 60
553 60
563 60
573 60
583 60
593 60
603 60
613 60
623 60
633 60
643 60
653 60
663 60
673 60
683 60
693 60
703 60
713 60
723 60
733 60
743 60
753 60
763 60
773 60
783 60
793 60
803 60
813 60
823 60
833 60
843 60
853 60
863 60
873 60
883 60
893 60
903 60
913 60
923 60
933 60
943 60
953 60
963 60
973 60
983 60
993 60
1003 60
