block round
287 60
288 60
289 60
290 60
291 60
292 60
293 60
294 60
295 60
296 60
297 60
298 60
299 60
300 60
301 60
302 60
303 60
304 60
305 60
306 60
307 60
308 60
309 60
310 60
311 60
312 60
313 60
314 60
315 60
316 60
317 60
318 60
319 60
320 60
321 60
322 60
323 60
324 60
325 60
326 60
327 60
417 60
427 60
437 60
447 60
457 60
467 60
477 60
487 60
497 60
507 60
517 60
527 60
537 60
547 60
557 60
567 60
577 60
587 60
597 60
607 60
617 60
627 60
637 60
647 60
657 60
667 60
677 60
687 60
697 60
707 60
717 60
727 60
737 60
747 60
757 60
767 60
777 60
787 60
797 60
807 60
817 60
827 60
837 60
847 60
857 60
867 60
877 60
887 60
897 60
907 60
917 60
927 60
937 60
947 60
957 60
967 60
977 60
987 60
997 60
1007 60
