block round
168 80
169 80
170 80
171 80
172 80
173 80
174 80
175 80
176 80
177 80
178 80
179 80
180 80
181 80
182 80
183 80
184 80
185 80
186 80
187 80
188 80
218 80
228 80
238 80
248 80
258 80
268 80
278 80
288 80
298 80
308 80
318 80
328 80
338 80
348 80
358 80
368 80
378 80
388 80
398 80
408 80
418 80
428 80
438 80
448 80
458 80
468 80
478 80
488 80
498 80
508 80
518 80
528 80
538 80
548 80
558 80
568 80
578 80
588 80
598 80
608 80
618 80
628 80
638 80
648 80
658 80
668 80
678 80
688 80
698 80
708 80
718 80
728 80
738 80
748 80
758 80
768 80
842 80
852 80
862 80
872 80
882 80
892 80
902 80
912 80
922 80
932 80
942 80
952 80
962 80
972 80
982 80
992 80
1002 80
1012 80
1022 80
1032 80
1042 80
1052 80
1062 80
1072 80
