block round
497 30
498 30
499 30
500 30
501 30
502 30
503 30
504 30
505 30
506 30
507 30
508 30
509 30
510 30
511 30
512 30
513 30
514 30
515 30
516 30
517 30
518 30
519 30
520 30
521 30
522 30
523 30
524 30
525 30
526 30
527 30
528 30
529 30
530 30
531 30
532 30
533 30
534 30
535 30
536 30
537 30
538 30
539 30
540 30
541 30
542 30
543 30
544 30
545 30
546 30
547 30
548 30
549 30
550 30
551 30
552 30
553 30
554 30
555 30
556 30
557 30
558 30
559 30
560 30
561 30
562 30
563 30
564 30
565 30
566 30
567 30
717 30
727 30
737 30
747 30
757 30
767 30
777 30
787 30
797 30
807 30
817 30
827 30
837 30
847 30
857 30
867 30
877 30
887 30
897 30
907 30
917 30
927 30
937 30
947 30
957 30
967 30
977 30
987 30
997 30
1007 30
