file block round
0 6151 40
0 0 40
0 1 40
0 2 40
0 3 40
0 4 40
0 5 40
0 6 40
0 7 40
0 8 40
0 9 40
0 10 40
0 11 40
0 12 40
0 13 40
0 14 40
0 15 40
0 16 40
0 17 40
0 18 40
0 19 40
0 20 40
0 21 40
0 22 40
0 23 40
0 24 40
0 25 40
0 26 40
0 27 40
0 28 40
0 29 40
0 30 40
0 31 40
0 32 40
0 33 40
0 34 40
0 35 40
0 36 40
0 37 40
0 38 40
0 39 40
0 40 40
0 41 40
0 42 40
0 43 40
0 44 40
0 45 40
0 46 40
0 47 40
0 48 40
0 49 40
0 50 40
0 51 40
0 52 40
0 53 40
0 54 40
0 55 40
0 56 40
0 57 40
0 58 40
0 59 40
0 60 40
0 610 40
0 620 40
0 630 40
0 640 40
0 650 40
0 660 40
0 670 40
0 680 40
0 690 40
0 700 40
0 710 40
0 720 40
0 730 40
0 740 40
0 750 40
0 760 40
0 770 40
0 780 40
0 790 40
0 800 40
0 810 40
0 820 40
0 830 40
0 840 40
0 6146 40
0 6147 40
0 6148 40
0 6150 40
0 6152 40
0 6153 40
0 6154 40
0 6155 40
0 850 40
0 860 40
0 870 40
0 880 40
0 890 40
0 900 40
0 910 40
0 920 40
0 930 40
0 940 40
0 950 40
0 960 40
0 970 40
0 980 40
0 6173 40
0 990 40
0 1000 40
1 61 40
1 62 40
1 63 40
1 64 40
1 65 40
1 66 40
1 67 40
1 68 40
1 69 40
1 70 40
1 71 40
1 72 40
1 73 40
1 74 40
1 75 40
1 76 40
1 77 40
1 78 40
1 79 40
1 80 40
1 81 40
1 82 40
1 83 40
1 84 40
1 85 40
1 86 40
1 87 40
1 88 40
1 89 40
1 90 40
1 91 40
1 92 40
1 93 40
1 94 40
1 95 40
1 96 40
1 97 40
1 98 40
1 99 40
1 100 40
1 101 40
1 102 40
1 103 40
1 104 40
1 105 40
1 106 40
1 107 40
1 108 40
1 109 40
1 110 40
1 111 40
1 112 40
1 113 40
1 114 40
1 115 40
1 116 40
1 117 40
1 118 40
1 119 40
1 120 40
1 121 40
1 611 40
1 621 40
1 631 40
1 641 40
1 651 40
1 661 40
1 671 40
1 681 40
1 691 40
1 701 40
1 711 40
1 721 40
1 731 40
1 741 40
1 751 40
1 761 40
1 771 40
1 781 40
1 791 40
1 801 40
1 811 40
1 821 40
1 831 40
1 841 40
1 851 40
1 861 40
1 871 40
1 881 40
1 891 40
1 901 40
1 911 40
1 921 40
1 931 40
1 941 40
1 951 40
1 961 40
1 971 40
1 981 40
1 991 40
1 1001 40
2 122 40
2 123 40
2 124 40
2 125 40
2 126 40
2 127 40
2 128 40
2 129 40
2 130 40
2 131 40
2 132 40
2 133 40
2 134 40
2 135 40
2 136 40
2 137 40
2 138 40
2 139 40
2 140 40
2 141 40
2 142 40
2 143 40
2 144 40
2 145 40
2 146 40
2 147 40
2 148 40
2 149 40
2 150 40
2 151 40
2 152 40
2 153 40
2 154 40
2 155 40
2 156 40
2 157 40
2 158 40
2 159 40
2 160 40
2 161 40
2 162 40
2 163 40
2 164 40
2 165 40
2 166 40
2 167 40
2 168 40
2 169 40
2 170 40
2 171 40
2 172 40
2 173 40
2 174 40
2 175 40
2 176 40
2 177 40
2 178 40
2 179 40
2 180 40
2 181 40
2 182 40
2 612 40
2 622 40
2 632 40
2 642 40
2 652 40
2 662 40
2 672 40
2 682 40
2 692 40
2 702 40
2 712 40
2 722 40
2 732 40
2 742 40
2 752 40
2 762 40
2 772 40
2 782 40
2 792 40
2 802 40
2 812 40
2 822 40
2 832 40
2 842 40
2 852 40
2 862 40
2 872 40
2 882 40
2 892 40
2 902 40
2 912 40
2 922 40
2 932 40
2 942 40
2 952 40
2 962 40
2 972 40
2 982 40
2 992 40
2 1002 40
3 183 40
3 184 40
3 185 40
3 186 40
3 187 40
3 188 40
3 189 40
3 190 40
3 191 40
3 192 40
3 193 40
3 194 40
3 195 40
3 196 40
3 197 40
3 198 40
3 199 40
3 200 40
3 201 40
3 202 40
3 203 40
3 204 40
3 205 40
3 206 40
3 207 40
3 208 40
3 209 40
3 210 40
3 211 40
3 212 40
3 213 40
3 214 40
3 215 40
3 216 40
3 217 40
3 218 40
3 219 40
3 220 40
3 221 40
3 222 40
3 223 40
3 224 40
3 225 40
3 226 40
3 227 40
3 228 40
3 229 40
3 230 40
3 231 40
3 232 40
3 233 40
3 234 40
3 235 40
3 236 40
3 237 40
3 238 40
3 239 40
3 240 40
3 241 40
3 242 40
3 243 40
3 613 40
3 623 40
3 633 40
3 643 40
3 653 40
3 663 40
3 673 40
3 683 40
3 693 40
3 703 40
3 713 40
3 723 40
3 733 40
3 743 40
3 753 40
3 763 40
3 773 40
3 783 40
3 793 40
3 803 40
3 813 40
3 823 40
3 833 40
3 843 40
3 853 40
3 863 40
3 873 40
3 883 40
3 893 40
3 903 40
3 913 40
3 923 40
3 933 40
3 943 40
3 953 40
3 963 40
3 973 40
3 983 40
3 993 40
3 1003 40
4 244 40
4 245 40
4 246 40
4 247 40
4 248 40
4 249 40
4 250 40
4 251 40
4 252 40
4 253 40
4 254 40
4 255 40
4 256 40
4 257 40
4 258 40
4 259 40
4 260 40
4 261 40
4 262 40
4 263 40
4 264 40
4 265 40
4 266 40
4 267 40
4 268 40
4 269 40
4 270 40
4 271 40
4 272 40
4 273 40
4 274 40
4 275 40
4 276 40
4 277 40
4 278 40
4 279 40
4 280 40
4 281 40
4 282 40
4 283 40
4 284 40
4 285 40
4 286 40
4 287 40
4 288 40
4 289 40
4 290 40
4 291 40
4 292 40
4 293 40
4 294 40
4 295 40
4 296 40
4 297 40
4 298 40
4 299 40
4 300 40
4 301 40
4 302 40
4 303 40
4 304 40
4 614 40
4 624 40
4 634 40
4 644 40
4 654 40
4 664 40
4 674 40
4 684 40
4 694 40
4 704 40
4 714 40
4 724 40
4 734 40
4 744 40
4 754 40
4 764 40
4 774 40
4 784 40
4 794 40
4 804 40
4 814 40
4 824 40
4 834 40
4 844 40
4 854 40
4 864 40
4 874 40
4 884 40
4 894 40
4 904 40
4 914 40
4 924 40
4 934 40
4 944 40
4 954 40
4 964 40
4 974 40
4 984 40
4 994 40
4 1004 40
5 305 40
5 306 40
5 307 40
5 308 40
5 309 40
5 310 40
5 311 40
5 312 40
5 313 40
5 314 40
5 315 40
5 316 40
5 317 40
5 318 40
5 319 40
5 320 40
5 321 40
5 322 40
5 323 40
5 324 40
5 325 40
5 326 40
5 327 40
5 328 40
5 329 40
5 330 40
5 331 40
5 332 40
5 333 40
5 334 40
5 335 40
5 336 40
5 337 40
5 338 40
5 339 40
5 340 40
5 341 40
5 342 40
5 343 40
5 344 40
5 345 40
5 346 40
5 347 40
5 348 40
5 349 40
5 350 40
5 351 40
5 352 40
5 353 40
5 354 40
5 355 40
5 356 40
5 357 40
5 358 40
5 359 40
5 360 40
5 361 40
5 362 40
5 363 40
5 364 40
5 365 40
5 615 40
5 625 40
5 635 40
5 645 40
5 655 40
5 665 40
5 675 40
5 685 40
5 695 40
5 705 40
5 715 40
5 725 40
5 735 40
5 745 40
5 755 40
5 765 40
5 775 40
5 785 40
5 795 40
5 805 40
5 815 40
5 825 40
5 835 40
5 845 40
5 855 40
5 865 40
5 875 40
5 885 40
5 895 40
5 905 40
5 915 40
5 925 40
5 935 40
5 945 40
5 955 40
5 965 40
5 975 40
5 985 40
5 995 40
5 1005 40
6 366 40
6 367 40
6 368 40
6 369 40
6 370 40
6 371 40
6 372 40
6 373 40
6 374 40
6 375 40
6 376 40
6 377 40
6 378 40
6 379 40
6 380 40
6 381 40
6 382 40
6 383 40
6 384 40
6 385 40
6 386 40
6 387 40
6 388 40
6 389 40
6 390 40
6 391 40
6 392 40
6 393 40
6 394 40
6 395 40
6 396 40
6 397 40
6 398 40
6 399 40
6 400 40
6 401 40
6 402 40
6 403 40
6 404 40
6 405 40
6 406 40
6 407 40
6 408 40
6 409 40
6 410 40
6 411 40
6 412 40
6 413 40
6 414 40
6 415 40
6 416 40
6 417 40
6 418 40
6 419 40
6 420 40
6 421 40
6 422 40
6 423 40
6 424 40
6 425 40
6 426 40
6 616 40
6 626 40
6 636 40
6 646 40
6 656 40
6 666 40
6 676 40
6 686 40
6 696 40
6 706 40
6 716 40
6 726 40
6 736 40
6 746 40
6 756 40
6 766 40
6 776 40
6 786 40
6 796 40
6 806 40
6 816 40
6 826 40
6 836 40
6 846 40
6 856 40
6 866 40
6 876 40
6 886 40
6 896 40
6 906 40
6 916 40
6 926 40
6 936 40
6 946 40
6 956 40
6 966 40
6 976 40
6 986 40
6 996 40
6 1006 40
7 427 40
7 428 40
7 429 40
7 430 40
7 431 40
7 432 40
7 433 40
7 434 40
7 435 40
7 436 40
7 437 40
7 438 40
7 439 40
7 440 40
7 441 40
7 442 40
7 443 40
7 444 40
7 445 40
7 446 40
7 447 40
7 448 40
7 449 40
7 450 40
7 451 40
7 452 40
7 453 40
7 454 40
7 455 40
7 456 40
7 457 40
7 458 40
7 459 40
7 460 40
7 461 40
7 462 40
7 463 40
7 464 40
7 465 40
7 466 40
7 467 40
7 468 40
7 469 40
7 470 40
7 471 40
7 472 40
7 473 40
7 474 40
7 475 40
7 476 40
7 477 40
7 478 40
7 479 40
7 480 40
7 481 40
7 482 40
7 483 40
7 484 40
7 485 40
7 486 40
7 487 40
7 617 40
7 627 40
7 637 40
7 647 40
7 657 40
7 667 40
7 677 40
7 687 40
7 697 40
7 707 40
7 717 40
7 727 40
7 737 40
7 747 40
7 757 40
7 767 40
7 777 40
7 787 40
7 797 40
7 807 40
7 817 40
7 827 40
7 837 40
7 847 40
7 857 40
7 867 40
7 877 40
7 887 40
7 897 40
7 907 40
7 917 40
7 927 40
7 937 40
7 947 40
7 957 40
7 967 40
7 977 40
7 987 40
7 997 40
7 1007 40
8 488 40
8 489 40
8 490 40
8 491 40
8 492 40
8 493 40
8 494 40
8 495 40
8 496 40
8 497 40
8 498 40
8 499 40
8 500 40
8 501 40
8 502 40
8 503 40
8 504 40
8 505 40
8 506 40
8 507 40
8 508 40
8 509 40
8 510 40
8 511 40
8 512 40
8 513 40
8 514 40
8 515 40
8 516 40
8 517 40
8 518 40
8 519 40
8 520 40
8 521 40
8 522 40
8 523 40
8 524 40
8 525 40
8 526 40
8 527 40
8 528 40
8 529 40
8 530 40
8 531 40
8 532 40
8 533 40
8 534 40
8 535 40
8 536 40
8 537 40
8 538 40
8 539 40
8 540 40
8 541 40
8 542 40
8 543 40
8 544 40
8 545 40
8 546 40
8 547 40
8 548 40
8 618 40
8 628 40
8 638 40
8 648 40
8 658 40
8 668 40
8 678 40
8 688 40
8 698 40
8 708 40
8 718 40
8 728 40
8 738 40
8 748 40
8 758 40
8 768 40
8 778 40
8 788 40
8 798 40
8 808 40
8 818 40
8 828 40
8 838 40
8 848 40
8 858 40
8 868 40
8 878 40
8 888 40
8 898 40
8 908 40
8 918 40
8 928 40
8 938 40
8 948 40
8 958 40
8 968 40
8 978 40
8 988 40
8 998 40
8 1008 40
9 549 40
9 550 40
9 551 40
9 552 40
9 553 40
9 554 40
9 555 40
9 556 40
9 557 40
9 558 40
9 559 40
9 560 40
9 561 40
9 562 40
9 563 40
9 564 40
9 565 40
9 566 40
9 567 40
9 568 40
9 569 40
9 570 40
9 571 40
9 572 40
9 573 40
9 574 40
9 575 40
9 576 40
9 577 40
9 578 40
9 579 40
9 580 40
9 581 40
9 582 40
9 583 40
9 584 40
9 585 40
9 586 40
9 587 40
9 588 40
9 589 40
9 590 40
9 591 40
9 592 40
9 593 40
9 594 40
9 595 40
9 596 40
9 597 40
9 598 40
9 599 40
9 600 40
9 601 40
9 602 40
9 603 40
9 604 40
9 605 40
9 606 40
9 607 40
9 608 40
9 609 40
9 619 40
9 629 40
9 639 40
9 649 40
9 659 40
9 669 40
9 679 40
9 689 40
9 699 40
9 709 40
9 719 40
9 729 40
9 739 40
9 749 40
9 759 40
9 769 40
9 779 40
9 789 40
9 799 40
9 809 40
9 819 40
9 829 40
9 839 40
9 849 40
9 859 40
9 869 40
9 879 40
9 889 40
9 899 40
9 909 40
9 919 40
9 929 40
9 939 40
9 949 40
9 959 40
9 969 40
9 979 40
9 989 40
9 999 40
9 1009 40
