block round
51 50
52 50
53 50
54 50
55 50
56 50
57 50
58 50
59 50
60 50
61 50
62 50
63 50
64 50
65 50
66 50
67 50
68 50
69 50
70 50
71 50
72 50
73 50
74 50
75 50
76 50
77 50
78 50
79 50
80 50
81 50
82 50
83 50
84 50
85 50
86 50
87 50
88 50
89 50
90 50
91 50
92 50
93 50
94 50
95 50
96 50
97 50
98 50
99 50
100 50
101 50
511 50
521 50
531 50
541 50
551 50
561 50
571 50
581 50
591 50
601 50
611 50
621 50
631 50
641 50
651 50
661 50
671 50
681 50
691 50
701 50
711 50
721 50
731 50
741 50
751 50
761 50
771 50
781 50
791 50
801 50
811 50
821 50
831 50
841 50
851 50
861 50
871 50
881 50
891 50
901 50
911 50
921 50
931 50
941 50
951 50
961 50
971 50
981 50
991 50
1001 50
