block round
9 100
19 100
29 100
39 100
49 100
59 100
69 100
79 100
89 100
99 100
109 100
119 100
129 100
9519 100
139 100
149 100
159 100
169 100
179 100
189 100
199 100
209 100
219 100
229 100
239 100
249 100
259 100
269 100
279 100
289 100
299 100
309 100
319 100
329 100
339 100
349 100
359 100
369 100
379 100
389 100
399 100
409 100
419 100
429 100
439 100
449 100
459 100
469 100
479 100
489 100
499 100
509 100
519 100
529 100
539 100
549 100
559 100
569 100
579 100
589 100
599 100
609 100
619 100
629 100
639 100
649 100
659 100
669 100
679 100
689 100
699 100
709 100
719 100
729 100
739 100
749 100
759 100
769 100
779 100
789 100
799 100
809 100
819 100
829 100
839 100
849 100
859 100
869 100
879 100
889 100
899 100
909 100
919 100
929 100
939 100
949 100
959 100
969 100
979 100
989 100
999 100
1073 100
