block round
105 80
106 80
107 80
108 80
109 80
110 80
111 80
112 80
113 80
114 80
115 80
116 80
117 80
118 80
119 80
120 80
121 80
122 80
123 80
124 80
125 80
215 80
225 80
235 80
245 80
255 80
265 80
275 80
285 80
295 80
305 80
315 80
325 80
335 80
345 80
355 80
365 80
375 80
385 80
395 80
405 80
415 80
425 80
435 80
445 80
455 80
465 80
475 80
485 80
495 80
505 80
515 80
525 80
535 80
545 80
555 80
565 80
575 80
585 80
595 80
605 80
615 80
625 80
635 80
645 80
655 80
665 80
675 80
685 80
695 80
705 80
715 80
725 80
735 80
745 80
755 80
765 80
839 80
849 80
859 80
869 80
879 80
889 80
899 80
909 80
919 80
929 80
939 80
949 80
959 80
969 80
979 80
989 80
999 80
1009 80
1019 80
1029 80
1039 80
1049 80
1059 80
1069 80
