block round
162 20
163 20
164 20
165 20
166 20
167 20
168 20
169 20
170 20
171 20
172 20
173 20
174 20
175 20
176 20
177 20
178 20
179 20
180 20
181 20
182 20
183 20
184 20
185 20
186 20
187 20
188 20
189 20
190 20
191 20
192 20
193 20
194 20
195 20
196 20
197 20
198 20
199 20
200 20
201 20
202 20
203 20
204 20
205 20
206 20
207 20
208 20
209 20
210 20
211 20
212 20
213 20
214 20
215 20
216 20
217 20
218 20
219 20
220 20
221 20
222 20
223 20
224 20
225 20
226 20
227 20
228 20
229 20
230 20
231 20
232 20
233 20
234 20
235 20
236 20
237 20
238 20
239 20
240 20
241 20
242 20
812 20
822 20
832 20
842 20
852 20
862 20
872 20
882 20
892 20
902 20
912 20
922 20
932 20
942 20
952 20
962 20
972 20
982 20
992 20
1002 20
