block round
568 30
569 30
570 30
571 30
572 30
573 30
574 30
575 30
576 30
577 30
578 30
579 30
580 30
581 30
582 30
583 30
584 30
585 30
586 30
587 30
588 30
589 30
590 30
591 30
592 30
593 30
594 30
595 30
596 30
597 30
598 30
599 30
600 30
601 30
602 30
603 30
604 30
605 30
606 30
607 30
608 30
609 30
610 30
611 30
612 30
613 30
614 30
615 30
616 30
617 30
618 30
619 30
620 30
621 30
622 30
623 30
624 30
625 30
626 30
627 30
628 30
629 30
630 30
631 30
632 30
633 30
634 30
635 30
636 30
637 30
638 30
718 30
728 30
738 30
748 30
758 30
768 30
778 30
788 30
798 30
808 30
818 30
828 30
838 30
848 30
858 30
868 30
878 30
888 30
898 30
908 30
918 30
928 30
938 30
948 30
958 30
968 30
978 30
988 30
998 30
1008 30
