block round
4 100
14 100
24 100
34 100
9904 100
44 100
54 100
64 100
74 100
84 100
94 100
104 100
114 100
124 100
134 100
144 100
154 100
164 100
174 100
184 100
194 100
204 100
214 100
224 100
234 100
244 100
254 100
264 100
274 100
284 100
294 100
304 100
314 100
324 100
334 100
344 100
354 100
364 100
374 100
384 100
394 100
404 100
414 100
424 100
434 100
444 100
454 100
464 100
474 100
484 100
494 100
504 100
514 100
524 100
534 100
544 100
554 100
564 100
574 100
584 100
594 100
604 100
614 100
624 100
634 100
644 100
654 100
664 100
674 100
684 100
694 100
704 100
714 100
724 100
734 100
744 100
754 100
764 100
774 100
784 100
794 100
804 100
814 100
824 100
834 100
844 100
854 100
864 100
874 100
884 100
894 100
904 100
914 100
924 100
934 100
944 100
954 100
964 100
974 100
984 100
994 100
1004 100
