block round
189 80
190 80
191 80
192 80
193 80
194 80
195 80
196 80
197 80
198 80
199 80
200 80
201 80
202 80
203 80
204 80
205 80
206 80
207 80
208 80
209 80
219 80
229 80
239 80
249 80
259 80
269 80
279 80
289 80
299 80
309 80
319 80
329 80
339 80
349 80
359 80
369 80
379 80
389 80
399 80
409 80
419 80
429 80
439 80
449 80
459 80
469 80
479 80
489 80
499 80
509 80
519 80
529 80
539 80
549 80
559 80
569 80
579 80
589 80
599 80
609 80
619 80
629 80
639 80
649 80
659 80
669 80
679 80
689 80
699 80
709 80
719 80
729 80
739 80
749 80
759 80
833 80
843 80
853 80
863 80
873 80
883 80
893 80
903 80
913 80
923 80
933 80
943 80
953 80
963 80
973 80
983 80
993 80
1003 80
1013 80
1023 80
1033 80
1043 80
1053 80
1063 80
1073 80
