block round
549 40
550 40
551 40
552 40
553 40
554 40
555 40
556 40
557 40
558 40
559 40
560 40
561 40
562 40
563 40
564 40
565 40
566 40
567 40
568 40
569 40
570 40
571 40
572 40
573 40
574 40
575 40
576 40
577 40
578 40
579 40
580 40
581 40
582 40
583 40
584 40
585 40
586 40
587 40
588 40
589 40
590 40
591 40
592 40
593 40
594 40
595 40
596 40
597 40
598 40
599 40
600 40
601 40
602 40
603 40
604 40
605 40
606 40
607 40
608 40
609 40
619 40
629 40
639 40
649 40
659 40
669 40
679 40
689 40
699 40
709 40
719 40
729 40
739 40
749 40
759 40
769 40
779 40
789 40
799 40
809 40
819 40
829 40
839 40
849 40
859 40
869 40
879 40
889 40
899 40
909 40
919 40
929 40
939 40
949 40
959 40
969 40
979 40
989 40
999 40
1009 40
