block round
102 50
103 50
104 50
105 50
106 50
107 50
108 50
109 50
110 50
111 50
112 50
113 50
114 50
115 50
116 50
117 50
118 50
119 50
120 50
121 50
122 50
123 50
124 50
125 50
126 50
127 50
128 50
129 50
130 50
131 50
132 50
133 50
134 50
135 50
136 50
137 50
138 50
139 50
140 50
141 50
142 50
143 50
144 50
145 50
146 50
147 50
148 50
149 50
150 50
151 50
152 50
512 50
522 50
532 50
542 50
552 50
562 50
572 50
7479 50
582 50
592 50
602 50
612 50
622 50
632 50
642 50
652 50
662 50
672 50
682 50
692 50
702 50
712 50
722 50
732 50
742 50
752 50
762 50
772 50
782 50
792 50
802 50
812 50
822 50
832 50
842 50
852 50
862 50
872 50
882 50
892 50
902 50
912 50
922 50
932 50
942 50
952 50
962 50
972 50
982 50
992 50
1002 50
