block round
6151 30
0 30
1 30
2 30
3 30
4 30
5 30
6 30
7 30
8 30
9 30
10 30
11 30
12 30
13 30
14 30
15 30
16 30
17 30
18 30
19 30
20 30
21 30
22 30
23 30
24 30
25 30
26 30
27 30
28 30
29 30
30 30
31 30
32 30
33 30
34 30
35 30
36 30
37 30
38 30
39 30
40 30
41 30
42 30
43 30
44 30
45 30
46 30
47 30
48 30
49 30
50 30
51 30
52 30
53 30
54 30
55 30
56 30
57 30
58 30
59 30
60 30
61 30
62 30
63 30
64 30
65 30
66 30
67 30
68 30
69 30
70 30
710 30
720 30
730 30
740 30
750 30
760 30
770 30
6146 30
6147 30
6148 30
6150 30
6152 30
6153 30
6154 30
780 30
790 30
800 30
810 30
820 30
830 30
840 30
850 30
860 30
870 30
880 30
890 30
900 30
910 30
920 30
930 30
940 30
950 30
960 30
970 30
980 30
6173 30
990 30
1000 30
