block round
7478 60
82 60
83 60
84 60
85 60
86 60
87 60
88 60
89 60
90 60
91 60
92 60
93 60
94 60
95 60
96 60
97 60
98 60
99 60
100 60
101 60
102 60
103 60
104 60
105 60
106 60
107 60
108 60
109 60
110 60
111 60
112 60
113 60
114 60
115 60
116 60
117 60
118 60
119 60
120 60
121 60
122 60
412 60
422 60
432 60
442 60
452 60
462 60
472 60
482 60
492 60
502 60
512 60
522 60
532 60
542 60
552 60
562 60
572 60
582 60
592 60
602 60
612 60
622 60
632 60
642 60
652 60
662 60
672 60
682 60
692 60
702 60
712 60
722 60
732 60
742 60
752 60
762 60
772 60
782 60
792 60
802 60
812 60
822 60
832 60
842 60
852 60
862 60
872 60
882 60
892 60
902 60
912 60
922 60
932 60
942 60
952 60
962 60
972 60
982 60
992 60
1002 60
