block round
639 30
640 30
641 30
642 30
643 30
644 30
645 30
646 30
647 30
648 30
649 30
650 30
651 30
652 30
653 30
654 30
655 30
656 30
657 30
658 30
659 30
660 30
661 30
662 30
663 30
664 30
665 30
666 30
667 30
668 30
669 30
670 30
671 30
672 30
673 30
674 30
675 30
676 30
677 30
678 30
679 30
680 30
681 30
682 30
683 30
684 30
685 30
686 30
687 30
688 30
689 30
690 30
691 30
692 30
693 30
694 30
695 30
696 30
697 30
698 30
699 30
700 30
701 30
702 30
703 30
704 30
705 30
706 30
707 30
708 30
709 30
719 30
729 30
739 30
749 30
759 30
769 30
779 30
789 30
799 30
809 30
819 30
829 30
839 30
849 30
859 30
869 30
879 30
889 30
899 30
909 30
919 30
929 30
939 30
949 30
959 30
969 30
979 30
989 30
999 30
1009 30
