block round
426 30
427 30
428 30
429 30
430 30
431 30
432 30
433 30
434 30
435 30
436 30
437 30
438 30
439 30
440 30
441 30
442 30
443 30
444 30
445 30
446 30
447 30
448 30
449 30
450 30
451 30
452 30
453 30
454 30
455 30
456 30
457 30
458 30
459 30
460 30
461 30
462 30
463 30
464 30
465 30
466 30
467 30
468 30
469 30
470 30
471 30
472 30
473 30
474 30
475 30
476 30
477 30
478 30
479 30
480 30
481 30
482 30
483 30
484 30
485 30
486 30
487 30
488 30
489 30
490 30
491 30
492 30
493 30
494 30
495 30
496 30
716 30
726 30
736 30
746 30
756 30
766 30
776 30
786 30
796 30
806 30
816 30
826 30
836 30
846 30
856 30
866 30
876 30
886 30
896 30
906 30
916 30
926 30
936 30
946 30
956 30
966 30
976 30
986 30
996 30
1006 30
