block round
366 40
367 40
368 40
369 40
370 40
371 40
372 40
373 40
374 40
375 40
376 40
377 40
378 40
379 40
380 40
381 40
382 40
383 40
384 40
385 40
386 40
387 40
388 40
389 40
390 40
391 40
392 40
393 40
394 40
395 40
396 40
397 40
398 40
399 40
400 40
401 40
402 40
403 40
404 40
405 40
406 40
407 40
408 40
409 40
410 40
411 40
412 40
413 40
414 40
415 40
416 40
417 40
418 40
419 40
420 40
421 40
422 40
423 40
424 40
425 40
426 40
616 40
626 40
636 40
646 40
656 40
666 40
676 40
686 40
696 40
706 40
716 40
726 40
736 40
746 40
756 40
766 40
776 40
786 40
796 40
806 40
816 40
826 40
836 40
846 40
856 40
866 40
876 40
886 40
896 40
906 40
916 40
926 40
936 40
946 40
956 40
966 40
976 40
986 40
996 40
1006 40
