76040 8
16779528 8
16779536 8
16779544 8
16779552 8
16779560 8
16779568 8
16779576 8
16779584 8
16779592 8
16779600 8
16779608 8
16779616 8
16779624 8
16779632 8
16779640 8
16779648 8
16779656 8
16779664 8
16779672 8
16779680 8
16779688 8
16779696 8
16779704 8
16779712 8
16779720 8
16779728 8
16779736 8
16779744 8
16779752 8
16779760 8
16779768 8
16779776 8
16779520 8
16845056 8
17041760 8
16781320 8
16781328 8
16781336 8
16781344 8
16781352 8
16781360 8
16781368 8
16781376 8
16781384 8
16781392 8
16781400 8
16781408 8
16781416 8
16781424 8
16781432 8
16781440 8
16781448 8
16781456 8
16781464 8
16781472 8
16781480 8
16781488 8
16781496 8
16781504 8
16781512 8
16781520 8
16781528 8
16781536 8
16781544 8
16781552 8
16781560 8
16781568 8
16781312 8
17066232 8
17041784 8
17041768 8
16780544 8
16780552 8
16780560 8
16780568 8
16780576 8
16780584 8
16780592 8
16780600 8
16780608 8
16780616 8
16780624 8
16780632 8
16780640 8
16780648 8
16780656 8
16780664 8
16780672 8
16780680 8
16780688 8
16780704 8
16780712 8
16780720 8
16780728 8
16780736 8
16780744 8
16780752 8
16780760 8
16780768 8
16780776 8
16780784 8
16780792 8
16780800 8
16780696 8
17056824 8
16782080 8
16782088 8
16782096 8
16782104 8
16782112 8
16782120 8
16782128 8
16782136 8
16782144 8
16782152 8
16782160 8
16782168 8
16782176 8
16782184 8
16782192 8
16782200 8
16782208 8
16782216 8
16782224 8
16782232 8
16782248 8
16782256 8
16782264 8
16782272 8
16782280 8
16782288 8
16782296 8
16782304 8
16782312 8
16782320 8
16782328 8
16782336 8
16782240 8
17080544 8
16781056 8
16781064 8
16781072 8
16781080 8
16781088 8
16781096 8
16781104 8
16781112 8
16781120 8
16781128 8
16781136 8
16781144 8
16781152 8
16781160 8
16781176 8
16781184 8
16781192 8
16781200 8
16781208 8
16781216 8
16781224 8
16781232 8
16781240 8
16781248 8
16781256 8
16781264 8
16781272 8
16781280 8
16781288 8
16781296 8
16781304 8
16781168 8
17063976 8
16846080 8
16848984 8
17078928 8
16848992 8
17064208 8
16782344 8
16782352 8
16782360 8
16782368 8
16782376 8
16782384 8
16782392 8
16782400 8
16782408 8
16782416 8
16782424 8
16782432 8
16782440 8
16782448 8
16782456 8
16782464 8
16782472 8
16782480 8
16782496 8
16782504 8
16782488 8
17084464 8
17084424 8
16781824 8
16781832 8
16781840 8
16781848 8
16781856 8
16781864 8
16781872 8
16781880 8
16781888 8
16781896 8
16781904 8
16781912 8
16781920 8
16781928 8
16781936 8
16781944 8
16781952 8
16781960 8
16781968 8
16781976 8
16781984 8
16781992 8
16782000 8
16782016 8
16782024 8
16782032 8
16782040 8
16782048 8
16782056 8
16782064 8
16782072 8
16782008 8
17076872 8
17068872 8
17084416 8
20973824 8
20973832 8
20973840 8
20973856 8
20973864 8
20973848 8
21039536 8
21506416 8
21039544 8
21039552 8
21506400 8
21506408 8
21506392 8
21506384 8
17084408 8
16848592 8
17084480 8
17084488 8
17056760 8
16781576 8
16781584 8
16781592 8
16781600 8
16781608 8
16781616 8
16781624 8
16781632 8
16781640 8
16781648 8
16781656 8
16781664 8
16781672 8
16781680 8
16781688 8
16781696 8
16781704 8
16781712 8
16781720 8
16781728 8
16781736 8
16781744 8
16781752 8
16781760 8
16781768 8
16781776 8
16781784 8
16781800 8
16781808 8
16781816 8
16781792 8
17073648 8
17084536 8
17084552 8
16848552 8
16848560 8
17055912 8
16780808 8
16780816 8
16780824 8
16780832 8
16780840 8
16780848 8
16780856 8
16780864 8
16780872 8
16780880 8
16780888 8
16780896 8
16780904 8
16780912 8
16780920 8
16780928 8
16780936 8
16780944 8
16780952 8
16780960 8
16780976 8
16780984 8
16780992 8
16781000 8
16781008 8
16781016 8
16781024 8
16781032 8
16781040 8
16781048 8
16780968 8
16848768 8
17060984 8
21039568 8
21506448 8
21506456 8
21506440 8
21506432 8
16848784 8
17065824 8
17084600 8
17084576 8
17084584 8
17061216 8
17084560 8
16848568 8
17084528 8
17056064 8
17084512 8
17084504 8
16779784 8
16779792 8
16779800 8
16779808 8
16779816 8
16779824 8
16779832 8
16779840 8
16779848 8
16779864 8
16779872 8
16779880 8
16779888 8
16779896 8
16779904 8
16779912 8
16779920 8
16779928 8
16779936 8
16779944 8
16779952 8
16779960 8
16779968 8
16779976 8
16779984 8
16779992 8
16780000 8
16780008 8
16780016 8
16780024 8
16780032 8
16779856 8
17044936 8
17064288 8
16846088 8
17063208 8
16849224 8
17084184 8
17070968 8
17083432 8
17084168 8
17084192 8
17073376 8
16846096 8
16846104 8
17084400 8
16846112 8
16780040 8
16780048 8
16780056 8
16780064 8
16780072 8
16780080 8
16780088 8
16780096 8
16780104 8
16780112 8
16780120 8
16780128 8
16780136 8
16780144 8
16780160 8
16780168 8
16780176 8
16780184 8
16780192 8
16780200 8
16780208 8
16780216 8
16780224 8
16780232 8
16780240 8
16780248 8
16780256 8
16780264 8
16780272 8
16780280 8
16780288 8
16780152 8
17048704 8
17057064 8
17084224 8
17084384 8
17084232 8
16846120 8
16848624 8
17084280 8
17084272 8
17057688 8
17084288 8
17071880 8
17084264 8
17084240 8
17084296 8
17084248 8
16846128 8
17084336 8
17084328 8
17068760 8
17084304 8
17065744 8
17057704 8
17042576 8
17081624 8
16780296 8
16780304 8
16780312 8
16780320 8
16780336 8
16780344 8
16780352 8
16780360 8
16780368 8
16780376 8
16780384 8
16780392 8
16780400 8
16780408 8
16780416 8
16780424 8
16780432 8
16780440 8
16780448 8
16780456 8
16780464 8
16780472 8
16780480 8
16780488 8
16780496 8
16780504 8
16780512 8
16780520 8
16780528 8
16780536 8
16780328 8
17051240 8
17084344 8
17084160 8
17084624 8
17041472 8
17041424 8
17077768 8
16845064 8
16845112 8
17080184 8
21039440 8
21506168 8
17082144 8
17079120 8
16848312 8
17080096 8
17051936 8
16846992 8
16847000 8
17082064 8
17081960 8
17081984 8
17081952 8
17082008 8
17081928 8
17081896 8
17073040 8
17048624 8
17081904 8
17082056 8
17081880 8
17059488 8
17082024 8
17082032 8
17081976 8
17081936 8
17081888 8
17082040 8
17081912 8
17045136 8
17081968 8
17081944 8
17063824 8
17081992 8
17082072 8
17052064 8
17082096 8
17082200 8
17083992 8
17082320 8
16845120 8
21039368 8
21506064 8
21039360 8
21506056 8
16846864 8
16848032 8
17080920 8
17082688 8
17064072 8
17080896 8
17049280 8
17080880 8
17080888 8
16846872 8
17080736 8
17080864 8
17080776 8
17080856 8
16846880 8
17068144 8
17080824 8
17080848 8
17074288 8
17044680 8
17080816 8
17080760 8
17080768 8
17080792 8
17080784 8
17080744 8
17054192 8
17080752 8
17071520 8
16848264 8
17081344 8
17081312 8
17081328 8
17071752 8
17081304 8
17081296 8
17051720 8
16848672 8
17080968 8
17080960 8
17058392 8
16849152 8
21039416 8
21506144 8
17068728 8
17075608 8
17081352 8
16847104 8
16848936 8
17080456 8
17063712 8
17080448 8
17062960 8
17045624 8
16846416 8
17043168 8
17048968 8
17081688 8
17067800 8
17051344 8
17062248 8
17081488 8
17081784 8
17081856 8
17081520 8
17081800 8
17081600 8
17077920 8
17081560 8
17081480 8
17069824 8
17081664 8
17081840 8
17081528 8
17056864 8
17081632 8
17048072 8
17081536 8
17081504 8
17050752 8
17081576 8
17065944 8
17081704 8
17050232 8
17081464 8
17081728 8
17081584 8
17081848 8
17081616 8
17081680 8
17081592 8
17081608 8
17081696 8
17059920 8
17081752 8
17075496 8
17081776 8
17081808 8
17070392 8
17081816 8
17068112 8
17081824 8
17081760 8
17081768 8
17062232 8
17081472 8
17063872 8
16845232 8
21039424 8
21506152 8
17041608 8
17052168 8
16848176 8
16848184 8
17080992 8
17051200 8
17081000 8
16845128 8
17080632 8
17080600 8
16849712 8
17080512 8
17080504 8
17080496 8
17080520 8
16849128 8
17068184 8
17070504 8
17080648 8
17041480 8
17075136 8
17080616 8
17077512 8
17080552 8
17080528 8
17080576 8
17080488 8
17060232 8
17049640 8
17044200 8
17080672 8
17080584 8
17056704 8
17079856 8
17080536 8
16848664 8
17082304 8
17066384 8
17081048 8
17081056 8
17058344 8
17083568 8
16846432 8
17080432 8
16849016 8
16849024 8
17080336 8
17073056 8
17080384 8
17065152 8
17080360 8
17080352 8
17080328 8
17080376 8
17080368 8
17080344 8
17080416 8
17080320 8
17080312 8
17080408 8
17074488 8
17080424 8
17080288 8
17043280 8
17080280 8
16849160 8
16849168 8
17080704 8
17069776 8
17080728 8
17080720 8
16849720 8
17080680 8
21039384 8
21039392 8
21506080 8
21506096 8
21506088 8
21039376 8
21506072 8
16845168 8
16845176 8
17066968 8
17081200 8
16849320 8
17081216 8
17081208 8
17073536 8
17081248 8
17060280 8
17081232 8
17081280 8
17062616 8
17041552 8
17081288 8
17063704 8
16845424 8
16848464 8
17054704 8
17081440 8
17041744 8
17078680 8
17081448 8
17081920 8
16848528 8
21039432 8
21506160 8
17055568 8
17064744 8
21039472 8
21506232 8
16847808 8
17081160 8
16847816 8
17048160 8
17081168 8
17081184 8
16849576 8
21039448 8
21506184 8
21506176 8
17080168 8
17076640 8
16848400 8
16848408 8
16848416 8
17076080 8
16848424 8
21039408 8
21506112 8
21506136 8
21506120 8
21506128 8
16848432 8
17053856 8
17081128 8
17081112 8
17081120 8
17081136 8
17081152 8
17081144 8
16848320 8
17060448 8
16849704 8
17080224 8
16848328 8
16848336 8
17052136 8
17080232 8
17080248 8
17080256 8
17080272 8
16849000 8
17080688 8
17064424 8
17079400 8
17071928 8
16846696 8
17048848 8
16846704 8
17053392 8
17044416 8
17045160 8
17081016 8
17081032 8
17081040 8
17081008 8
17076176 8
17080176 8
17082264 8
17082104 8
16847120 8
21039456 8
21506192 8
16847128 8
17082240 8
17047000 8
17082248 8
17075864 8
17045752 8
17082216 8
17082208 8
17082312 8
16849696 8
17080136 8
17080144 8
17080160 8
17080120 8
17080152 8
17080128 8
17080112 8
17080200 8
17082136 8
17082336 8
16847440 8
21039464 8
21506200 8
17072448 8
17047032 8
16846232 8
17072088 8
17082176 8
17042784 8
17082160 8
17048120 8
17082352 8
17044976 8
17082328 8
21039400 8
21506216 8
21506224 8
21506208 8
21506104 8
16849008 8
17065096 8
17077136 8
17082120 8
17049288 8
16848480 8
17084096 8
17084088 8
17084136 8
17054752 8
17084120 8
17084104 8
17079824 8
17074248 8
16845472 8
16845832 8
17042312 8
16845488 8
17060080 8
17046000 8
17079688 8
17049672 8
17041984 8
17041936 8
17041864 8
17041992 8
17041872 8
17074296 8
17041960 8
17041952 8
17042008 8
17041968 8
17041904 8
17068272 8
17041896 8
17041888 8
17056144 8
17041944 8
16845648 8
17042104 8
17050032 8
17042112 8
17042120 8
16845480 8
17053416 8
17041848 8
17041856 8
16845816 8
17042288 8
17042304 8
17055256 8
17042296 8
17047016 8
17042272 8
16845616 8
17042072 8
17042048 8
17076960 8
17063072 8
17069288 8
17042032 8
17042824 8
17042040 8
16845656 8
17059400 8
17042184 8
16845696 8
16845752 8
16845760 8
16845800 8
17042248 8
17053456 8
17061048 8
16845768 8
17042232 8
16845704 8
16845712 8
16846912 8
17071280 8
17044808 8
16848584 8
17056568 8
17042208 8
17059912 8
17042160 8
17042152 8
17082224 8
17074664 8
17042136 8
17082736 8
16845184 8
16845192 8
16848520 8
17064312 8
17055624 8
17064336 8
17064368 8
17064328 8
17064384 8
17064304 8
17064296 8
17055520 8
17069384 8
17084152 8
17064416 8
17064400 8
17064344 8
17062896 8
17069360 8
17064376 8
17047776 8
17080696 8
16845200 8
17073296 8
17064624 8
17064448 8
17048880 8
17083536 8
17064584 8
17064568 8
17064680 8
17064456 8
17073208 8
17046936 8
17078280 8
17064440 8
17068616 8
17061912 8
17064520 8
17073224 8
17064536 8
17064464 8
17055392 8
17078520 8
17073304 8
17064616 8
17057080 8
17064640 8
17064488 8
17073256 8
17064600 8
17064512 8
17064504 8
17052192 8
17064648 8
17046176 8
17064544 8
17073248 8
17055352 8
17064632 8
17064480 8
17073216 8
17073320 8
17064576 8
17064592 8
17057448 8
17073272 8
17064496 8
17054200 8
17073280 8
16845208 8
16846424 8
16849728 8
16849736 8
17072352 8
17071672 8
17072160 8
17072440 8
17082288 8
17059088 8
17070208 8
17072040 8
17072296 8
17072400 8
17077184 8
17072824 8
17071728 8
17071952 8
17072368 8
17072472 8
17072168 8
17071784 8
17043472 8
17072312 8
17077568 8
17072240 8
17071704 8
17056672 8
17072056 8
17077304 8
17072320 8
17044544 8
17044736 8
17072096 8
17071792 8
17067728 8
17072480 8
17053632 8
17071936 8
17071768 8
17072376 8
17071656 8
17072016 8
17063648 8
17072200 8
17079296 8
17071648 8
17043176 8
17074992 8
17058976 8
17072144 8
17071840 8
17072456 8
17071712 8
17074616 8
17053960 8
17072288 8
17047312 8
17072112 8
17071984 8
17071992 8
17072000 8
17072136 8
17071832 8
17072384 8
17082184 8
17071776 8
17083144 8
17072192 8
17071912 8
17072024 8
17065608 8
17072424 8
17072176 8
17071944 8
17071688 8
17072488 8
17073800 8
17052664 8
17072328 8
17072120 8
17072216 8
17082816 8
17071904 8
17075024 8
17072344 8
17072184 8
17071848 8
17072032 8
17071968 8
17071744 8
17071864 8
17072072 8
17072416 8
17052480 8
17072128 8
17082504 8
17071888 8
17072496 8
17071896 8
17079488 8
17072432 8
17071664 8
17072080 8
17072232 8
17076888 8
17072464 8
17072104 8
17072224 8
17084256 8
17071816 8
16846056 8
16849112 8
16849120 8
17066680 8
17067296 8
17059080 8
17067320 8
17070760 8
17066760 8
17080000 8
17066608 8
17066928 8
17067232 8
17057168 8
17077192 8
17045152 8
17059696 8
17067048 8
17067256 8
17075408 8
17067424 8
17066624 8
17067056 8
17067104 8
17067080 8
17067128 8
17066896 8
17066704 8
17060272 8
17066952 8
17076832 8
17066584 8
17067408 8
17066864 8
17067224 8
17066816 8
17067184 8
17067432 8
17067192 8
17067360 8
17066792 8
17067416 8
17065480 8
17067280 8
17057504 8
17066528 8
17042496 8
17066920 8
17081272 8
17066560 8
17076984 8
17067144 8
17066752 8
17056688 8
17066872 8
17076656 8
17066768 8
17067344 8
17055584 8
17067000 8
17067272 8
17067152 8
17066664 8
17067400 8
17066776 8
17067312 8
17076104 8
17066720 8
17067304 8
17067352 8
17066840 8
17058608 8
17066888 8
17066992 8
17067040 8
17067208 8
17066784 8
17066880 8
17068976 8
17066632 8
17066904 8
17066712 8
17067200 8
17066504 8
17067336 8
17067248 8
17066688 8
17066984 8
17066848 8
17049168 8
17067328 8
17066576 8
17066696 8
17066616 8
17067096 8
17066800 8
17066536 8
17072640 8
17069856 8
17066976 8
17067072 8
17067024 8
17066960 8
17066808 8
17067368 8
17066520 8
17066552 8
17066648 8
17050416 8
17067376 8
17066744 8
17066512 8
17066936 8
17066728 8
17067120 8
17067240 8
17066656 8
17082808 8
17067264 8
17067160 8
17069928 8
16845216 8
16849192 8
16849200 8
17071808 8
17066424 8
17066440 8
17065808 8
17065592 8
17066224 8
17060752 8
17065696 8
17065840 8
17065720 8
17066376 8
17054816 8
17048208 8
17044512 8
17065952 8
17066136 8
17066272 8
17072048 8
17066088 8
17066064 8
17065896 8
17065904 8
17065600 8
17066240 8
17041568 8
17065656 8
17065888 8
17065752 8
17066360 8
17066472 8
17066192 8
17065240 8
17065928 8
17045408 8
17065880 8
17066032 8
17065968 8
17047104 8
17065784 8
17066080 8
17065864 8
17066008 8
17065760 8
17042128 8
17056752 8
17066144 8
17065664 8
17046120 8
17065672 8
17066024 8
17068232 8
17065632 8
17065872 8
17066328 8
17065640 8
17065792 8
17065984 8
17065856 8
17048336 8
17079872 8
17066296 8
17063032 8
17081064 8
17041584 8
17049600 8
17067808 8
17066048 8
17066040 8
17066112 8
17082864 8
17064360 8
17065832 8
17052032 8
17065616 8
17042848 8
17066168 8
17065712 8
17070720 8
17066432 8
17057248 8
17066000 8
17066416 8
17061408 8
17065704 8
17084368 8
17056456 8
17065960 8
17066256 8
17058272 8
17079720 8
17066320 8
17066352 8
17065912 8
17065848 8
17066248 8
17048304 8
17065624 8
17062392 8
17062080 8
17051760 8
17055576 8
17065976 8
17065728 8
17065680 8
17066288 8
17047816 8
17066072 8
17041720 8
17066128 8
17084608 8
17065648 8
17066160 8
17065920 8
16845840 8
16849032 8
16849040 8
17064752 8
17065168 8
17064720 8
17047024 8
17065528 8
17064792 8
17065336 8
17065424 8
17065472 8
17064824 8
17064704 8
17047472 8
17065008 8
17065456 8
17083880 8
17065936 8
17065232 8
17065520 8
17043920 8
17065408 8
17065024 8
17064848 8
17065376 8
17064904 8
17059008 8
17065360 8
17064936 8
17059712 8
17065584 8
17065560 8
17065064 8
17064888 8
17065296 8
17072816 8
17054576 8
17065568 8
17065104 8
17065128 8
17064872 8
17065056 8
17065040 8
17065496 8
17065488 8
17057520 8
17065464 8
17065032 8
17072656 8
17064736 8
17065160 8
17044448 8
17076376 8
17064760 8
17077936 8
17042320 8
17064960 8
17062560 8
17064952 8
17048760 8
17064784 8
17062528 8
17065256 8
17059480 8
17042672 8
17064912 8
17064968 8
17064768 8
17061952 8
17065544 8
17058312 8
17065352 8
17059376 8
17062712 8
17065536 8
17065264 8
17064976 8
17043808 8
17064832 8
17065504 8
17064864 8
17065144 8
17082128 8
17065272 8
17065392 8
17064984 8
17064808 8
17044360 8
17065552 8
17078368 8
17065576 8
17045112 8
17064992 8
17065248 8
17065224 8
17065208 8
17065312 8
17065304 8
17065136 8
17065184 8
17065216 8
17065200 8
17064840 8
17065432 8
17065328 8
17064688 8
17070784 8
17065448 8
17064816 8
17065016 8
17066176 8
17064776 8
17065080 8
17065288 8
17050520 8
16846336 8
17069304 8
17079920 8
17056528 8
17069536 8
17069472 8
17069600 8
17069336 8
17048784 8
17066208 8
17048592 8
17076016 8
17069400 8
17069808 8
17046984 8
17069584 8
17069912 8
17069752 8
17059352 8
17069128 8
17069760 8
17069456 8
17043104 8
17069264 8
17069640 8
17069424 8
17069688 8
17045936 8
17044184 8
17069376 8
17069560 8
17069200 8
17069136 8
17043040 8
17069368 8
17071056 8
17069552 8
17069520 8
17069352 8
17066944 8
17069512 8
17069568 8
17074136 8
17069160 8
17069680 8
17078320 8
17069704 8
17069832 8
17069168 8
17069192 8
17069176 8
17062720 8
17069904 8
17052648 8
17083216 8
17069896 8
17077344 8
17053328 8
17077952 8
17079936 8
17048176 8
17069152 8
17069416 8
17069816 8
17069232 8
17043536 8
17080712 8
17059728 8
17079784 8
17069544 8
17069792 8
17069504 8
17069256 8
17069432 8
17069848 8
17069664 8
17069272 8
17059232 8
17069880 8
17075584 8
17069672 8
17069576 8
17069592 8
17069464 8
17069488 8
17069320 8
17069632 8
17074864 8
17069448 8
17046280 8
17051544 8
17069344 8
17069872 8
17048888 8
17069888 8
17069248 8
17063016 8
17069496 8
17069768 8
17069840 8
16846064 8
17071040 8
17071136 8
17070360 8
17049800 8
17075392 8
17071544 8
17059368 8
17084176 8
17071208 8
17071376 8
17078912 8
17071008 8
17071512 8
17071424 8
17069144 8
17071416 8
17044392 8
17071000 8
17071088 8
17042520 8
17071216 8
17071592 8
17071392 8
17047240 8
17071616 8
17071552 8
17071600 8
17057176 8
17071568 8
17070912 8
17071104 8
17050216 8
17071192 8
17070856 8
17045304 8
17071576 8
17071632 8
17083456 8
17071456 8
17059112 8
17070920 8
17070944 8
17071288 8
17055136 8
17067664 8
17071048 8
17071400 8
17077560 8
17071336 8
17079800 8
17047648 8
17071176 8
17070928 8
17071584 8
17071488 8
17078816 8
17053440 8
17070960 8
17071480 8
17050056 8
17070904 8
17056248 8
17078744 8
17071272 8
17057264 8
17071608 8
17043800 8
17056040 8
17071256 8
17071352 8
17077624 8
17070880 8
17071120 8
17070936 8
17071464 8
17082544 8
17071640 8
17071248 8
17071496 8
17071312 8
17071032 8
17060120 8
17070976 8
17071232 8
17080928 8
17078648 8
17071344 8
17071152 8
17046688 8
17071128 8
17071080 8
17051952 8
17068576 8
17071200 8
17071160 8
17071408 8
17051624 8
17071320 8
17071296 8
17071144 8
17071112 8
16846072 8
17069048 8
17068448 8
17068440 8
17068552 8
17084448 8
17047664 8
17056856 8
17076816 8
17068592 8
17069008 8
17068984 8
17068520 8
17068904 8
17068888 8
17068784 8
17068808 8
17069120 8
17068736 8
17068664 8
17068672 8
17069016 8
17068768 8
17083936 8
17068536 8
17068928 8
17068960 8
17069064 8
17069072 8
17070872 8
17067088 8
17066912 8
17068936 8
17068568 8
17066600 8
17068680 8
17068640 8
17048392 8
17068584 8
17068912 8
17068464 8
17069040 8
17052608 8
17068864 8
17068920 8
17068632 8
17068840 8
17069024 8
17068432 8
17068480 8
17068424 8
17068608 8
17068472 8
17068544 8
17070344 8
17068896 8
17060920 8
17068952 8
17068656 8
17068688 8
17068880 8
17069032 8
17068408 8
17064224 8
17068512 8
17068752 8
17068712 8
17060712 8
17060160 8
17084320 8
17074544 8
17069000 8
17068528 8
17068096 8
17060520 8
17074688 8
17058000 8
17068968 8
17068848 8
17068496 8
17045968 8
17068488 8
17068824 8
17042568 8
17069080 8
17068800 8
17068416 8
17045904 8
17061056 8
17068744 8
17049856 8
16846800 8
17072560 8
17072992 8
17053640 8
17081544 8
17079088 8
17073096 8
17072744 8
17049704 8
17073064 8
17058968 8
17072584 8
17072888 8
17072896 8
17072848 8
17072704 8
17072912 8
17072960 8
17082000 8
17047280 8
17072688 8
17063896 8
17073032 8
17053624 8
17071800 8
17072736 8
17072680 8
17072672 8
17072592 8
17061688 8
17072976 8
17072808 8
17047176 8
17073048 8
17084208 8
17073136 8
17054920 8
17072552 8
17073080 8
17046072 8
17072968 8
17081864 8
17064672 8
17072600 8
17070216 8
17053920 8
17072936 8
17046544 8
17072664 8
17072880 8
17073496 8
17073072 8
17044560 8
17072760 8
17072064 8
17077008 8
17079384 8
17048056 8
17072576 8
17081392 8
17072752 8
17072712 8
17072536 8
17073176 8
17072520 8
17073088 8
17072768 8
17073016 8
17073168 8
17072952 8
17068560 8
17044800 8
17072864 8
17073144 8
17080400 8
17073120 8
17072696 8
17072616 8
17072856 8
17072904 8
17072504 8
17073112 8
17044712 8
17072512 8
17072920 8
17072944 8
17072776 8
17072608 8
17076168 8
16845408 8
16849136 8
16849144 8
17067912 8
17067976 8
17067672 8
17041704 8
17068280 8
17047264 8
17067776 8
17068328 8
17067696 8
17073712 8
17060824 8
17070776 8
17067736 8
17067496 8
17074440 8
17047208 8
17050328 8
17067864 8
17068104 8
17063480 8
17067896 8
17075376 8
17068072 8
17068024 8
17042192 8
17068856 8
17080808 8
17067824 8
17067640 8
17055704 8
17068168 8
17053264 8
17067784 8
17068000 8
17056792 8
17068064 8
17043992 8
17077392 8
17067904 8
17058352 8
17068320 8
17072360 8
17067616 8
17067952 8
17067656 8
17056768 8
17067480 8
17041880 8
17075760 8
17067584 8
17074104 8
17054496 8
17074424 8
17074728 8
17067920 8
17067576 8
17055600 8
17068384 8
17058336 8
17067760 8
17067632 8
17067720 8
17068208 8
17067816 8
17067560 8
17081792 8
17068088 8
17068344 8
17068120 8
17068224 8
17067992 8
17067544 8
17068360 8
17068192 8
17068008 8
17068216 8
17078664 8
17067504 8
17067568 8
17068152 8
17067768 8
17067528 8
17076912 8
17052232 8
17068048 8
17079104 8
17047152 8
17056624 8
17067648 8
17067512 8
17068336 8
17068256 8
17067936 8
17068176 8
17056376 8
17066456 8
17044608 8
17066056 8
17067744 8
17067712 8
17067944 8
17068376 8
17057728 8
17080560 8
17070608 8
17068200 8
17068080 8
17067928 8
17067592 8
17067832 8
17067880 8
17067608 8
17064104 8
17068160 8
17067552 8
17068352 8
17068032 8
17068040 8
17056240 8
17067472 8
17048256 8
16846176 8
16849208 8
16849216 8
17070688 8
17070184 8
17071328 8
17070232 8
17070032 8
17070096 8
17044728 8
17070064 8
17070736 8
17070808 8
17067752 8
17069992 8
17070128 8
17070024 8
17070312 8
17070624 8
17069984 8
17065088 8
17077736 8
17070088 8
17070112 8
17070080 8
17070712 8
17070240 8
17070224 8
17070264 8
17070824 8
17070656 8
17049152 8
17070384 8
17051584 8
17069952 8
17068392 8
17081720 8
17073152 8
17070536 8
17070288 8
17070200 8
17070552 8
17070584 8
17070304 8
17077424 8
17070768 8
17070544 8
17070296 8
17070280 8
17050360 8
17070448 8
17062056 8
17070632 8
17049040 8
17070192 8
17049416 8
17043328 8
17070440 8
17070560 8
17070752 8
17070520 8
17070464 8
17069976 8
17066488 8
17070600 8
17070056 8
17055736 8
17058920 8
17070256 8
17069944 8
17070368 8
17070000 8
17070248 8
17067136 8
17070008 8
17070728 8
17070328 8
17069936 8
17069960 8
17070120 8
17070416 8
17070680 8
17070496 8
17070352 8
17070664 8
17070152 8
17047368 8
17070072 8
17063048 8
17050656 8
17074128 8
17070592 8
17070816 8
17061904 8
17070792 8
17070160 8
17075320 8
17070528 8
17070408 8
17051392 8
17070424 8
17048344 8
17073640 8
17070040 8
17069920 8
17070832 8
17070640 8
17066832 8
17070672 8
17070144 8
17076456 8
17070472 8
17070744 8
17066152 8
17042632 8
17070704 8
17070488 8
17063936 8
17073744 8
16846264 8
16849392 8
17073856 8
17073848 8
17073888 8
17050112 8
16849400 8
17073864 8
16849488 8
17074024 8
16849416 8
17073896 8
16849632 8
17078512 8
16849480 8
17074008 8
17073880 8
16849456 8
17073976 8
16846272 8
16849424 8
17073928 8
16846280 8
17042960 8
16849432 8
17073944 8
16849448 8
17073968 8
16847160 8
17046128 8
16849408 8
17073872 8
16849640 8
17078608 8
16849464 8
17073984 8
16848272 8
17051792 8
16849440 8
17073960 8
16847944 8
17048720 8
16849472 8
17074000 8
17073840 8
16849088 8
17066672 8
16849312 8
17084200 8
17073368 8
17073384 8
17073360 8
17073736 8
16847328 8
16847336 8
16849296 8
17073336 8
17046656 8
16849240 8
17071760 8
17073832 8
17073824 8
17073816 8
17073768 8
17073808 8
17073792 8
17073784 8
17073760 8
17073776 8
17073752 8
16849304 8
17073352 8
16846568 8
16849344 8
17073584 8
17073664 8
17073608 8
17058104 8
21039560 8
21506424 8
16849176 8
17070272 8
16849368 8
17073688 8
16849616 8
17077824 8
16849352 8
17073592 8
16849384 8
17073720 8
16848600 8
17056800 8
17073600 8
16848448 8
17054096 8
16849584 8
17077360 8
16849376 8
17073704 8
16849336 8
17073552 8
16849688 8
17079640 8
16848824 8
17061888 8
16849328 8
17073544 8
16849360 8
17073656 8
16848096 8
17049944 8
16846576 8
17044064 8
17073512 8
17073456 8
17073392 8
17073520 8
17073936 8
17049088 8
17073424 8
17073448 8
17073464 8
17073528 8
17073480 8
17072632 8
17073432 8
17073488 8
17073408 8
17073504 8
17073472 8
17073400 8
16848576 8
17056152 8
16849648 8
17078672 8
17060200 8
16849512 8
17074536 8
16845080 8
16849504 8
17074112 8
16845776 8
17061968 8
17065280 8
16847144 8
17061504 8
17061520 8
17061512 8
17045952 8
17061096 8
17064664 8
17061448 8
17061992 8
17061928 8
17061832 8
17061472 8
17056896 8
17043760 8
17061152 8
17050960 8
17061824 8
17061112 8
17061464 8
17061608 8
17061584 8
17061848 8
16845784 8
17061080 8
17068696 8
17060960 8
17052088 8
17060992 8
17061008 8
17062176 8
17082824 8
17060936 8
16845792 8
17042240 8
17068816 8
17061064 8
17060944 8
17044344 8
17060952 8
17082928 8
17061000 8
17061016 8
17060976 8
17077272 8
17058896 8
17061040 8
17060968 8
17060912 8
17057304 8
17061552 8
17061136 8
17047632 8
17061640 8
17061544 8
17083912 8
17061976 8
17074064 8
17057584 8
17061488 8
17061960 8
16847560 8
17084544 8
17058688 8
17061752 8
17061712 8
17061664 8
17061736 8
17061696 8
17061744 8
17061680 8
17061720 8
17047384 8
17074376 8
17061576 8
17058848 8
17042480 8
17061416 8
17061760 8
17061424 8
17061920 8
17061456 8
17066184 8
16848496 8
17062032 8
17064408 8
17062016 8
17062048 8
17062008 8
17072152 8
17069968 8
17062040 8
17062064 8
17062000 8
17055064 8
17069096 8
17061592 8
16848808 8
17061528 8
17046632 8
17078440 8
17061480 8
17063680 8
17061384 8
17047136 8
17061160 8
17061816 8
17051680 8
17065800 8
17052104 8
16846464 8
17061360 8
17061192 8
17084568 8
17061280 8
17079536 8
17061304 8
17079344 8
17061272 8
17043712 8
17078360 8
17061176 8
17061264 8
17061208 8
17082752 8
17078024 8
16848104 8
17049968 8
17061248 8
17061232 8
17060176 8
17061288 8
17059592 8
16848776 8
17061168 8
17059208 8
17061328 8
17061352 8
17081456 8
17043880 8
17061896 8
17061568 8
17048600 8
17061872 8
17061104 8
17051456 8
16848608 8
17061800 8
17061768 8
17061784 8
17080240 8
17061808 8
17057312 8
17061144 8
17061128 8
17053480 8
17061400 8
16845096 8
17050640 8
17050768 8
17051296 8
17050840 8
17047920 8
17045672 8
17050760 8
17062336 8
17053224 8
17050856 8
17074960 8
17071264 8
17050792 8
17051208 8
17050816 8
17051192 8
17051248 8
17084312 8
17044488 8
17050744 8
17051256 8
17050784 8
17080984 8
17051280 8
17045256 8
17050824 8
17050808 8
17051264 8
17051288 8
17050864 8
17050800 8
16845104 8
17063008 8
17050936 8
17051064 8
17051104 8
17051136 8
17051176 8
17050976 8
17050944 8
17049472 8
17057872 8
17050904 8
17051168 8
17051032 8
17051184 8
17050928 8
17079224 8
17051072 8
17048264 8
17041448 8
17051016 8
17051056 8
17051096 8
17050880 8
17051024 8
17050912 8
17051120 8
17049128 8
17051112 8
17050896 8
17051160 8
17079840 8
17075208 8
17050968 8
17051128 8
17050920 8
17050992 8
17060568 8
17050984 8
17050952 8
17050848 8
17057368 8
17062992 8
17050712 8
17051216 8
17050736 8
16848200 8
17076304 8
16848208 8
17051376 8
17081568 8
17058400 8
17051336 8
17051328 8
17051368 8
17051312 8
17051360 8
17051352 8
16846448 8
17051896 8
17051776 8
17052352 8
17051592 8
17052200 8
17051536 8
17051784 8
17046152 8
17051432 8
17052296 8
17052464 8
17078552 8
17052072 8
17079864 8
17070616 8
17051880 8
17051528 8
17051768 8
17070048 8
17071504 8
17052184 8
17059248 8
17046032 8
17052256 8
17051912 8
17051416 8
17051752 8
17051664 8
17054208 8
17051600 8
17051928 8
17054448 8
17060208 8
17063624 8
17079240 8
17052240 8
17051808 8
17051568 8
17076648 8
17051856 8
17055824 8
17054952 8
17052432 8
17052368 8
17052080 8
17082784 8
17051440 8
17051728 8
17052208 8
17065736 8
17048672 8
17051904 8
17048608 8
17052344 8
17051560 8
17069328 8
17052144 8
17051712 8
17081376 8
17052016 8
17051408 8
17074120 8
17051984 8
17060400 8
17043496 8
17077992 8
17052488 8
17051744 8
17049368 8
17051832 8
17079968 8
17081320 8
17061600 8
17052304 8
17055744 8
17051640 8
17051920 8
17051888 8
17051976 8
17052424 8
17073952 8
17051632 8
17082088 8
17051464 8
17053576 8
17073560 8
17082880 8
17052248 8
17052048 8
17051848 8
17057848 8
17051968 8
17052040 8
17080104 8
17051840 8
17051672 8
17051496 8
17048048 8
17052376 8
17052112 8
17051960 8
17052056 8
17052272 8
17061776 8
17052360 8
17052216 8
17052152 8
17049760 8
17052176 8
17051992 8
17051816 8
17064552 8
17052392 8
17051736 8
17044024 8
17052120 8
17046584 8
17065320 8
17074672 8
17052384 8
17049104 8
17052400 8
17051824 8
17051400 8
17051656 8
17067968 8
17061024 8
17051696 8
17052328 8
17069208 8
17052024 8
17051448 8
17052472 8
17051424 8
17049264 8
17057632 8
17051504 8
17051552 8
17053448 8
16845136 8
17049824 8
17066496 8
17072928 8
17074768 8
17074856 8
17075848 8
17049888 8
17061440 8
17058912 8
17055784 8
17058592 8
17050264 8
17050336 8
17070480 8
17081360 8
17050432 8
17049920 8
17044144 8
17049904 8
17050352 8
17041488 8
17049880 8
17061392 8
17049736 8
17041912 8
17049776 8
17050296 8
17049872 8
17079112 8
17050192 8
17051488 8
17049696 8
17050568 8
17049680 8
17050408 8
17050400 8
17049688 8
17050368 8
17049720 8
17074392 8
17080568 8
17050176 8
17082944 8
17050248 8
17044776 8
17050480 8
17050552 8
16845152 8
17049976 8
17083064 8
17041504 8
17054768 8
17050128 8
17073904 8
17050064 8
17050024 8
17050088 8
17066104 8
17050048 8
17050040 8
17050072 8
17061240 8
17050008 8
17049984 8
17050120 8
17049936 8
17050136 8
17049992 8
17050096 8
17056344 8
17050144 8
17073680 8
17050000 8
17050104 8
17048904 8
17050160 8
17049960 8
17050448 8
16847800 8
17050528 8
17068456 8
17048080 8
17050488 8
17064896 8
17050512 8
17050536 8
17049648 8
17053432 8
17050424 8
17050208 8
17049816 8
17050464 8
17050472 8
17049840 8
17049864 8
17071016 8
17050560 8
17050200 8
17049728 8
17053544 8
17083152 8
17049784 8
17050304 8
17071536 8
17050240 8
17049744 8
17050224 8
17049912 8
17049928 8
17050392 8
17050456 8
17050320 8
17078432 8
17050280 8
17049656 8
17077696 8
17050384 8
17050272 8
16845560 8
16845976 8
17060304 8
17062944 8
17060376 8
17060240 8
17060368 8
17052312 8
17060256 8
17042432 8
17083016 8
17082664 8
17081240 8
17044296 8
17080640 8
17060336 8
17060360 8
17060312 8
17060296 8
17060288 8
17060248 8
17060320 8
17060344 8
17060392 8
17060408 8
16846408 8
17047960 8
17059560 8
17059528 8
17059464 8
17059544 8
17059584 8
17059824 8
17059808 8
17059784 8
17059512 8
17059568 8
17069280 8
17059832 8
17059448 8
17074624 8
17059776 8
17059664 8
17059440 8
17059840 8
17059616 8
16848728 8
17065416 8
17059688 8
17059720 8
17059704 8
17066824 8
17059640 8
17059648 8
17059768 8
17055216 8
17059792 8
17059624 8
17059552 8
17082016 8
17061312 8
17059744 8
17059536 8
17059432 8
17059520 8
17059656 8
17059800 8
17043144 8
17083424 8
17043832 8
17060352 8
17065120 8
17059600 8
17059472 8
17059680 8
17059608 8
17059816 8
17059736 8
17083976 8
16845568 8
17082552 8
16845576 8
17042000 8
17060072 8
17054864 8
16846904 8
17059280 8
17044768 8
17059304 8
17078000 8
17059328 8
17059192 8
17059168 8
17069800 8
17059256 8
17069624 8
17059176 8
17059200 8
17061344 8
17059216 8
17059240 8
17076720 8
17059320 8
17058440 8
17059152 8
17083808 8
17059312 8
17059336 8
17059224 8
17047232 8
17059288 8
17059272 8
16845688 8
17065000 8
17059384 8
17042176 8
17050704 8
17056952 8
17073160 8
16848680 8
17059944 8
17058776 8
16848120 8
17064696 8
17062160 8
17059096 8
17059104 8
17058936 8
17058888 8
17071072 8
17059064 8
17058880 8
17059016 8
17050184 8
17059024 8
17059056 8
17064944 8
17074152 8
17071432 8
17071696 8
17070432 8
17081024 8
17077352 8
17059672 8
17058984 8
17059000 8
17067848 8
17059032 8
17084592 8
17059072 8
17058992 8
17059048 8
17058928 8
17066640 8
16845664 8
17059856 8
17059864 8
16845672 8
17048216 8
17059888 8
17042144 8
17060192 8
17059896 8
17082744 8
17059904 8
17059872 8
17059880 8
17059848 8
16847896 8
17059424 8
17048464 8
17055224 8
16848744 8
17060416 8
17060424 8
17060432 8
16848512 8
17060184 8
17060224 8
17060216 8
17060136 8
17060096 8
17061296 8
17059936 8
17071368 8
17068720 8
17057928 8
17060152 8
17055296 8
17062312 8
17060128 8
17081192 8
17056320 8
17060144 8
17082360 8
16848712 8
17059120 8
16848720 8
17059136 8
17059144 8
17059128 8
16846960 8
17059976 8
17060040 8
17060024 8
17045040 8
17059992 8
17059960 8
17059984 8
17059968 8
17048920 8
17060032 8
17060048 8
17060008 8
16847152 8
17060784 8
17062744 8
17060704 8
17060888 8
17060632 8
17060584 8
17060600 8
17060768 8
17046088 8
17060896 8
17060744 8
17060544 8
17067872 8
17060840 8
17060536 8
17060576 8
17068504 8
17050496 8
17050888 8
17062888 8
16848752 8
17060512 8
17060528 8
17060504 8
17060488 8
17068624 8
17062736 8
17060560 8
17060440 8
17060880 8
17060800 8
17060776 8
17060480 8
17060736 8
17060760 8
17060608 8
17060816 8
17060848 8
17060680 8
17060720 8
17060624 8
17060592 8
17080264 8
17060808 8
17060856 8
17060640 8
17060872 8
17060552 8
17057800 8
17060648 8
17060672 8
17060696 8
17060656 8
17060456 8
17053688 8
17060688 8
17060464 8
17080208 8
17060864 8
16848648 8
16845088 8
16848384 8
16849288 8
16848544 8
16849048 8
16848392 8
16848656 8
16848504 8
16848640 8
17057904 8
17056184 8
17058568 8
17057288 8
17055888 8
17054232 8
17056888 8
17052904 8
17042264 8
17054992 8
17078592 8
17055368 8
17054504 8
17056336 8
17059952 8
17056120 8
17057648 8
17056208 8
17057552 8
17042928 8
17058144 8
17076280 8
17056512 8
17055976 8
17045536 8
17082840 8
17041464 8
17056224 8
17056416 8
17058376 8
17053656 8
17057408 8
17054176 8
17058656 8
17062624 8
17072784 8
17053600 8
17056720 8
17056232 8
17055536 8
17081104 8
17052536 8
17055192 8
17054872 8
17058800 8
17048752 8
17053752 8
17062864 8
17057352 8
17058856 8
17054104 8
17048736 8
17054640 8
17054184 8
17058320 8
17044232 8
17053368 8
17083176 8
17053832 8
17058008 8
17053704 8
17057472 8
17053488 8
17042088 8
17053376 8
17056608 8
17054072 8
17082960 8
17057744 8
17053720 8
17053864 8
17070176 8
17045472 8
17054896 8
17058816 8
17052576 8
17057712 8
17053016 8
17053320 8
17062544 8
17058672 8
17060112 8
17057224 8
17056552 8
17044744 8
17055200 8
17054512 8
17053512 8
17054784 8
17081400 8
17057136 8
17056784 8
17057808 8
17057232 8
17056280 8
17052928 8
17055024 8
17055424 8
17055104 8
17071736 8
17053824 8
17056712 8
17055152 8
17056560 8
17054608 8
17055456 8
17055928 8
17053096 8
17054280 8
17058752 8
17055416 8
17078840 8
17057360 8
17057208 8
17071624 8
17053976 8
17058416 8
17058208 8
17079248 8
17055008 8
17055952 8
17054616 8
17053160 8
17053216 8
17057488 8
17053664 8
17064608 8
17064472 8
17058384 8
17055608 8
17064528 8
17075360 8
17054792 8
17056080 8
17058472 8
17057936 8
17053928 8
17079896 8
17069728 8
17054392 8
17057032 8
17053064 8
17073312 8
17055280 8
17058424 8
17055656 8
17054944 8
17044216 8
17056664 8
17053848 8
17066216 8
17047272 8
17046872 8
17055184 8
17053816 8
17059576 8
17056360 8
17057664 8
17058016 8
17066336 8
17051480 8
17054832 8
17056008 8
17058640 8
17057952 8
17042528 8
17055864 8
17075328 8
17054136 8
17056832 8
17055328 8
17052944 8
17053696 8
17077408 8
17054264 8
17043648 8
17053184 8
17076992 8
17056352 8
17053288 8
17058216 8
17052288 8
17054960 8
17083632 8
17083360 8
17057840 8
17058040 8
17052920 8
17053792 8
17054800 8
17077664 8
17055304 8
17054976 8
17055848 8
17054656 8
17068136 8
17058480 8
17056296 8
17057792 8
17062072 8
17054736 8
17067384 8
17055000 8
17061560 8
17066480 8
17056440 8
17075248 8
17073008 8
17058088 8
17077128 8
17075920 8
17057920 8
17053144 8
17073200 8
17061704 8
17052128 8
17057480 8
17049952 8
17068704 8
17057464 8
17058528 8
17043208 8
17056168 8
17070952 8
17055208 8
17053496 8
17083744 8
17058024 8
17049808 8
17056840 8
17050696 8
17061656 8
16845808 8
17051648 8
17053464 8
17042256 8
17071304 8
17050168 8
17042504 8
17076208 8
17041840 8
17062776 8
17058200 8
17057192 8
17075472 8
17055544 8
17056136 8
17053944 8
17057240 8
17053336 8
17044912 8
17055072 8
17042200 8
17055040 8
17056736 8
17057200 8
17045320 8
17053584 8
17057216 8
17061856 8
17069656 8
17056408 8
17053528 8
17056600 8
17056480 8
17057296 8
17054624 8
17053936 8
17054928 8
17076192 8
17056072 8
17056520 8
17057160 8
17055880 8
17048856 8
17058744 8
17064392 8
17058464 8
17064856 8
17058648 8
17045664 8
17053408 8
17063080 8
17072648 8
17051800 8
17057320 8
17053784 8
17053088 8
17058632 8
17058720 8
17054376 8
17053984 8
17056464 8
17056104 8
17054320 8
17054368 8
17067288 8
17056968 8
17054000 8
17061672 8
17058736 8
17070992 8
17044056 8
17067624 8
17071384 8
17056816 8
17053616 8
17072984 8
17053912 8
17058224 8
17053728 8
17057256 8
17049848 8
17055840 8
17049768 8
17072248 8
17052968 8
17081424 8
17060616 8
17055400 8
17053568 8
17075072 8
17079464 8
17056960 8
17060088 8
17058128 8
17073696 8
17053080 8
17053120 8
17055496 8
17051320 8
17054968 8
17055408 8
17050688 8
17055056 8
17054848 8
17056216 8
17055112 8
17056392 8
17041440 8
17056096 8
17067680 8
17053808 8
17049536 8
17053296 8
17046008 8
17055144 8
17054400 8
17056696 8
17056384 8
17058544 8
17053112 8
17055992 8
17055984 8
17054544 8
17055616 8
17055088 8
17076392 8
17083400 8
17057328 8
17060104 8
17057056 8
17057696 8
17055344 8
17055920 8
17072304 8
17069744 8
17081832 8
17053056 8
17075632 8
17064040 8
17054840 8
17054480 8
17060064 8
17054064 8
17054744 8
17054168 8
17057416 8
17052992 8
17055080 8
17074144 8
17052912 8
17054856 8
17071064 8
17057968 8
17054160 8
17054144 8
17054776 8
17055640 8
17044304 8
17055816 8
17043584 8
17084112 8
17080064 8
17058824 8
17057392 8
17080800 8
17053072 8
17054112 8
17056048 8
17056032 8
17054472 8
17057536 8
17054008 8
17052976 8
17056112 8
17074976 8
17074464 8
17055632 8
17057672 8
17055336 8
17053344 8
17073632 8
17053248 8
17053352 8
17080976 8
17041736 8
17073624 8
17077968 8
17080592 8
17056304 8
17071720 8
17062688 8
17079664 8
17082512 8
17056160 8
17055936 8
17083616 8
17058160 8
17054248 8
17058808 8
17071472 8
17058432 8
17054384 8
17054936 8
17053208 8
17054336 8
17055896 8
17056192 8
17054272 8
17058112 8
17057048 8
17055160 8
17058192 8
17059416 8
17054224 8
17053768 8
17055560 8
17055288 8
17058832 8
17064656 8
17053992 8
17056928 8
17058264 8
17057024 8
17057816 8
17058048 8
17050344 8
17057336 8
17057616 8
17076552 8
17056992 8
17063152 8
17058304 8
17056920 8
17053592 8
17063592 8
17055016 8
17058080 8
17054560 8
17058152 8
17058520 8
17046256 8
17057656 8
17055232 8
17054088 8
17048232 8
17055872 8
17056400 8
17058368 8
17049632 8
17053040 8
17043216 8
16848160 8
17055776 8
17055768 8
17055760 8
17051520 8
17068304 8
17055728 8
17055752 8
17070456 8
17055712 8
17055696 8
17055720 8
17055680 8
17050648 8
17053200 8
17053168 8
17057768 8
17057560 8
17074432 8
17061624 8
17058176 8
17054680 8
17054424 8
17077880 8
17053904 8
17057280 8
17067032 8
17056544 8
17055648 8
17053400 8
17057344 8
17058408 8
17054664 8
17058328 8
17083712 8
17057384 8
17057440 8
17053312 8
17054048 8
17057272 8
17056632 8
17058712 8
17055264 8
17052512 8
17058576 8
17057976 8
17053000 8
17056592 8
17081512 8
17054528 8
17057512 8
17057888 8
17053952 8
17084376 8
17067456 8
17072208 8
17057864 8
17053232 8
17053256 8
17054520 8
17077088 8
17057088 8
17055096 8
17056432 8
17076232 8
17052520 8
17052816 8
17047640 8
17054288 8
17065776 8
17044696 8
17055504 8
17053104 8
17055384 8
17076200 8
17057112 8
17057776 8
17078296 8
17083920 8
17056808 8
17055664 8
17059392 8
17067464 8
17054648 8
17056424 8
17058120 8
17046304 8
17045632 8
17057824 8
17057400 8
17058864 8
17063952 8
17045400 8
17083296 8
17054304 8
17057528 8
17058488 8
17058624 8
17057016 8
17044440 8
17055592 8
17057992 8
17081408 8
17057144 8
17041544 8
17053520 8
17053504 8
17054696 8
17067888 8
17056776 8
17055968 8
17073328 8
17067008 8
17057944 8
17077784 8
17065072 8
17056272 8
17053896 8
17058168 8
17068648 8
17052960 8
17053880 8
17053008 8
17055272 8
17064920 8
17054352 8
17053776 8
17041928 8
17056744 8
17057856 8
17053024 8
17057912 8
17058792 8
17058056 8
17054880 8
17075264 8
17054584 8
17057624 8
17056312 8
17054632 8
17057496 8
17077592 8
17053672 8
17057104 8
17084216 8
17079472 8
17054216 8
17058096 8
17056880 8
17082464 8
17057376 8
17055032 8
17042864 8
17055960 8
17054688 8
17053032 8
17056576 8
17058536 8
17058288 8
17058552 8
17057752 8
17055672 8
17054592 8
17053800 8
17082936 8
17044192 8
17059752 8
17084520 8
17084360 8
17058360 8
17058784 8
17057568 8
17057592 8
17055832 8
17063512 8
17067792 8
17077984 8
17053840 8
17055488 8
17057680 8
17067984 8
17058448 8
17055464 8
17049048 8
17059344 8
17068128 8
17082776 8
17054432 8
17053736 8
17056680 8
17054296 8
17052984 8
17057096 8
17047672 8
17058232 8
17053552 8
17046824 8
17054016 8
17055360 8
17043720 8
17042592 8
17057456 8
17054888 8
17058840 8
17053560 8
17058280 8
17057040 8
17079496 8
17053280 8
17054360 8
17054912 8
17056288 8
17054712 8
17054536 8
17061536 8
17055440 8
17045600 8
17056016 8
17056496 8
17067536 8
17056728 8
17077224 8
17062024 8
17063288 8
17064000 8
17057184 8
17057072 8
17055904 8
17071184 8
17054032 8
17055320 8
17053128 8
17042944 8
17081072 8
17074712 8
17055312 8
17055376 8
17063840 8
17058680 8
17058136 8
17056256 8
17054328 8
17054568 8
17058768 8
17056472 8
17056616 8
17057984 8
17055448 8
17074216 8
17058504 8
17068016 8
17056936 8
17055176 8
17057424 8
17054464 8
17053176 8
17053360 8
17058296 8
17054984 8
17044888 8
17057640 8
17055800 8
17054904 8
17057832 8
17054128 8
16846512 8
17062280 8
17062968 8
17062504 8
17054344 8
17060832 8
17081872 8
17068600 8
17082480 8
17062368 8
17044616 8
17062856 8
17062904 8
17064352 8
17062432 8
17062480 8
17062664 8
17060496 8
17065992 8
17062360 8
17065512 8
17062912 8
17062536 8
17062584 8
17062376 8
17062872 8
17062648 8
17062448 8
17056984 8
16847696 8
17062792 8
17062800 8
17054760 8
17047744 8
17062784 8
17062768 8
17077728 8
17075520 8
17062936 8
17047096 8
17050776 8
17081256 8
17062608 8
17062416 8
17062512 8
17062592 8
17062552 8
17079816 8
16848192 8
17060168 8
17062296 8
17073288 8
17062320 8
17062328 8
17062304 8
17062288 8
17060728 8
17051232 8
17062576 8
17052856 8
17063688 8
17062632 8
17062952 8
17062496 8
17062424 8
17083000 8
17062400 8
17062464 8
16848616 8
17062696 8
17062704 8
17080392 8
17062680 8
17069712 8
17057576 8
17044072 8
17062440 8
17062472 8
17081656 8
17062976 8
17060264 8
17062832 8
17062656 8
17083648 8
17062264 8
17062920 8
17062600 8
17083240 8
17062840 8
17045576 8
17080472 8
17062256 8
17083944 8
17043872 8
17062568 8
17062824 8
17075664 8
17044792 8
17062760 8
16847688 8
17052784 8
17052832 8
17052864 8
17052720 8
17052504 8
17052736 8
17064048 8
17068832 8
17052872 8
17058184 8
17052560 8
17052672 8
17047712 8
17052776 8
17052616 8
17052656 8
17075056 8
17052808 8
17052552 8
17062928 8
17071872 8
17052568 8
17048680 8
17053680 8
17052600 8
17052792 8
17069480 8
17052624 8
17052840 8
17052824 8
17056328 8
17052768 8
17052544 8
17052800 8
17069240 8
17052752 8
17052584 8
17055856 8
17052680 8
17052744 8
17052848 8
17052696 8
17048400 8
17052896 8
17057600 8
17052688 8
17052728 8
17049072 8
17052632 8
17052496 8
17052880 8
16848696 8
17062152 8
17062088 8
17062192 8
17062096 8
17062136 8
17062120 8
17062168 8
17062112 8
17065192 8
17079232 8
17058944 8
17062184 8
17079528 8
17062128 8
16848152 8
17050624 8
17052408 8
17050832 8
17050608 8
17050632 8
17079432 8
17050616 8
17050584 8
17050672 8
17055120 8
17050664 8
17057896 8
17072792 8
17050576 8
17050680 8
16848832 8
17062200 8
17062208 8
17062224 8
17062216 8
17080480 8
16845496 8
17074264 8
16845504 8
16849256 8
16849264 8
16849272 8
16849280 8
17074520 8
17080296 8
17074528 8
17072624 8
17074504 8
17074512 8
16845512 8
16848080 8
17056200 8
17074448 8
17074480 8
17049664 8
17081744 8
17068248 8
17074472 8
17074384 8
17074400 8
17061728 8
17074408 8
17058512 8
17074456 8
17076936 8
17074368 8
16845520 8
16845528 8
16845536 8
17074344 8
17074328 8
17074312 8
17074304 8
17074320 8
17074352 8
16845544 8
17080840 8
17074280 8
17041920 8
17074272 8
17049400 8
17082384 8
17074256 8
16845256 8
16847536 8
17048640 8
16847920 8
16847928 8
17048632 8
16847544 8
16847552 8
17047336 8
17052096 8
17048664 8
17048648 8
16847936 8
17052640 8
17084392 8
17048696 8
17048688 8
17058064 8
16845896 8
17077872 8
16845904 8
17048960 8
16845912 8
16845920 8
17064560 8
17048928 8
17047912 8
17075944 8
17048912 8
17048936 8
17042376 8
17048952 8
17060000 8
17050016 8
16847256 8
17048992 8
17048976 8
16847264 8
17051944 8
17046472 8
17051144 8
17073440 8
17052760 8
17049064 8
17049120 8
17049056 8
17055472 8
17049112 8
17066016 8
17081648 8
16847992 8
17049136 8
16847976 8
17049008 8
17049000 8
17048984 8
16847984 8
17070800 8
17049016 8
17049032 8
17049024 8
17048872 8
16846440 8
17054080 8
17059040 8
17043488 8
16849184 8
17070376 8
16847960 8
16847968 8
17048768 8
17048824 8
17048744 8
17048832 8
17048792 8
17069408 8
17056904 8
17048840 8
17048808 8
17082416 8
17048800 8
17048776 8
17066544 8
16847952 8
17051008 8
17048728 8
17073920 8
16848008 8
17067176 8
17049248 8
17052456 8
16848024 8
17049240 8
17049160 8
17049272 8
16848016 8
17049232 8
17049192 8
17049224 8
17049176 8
17049184 8
17049200 8
17074416 8
17049208 8
17049256 8
17048712 8
16845720 8
17084432 8
16847664 8
17047600 8
17047616 8
17047608 8
17047592 8
16846816 8
17047536 8
17046608 8
17047584 8
17047568 8
17044576 8
17047576 8
17071824 8
17047528 8
16845728 8
17047624 8
16847672 8
17062808 8
17047728 8
17083856 8
17047720 8
17047696 8
17052704 8
17047688 8
17047736 8
16845736 8
17042216 8
17058496 8
17053744 8
17058256 8
17061984 8
17082232 8
17047680 8
17047512 8
17047504 8
16847472 8
17071240 8
17047160 8
16847480 8
16847496 8
17047192 8
17072800 8
17047184 8
16847504 8
17047200 8
17068264 8
17059296 8
17047224 8
17078624 8
16847488 8
17047168 8
17068240 8
16846296 8
17043024 8
17046728 8
16846304 8
17042992 8
16846320 8
17043016 8
17043008 8
16846312 8
17043000 8
17043392 8
17081736 8
16847824 8
17049344 8
16847832 8
17074232 8
16847840 8
17048296 8
17048496 8
17048480 8
17048488 8
16847888 8
17048448 8
17048456 8
17059408 8
17048472 8
17048424 8
16846760 8
17044504 8
16846776 8
17044528 8
17044536 8
16846768 8
17044520 8
17065816 8
16846784 8
16846792 8
17044552 8
17079600 8
17044496 8
16847568 8
17047448 8
16847608 8
17047440 8
16847616 8
17047424 8
17047432 8
17051080 8
16847576 8
17047408 8
17047400 8
16847624 8
17047464 8
16847632 8
17047496 8
17047480 8
17047488 8
17064728 8
17063744 8
16846384 8
17069616 8
17043096 8
17043112 8
16845384 8
17043744 8
16846496 8
17043784 8
17043792 8
16846488 8
17063968 8
17049712 8
17043776 8
17045832 8
16846472 8
17043736 8
17078584 8
16845392 8
17071224 8
16845400 8
17041688 8
17059760 8
17053872 8
17043856 8
17043824 8
17043840 8
17043848 8
16846504 8
17064928 8
17043816 8
17058560 8
16846712 8
17044432 8
16846728 8
17044464 8
16846720 8
17062104 8
17044456 8
17056368 8
16846736 8
16846752 8
17044480 8
16846744 8
17044472 8
17044424 8
16848040 8
17080192 8
16848048 8
16848056 8
17049296 8
17049304 8
17080904 8
16847512 8
17076824 8
17047256 8
16847520 8
17067960 8
17047288 8
17047296 8
17067216 8
17055688 8
17072264 8
17072728 8
17047248 8
16846560 8
17044224 8
17057736 8
16846592 8
17044088 8
16846584 8
17073416 8
17044080 8
17062488 8
16846616 8
16846624 8
17044128 8
17077104 8
17044136 8
17072840 8
17044112 8
17044120 8
17044104 8
16846632 8
17057152 8
17052320 8
17044168 8
17044160 8
17053608 8
17044176 8
17044152 8
17056656 8
17044208 8
17044048 8
16847400 8
17046864 8
17046856 8
17053648 8
17046848 8
16847848 8
17049392 8
17066264 8
16847856 8
16847864 8
16847872 8
17049336 8
17052336 8
17064216 8
17049384 8
17049376 8
17048432 8
17049360 8
17049328 8
17049312 8
16847280 8
17046576 8
16847288 8
17072392 8
16847656 8
17047560 8
16847296 8
17046592 8
17046600 8
17046568 8
16846520 8
17043936 8
17043968 8
17043960 8
16846552 8
17044000 8
17044016 8
17044040 8
17044008 8
17044032 8
17051608 8
17067440 8
17043984 8
17043976 8
17043888 8
17043896 8
17043944 8
16846528 8
17065112 8
17043912 8
17043904 8
17056640 8
17043928 8
17061336 8
16846328 8
17069312 8
16846352 8
17043056 8
17043064 8
16846344 8
17043048 8
16846360 8
16846376 8
17043088 8
16846368 8
17043072 8
17043080 8
17043032 8
16846032 8
17047392 8
17061616 8
16846040 8
16846048 8
17047376 8
17042488 8
17047352 8
17047360 8
17047344 8
17070512 8
17078464 8
16847712 8
17069184 8
17048520 8
16847904 8
17052280 8
17048536 8
17048560 8
17048576 8
17048552 8
17048568 8
17048544 8
17078568 8
17047760 8
16845584 8
17045328 8
16845592 8
17045336 8
16845600 8
17055248 8
16846656 8
17083248 8
17044280 8
17051304 8
17046048 8
17046064 8
17069224 8
17046096 8
17046104 8
17046040 8
17046112 8
17046080 8
17046312 8
17046024 8
17056848 8
16846480 8
17045712 8
17076144 8
17045824 8
17045704 8
17062880 8
17045776 8
17079672 8
17043752 8
17069296 8
17045720 8
17045848 8
17045688 8
17045864 8
17045816 8
17074680 8
17045768 8
17045648 8
17049832 8
17045792 8
17045808 8
17045872 8
17045800 8
17045896 8
17084616 8
17045656 8
17057608 8
17045880 8
17044928 8
17082256 8
17045928 8
17045760 8
17045960 8
17045744 8
17050720 8
17045728 8
17045888 8
17045920 8
17045944 8
17045696 8
17045840 8
17061496 8
17042016 8
17045992 8
16847192 8
17046480 8
16847200 8
17078792 8
17046408 8
17082984 8
17046336 8
17046368 8
17055168 8
17048352 8
17046384 8
17046448 8
17046392 8
17046344 8
17046376 8
17046328 8
17049096 8
17078080 8
17075712 8
17046440 8
17046400 8
17046432 8
16847048 8
16847072 8
17045456 8
17045496 8
17045504 8
17045424 8
17082048 8
17045448 8
17082376 8
17045488 8
17045416 8
17045464 8
17045520 8
17045512 8
17083776 8
17045432 8
17045368 8
17045352 8
17066096 8
17045392 8
16847056 8
17083640 8
17045376 8
17056912 8
17045360 8
17046160 8
17051616 8
17046168 8
17055552 8
16847168 8
17046200 8
17046216 8
17046224 8
17046232 8
17046192 8
17046184 8
17046208 8
17068776 8
17073232 8
17045976 8
17046016 8
17046136 8
17046320 8
17045984 8
17046488 8
17052008 8
16847272 8
17046560 8
17046528 8
17046504 8
17046552 8
17046520 8
17046536 8
17077200 8
17046496 8
17072832 8
16847088 8
17080440 8
17058240 8
16847096 8
17062272 8
17045568 8
17045560 8
17045552 8
17045528 8
17056024 8
17057120 8
17045592 8
17045608 8
17048200 8
17045544 8
17076040 8
16847176 8
17053384 8
16847184 8
17069440 8
17046264 8
17046288 8
17046272 8
17046296 8
17046248 8
17046240 8
17046144 8
17045344 8
17054120 8
16847704 8
17047832 8
17048512 8
16847720 8
16847736 8
17047808 8
17047800 8
17047824 8
17061864 8
16847728 8
17064432 8
17047792 8
17047784 8
17047768 8
17047752 8
16846240 8
17042912 8
17042920 8
17042904 8
16845848 8
17071856 8
16845968 8
17042392 8
17042400 8
17042416 8
17066568 8
17042408 8
17042424 8
16845928 8
16845936 8
16845944 8
16845952 8
16845960 8
17042384 8
17064800 8
17042336 8
16845872 8
17042360 8
17083304 8
17042352 8
16845880 8
16845888 8
16849544 8
16849552 8
17076056 8
17042368 8
16846160 8
17048528 8
16847912 8
17048616 8
17042600 8
16848072 8
17049616 8
17049592 8
17066344 8
17049584 8
17049608 8
17049624 8
17054056 8
17049576 8
16847408 8
17046920 8
17046888 8
16847416 8
16847424 8
17046896 8
17046912 8
17047064 8
17046880 8
16845440 8
17043528 8
16845984 8
16845992 8
17042448 8
16845448 8
17076240 8
16845456 8
17084352 8
17069112 8
17056488 8
17081224 8
17080608 8
17061032 8
17041816 8
17042544 8
16846024 8
17042472 8
17050376 8
17071440 8
17067016 8
17083048 8
17057960 8
17042512 8
17053472 8
17042440 8
16846808 8
17044592 8
17044568 8
16846824 8
16846832 8
17044584 8
17047552 8
17073104 8
16845304 8
17079592 8
17048088 8
17048096 8
16845312 8
16845320 8
16847208 8
17048288 8
17067840 8
17048312 8
17066312 8
17070648 8
17052528 8
17070136 8
17046416 8
17048504 8
17048280 8
17066368 8
17048328 8
17048368 8
17048384 8
17046952 8
17048320 8
17048272 8
17048360 8
17048376 8
16845328 8
17048184 8
17048168 8
17069720 8
17048816 8
17048128 8
17048112 8
17082152 8
17041648 8
17045616 8
17048152 8
17048136 8
17048104 8
17048144 8
17081176 8
17053152 8
17048240 8
17081712 8
17048248 8
17048408 8
17048224 8
17050504 8
16847584 8
17049408 8
16847592 8
16847600 8
17049432 8
17070576 8
17049440 8
17049520 8
17049552 8
17049424 8
17049488 8
17074552 8
17049568 8
17054440 8
17049448 8
17047416 8
17049512 8
17049480 8
17078968 8
17049544 8
17075048 8
17049528 8
17049464 8
17049496 8
17074360 8
16846640 8
17044272 8
17044256 8
17044288 8
17077232 8
16846664 8
17044336 8
17044320 8
17044352 8
17060928 8
17044328 8
17044312 8
17057784 8
17044368 8
17044240 8
17065368 8
17044264 8
17074496 8
16846648 8
17044248 8
17082520 8
16847352 8
17046752 8
16847360 8
16847368 8
17046784 8
17046768 8
17046760 8
17075976 8
16847376 8
17046840 8
16847392 8
17056872 8
17046816 8
17046800 8
17046808 8
17046832 8
16847384 8
17046792 8
17046744 8
16847304 8
17046624 8
16847312 8
17075536 8
16847344 8
17046736 8
17071448 8
17046704 8
17046712 8
17046720 8
17063192 8
17076248 8
16847320 8
17046648 8
17073344 8
17046672 8
17046640 8
17046664 8
17046680 8
17046616 8
16846000 8
17043128 8
16846008 8
17056000 8
16846016 8
17043568 8
17043544 8
17054808 8
17083328 8
17043448 8
17043688 8
17043672 8
17069696 8
17072408 8
17045232 8
17043616 8
17043512 8
17043560 8
17043424 8
17043480 8
17052000 8
17043576 8
17043640 8
17043704 8
17043520 8
17043696 8
17043608 8
17075752 8
17043552 8
17043656 8
17050728 8
17043464 8
17043680 8
17042456 8
17043600 8
17043432 8
17043592 8
17043504 8
17052160 8
17043664 8
17079928 8
17075440 8
17043456 8
17061376 8
16846288 8
17043360 8
17043384 8
17043256 8
17043272 8
17053304 8
17066304 8
17043232 8
17043296 8
17043224 8
17043288 8
17043344 8
17043336 8
17043400 8
17043264 8
17043352 8
17043312 8
17043368 8
17059496 8
17043152 8
17043200 8
17043376 8
17043304 8
17043192 8
17080304 8
17043160 8
17043240 8
17071960 8
17042976 8
17057880 8
17043320 8
17070336 8
17081672 8
17043184 8
17075352 8
16845744 8
17042224 8
16846840 8
17044632 8
17080832 8
17044664 8
16846856 8
17044656 8
17044600 8
17044640 8
16846848 8
17044648 8
17083344 8
17062848 8
17044672 8
17078056 8
17073192 8
16846888 8
17044688 8
17052448 8
17044752 8
17060472 8
17044704 8
16849248 8
17072272 8
16848128 8
17050256 8
17056088 8
17050440 8
17056536 8
17059360 8
17044784 8
16846896 8
17044720 8
17044760 8
16846920 8
17044864 8
17044856 8
17044840 8
17044880 8
16849528 8
17075096 8
17044816 8
17044872 8
16846928 8
17044896 8
17044848 8
17054416 8
17044824 8
16845264 8
17045312 8
17045032 8
16846976 8
17045072 8
17045064 8
16846968 8
17045056 8
17060016 8
17045048 8
16845272 8
16847040 8
17045280 8
17045288 8
17045296 8
17071096 8
16846984 8
17077576 8
17045088 8
16845280 8
17075296 8
17082080 8
17045104 8
17063160 8
17045192 8
17051224 8
17045128 8
17045264 8
17045248 8
17045184 8
17047456 8
17045120 8
17045144 8
17045096 8
17066592 8
17045200 8
17064880 8
17045224 8
17045208 8
17080944 8
17045216 8
17045240 8
17041624 8
17045024 8
16847744 8
17063216 8
17047872 8
17051272 8
17048016 8
16847752 8
17047904 8
17079152 8
17047880 8
17059504 8
16847760 8
16847784 8
16847792 8
17052264 8
17048040 8
17073184 8
16847768 8
16847776 8
17048024 8
17078248 8
17047976 8
17048008 8
17047992 8
17047864 8
17047888 8
17078976 8
17047944 8
17048896 8
17048064 8
17047936 8
17047968 8
17047928 8
17048000 8
17047856 8
17047984 8
17047848 8
17047840 8
16846672 8
17044384 8
16846680 8
17080216 8
16846688 8
17080936 8
17044408 8
16849672 8
17079576 8
17044376 8
16846136 8
17042936 8
16846144 8
17053240 8
16846152 8
17042968 8
17062240 8
17042584 8
17074648 8
16846936 8
17045016 8
17057432 8
16846944 8
16846952 8
17044944 8
17084496 8
17082344 8
17045008 8
17044960 8
17044984 8
17075088 8
17044968 8
17045000 8
17044920 8
17045640 8
17044952 8
17044904 8
16847432 8
17047040 8
17046968 8
17048656 8
17047072 8
17046976 8
17047056 8
16847464 8
17047120 8
17064248 8
17046928 8
17046960 8
17047656 8
17065400 8
17047008 8
17068944 8
17052592 8
16847448 8
16847456 8
17047112 8
16849080 8
17066464 8
17082280 8
17047048 8
17062984 8
17062352 8
17046992 8
17047128 8
17047144 8
17046904 8
17047088 8
17047080 8
17046944 8
17061880 8
16845624 8
17082168 8
17042840 8
17056128 8
17042792 8
17042896 8
17042856 8
17042888 8
17042872 8
17042056 8
16846168 8
17042720 8
17042624 8
17042696 8
17055480 8
17042688 8
17042656 8
17064712 8
17042664 8
17070696 8
17072256 8
17042712 8
17042704 8
17042680 8
17042616 8
16846184 8
16846224 8
17042776 8
16846192 8
17042728 8
16846200 8
17042736 8
16846216 8
17042768 8
16849232 8
17071560 8
16846208 8
17079328 8
17042744 8
17042800 8
17042816 8
17072720 8
17042608 8
17055944 8
17065768 8
17042832 8
17079456 8
16847880 8
17074184 8
17057128 8
17074200 8
17074240 8
16848816 8
17074056 8
16849496 8
17074072 8
17074080 8
17074088 8
17061840 8
17074096 8
17074192 8
17074208 8
17081496 8
16848488 8
17055048 8
17074168 8
17074160 8
17074176 8
17058960 8
17075384 8
17048440 8
17048864 8
17074224 8
17070104 8
17074040 8
17074048 8
17083784 8
17068296 8
16845368 8
17056504 8
16847232 8
17064064 8
16848344 8
17065384 8
17052888 8
16848632 8
17057720 8
17064024 8
17064032 8
16848976 8
17064200 8
17084456 8
17064192 8
16848144 8
17050312 8
17064088 8
17080872 8
17064096 8
16848968 8
17064152 8
17064120 8
17064112 8
17064144 8
17064136 8
17068312 8
17064128 8
16847240 8
17064168 8
17064176 8
17046456 8
17064160 8
16848952 8
17063800 8
17063808 8
17063816 8
17063792 8
16845376 8
17063864 8
17043768 8
17056448 8
17064008 8
17063992 8
17064016 8
17042808 8
17063920 8
17041680 8
17063880 8
17063888 8
17063944 8
17063904 8
17063928 8
17056944 8
17063960 8
17076896 8
17070168 8
17063984 8
17056176 8
16845632 8
17063616 8
17063056 8
17070568 8
16846536 8
16848888 8
17063472 8
17067688 8
17063464 8
16848920 8
17063584 8
17079976 8
16848792 8
17063424 8
17061224 8
16848864 8
17063400 8
17063392 8
17063408 8
16848912 8
17063576 8
16848896 8
17063528 8
17063536 8
16848880 8
17063456 8
17063448 8
16846544 8
17063520 8
17063544 8
17063504 8
17063496 8
17063488 8
17063552 8
17043952 8
16848904 8
17063560 8
17076000 8
16848872 8
17063440 8
17063432 8
17063024 8
16845640 8
17063352 8
17054672 8
17063360 8
17063344 8
16846456 8
17063200 8
17084032 8
17063240 8
17063296 8
17063320 8
17063272 8
17046696 8
17063120 8
17083392 8
17063168 8
17063248 8
17063112 8
17076704 8
17058664 8
17063104 8
17058600 8
17045168 8
17063176 8
17063088 8
17063224 8
17043624 8
17063144 8
17063232 8
17063312 8
17063328 8
17063096 8
17063304 8
17047952 8
17063136 8
17072872 8
17063128 8
17063256 8
17063064 8
17063368 8
17042064 8
16849064 8
17066400 8
16848856 8
17063376 8
16848232 8
16848240 8
16848248 8
16848256 8
17065048 8
16848944 8
17066120 8
17063728 8
17061120 8
17052416 8
17051576 8
17063600 8
17063696 8
17063608 8
17080464 8
17063632 8
16848928 8
17063664 8
17063672 8
17081336 8
17063656 8
17063384 8
17063640 8
17063040 8
16848960 8
17063856 8
17063848 8
21039528 8
21506376 8
17063832 8
16845824 8
17064280 8
17042280 8
17064264 8
17064272 8
17049352 8
17064232 8
17064256 8
17069088 8
17064240 8
16848840 8
17063736 8
16848848 8
17078128 8
17063784 8
17063776 8
17063752 8
17063760 8
17063336 8
16845432 8
17063000 8
17054256 8
17042536 8
17042096 8
17069528 8
17051048 8
17041800 8
17041824 8
17041808 8
16845856 8
16845864 8
17063184 8
17042344 8
17083488 8
17083352 8
17083416 8
17059632 8
17083408 8
17073264 8
17078256 8
17044624 8
17083544 8
17083288 8
17076560 8
17083384 8
17083368 8
17083528 8
17083560 8
17083272 8
17083280 8
17083440 8
17055808 8
17083472 8
17083576 8
17070896 8
17083584 8
17083496 8
17083552 8
17083512 8
17083376 8
17083464 8
17083520 8
17083320 8
17083504 8
17083480 8
17043416 8
17083448 8
17083336 8
17083264 8
17083312 8
17057008 8
17083184 8
16847080 8
17083768 8
17045480 8
17074032 8
17059184 8
17083760 8
17079504 8
17083800 8
17083792 8
17083752 8
17083592 8
16848352 8
17083728 8
17083736 8
17083720 8
17052952 8
21039504 8
21506296 8
21506304 8
21506320 8
21039512 8
21506328 8
16848760 8
17060664 8
17083232 8
17083256 8
17062816 8
17068288 8
16846248 8
17084048 8
17084072 8
17084064 8
17084056 8
16846256 8
17068992 8
17083904 8
17056056 8
17083968 8
17084000 8
17084008 8
17061432 8
16847680 8
17083872 8
17047704 8
17083864 8
17065176 8
17075856 8
17083984 8
17083888 8
17046776 8
17083928 8
17083896 8
17083840 8
17084040 8
17054040 8
17083952 8
17084016 8
17083960 8
17084024 8
17083832 8
17063280 8
17042952 8
17083824 8
17084080 8
16848376 8
17053536 8
16847216 8
17078896 8
17082952 8
17050544 8
17084472 8
17061072 8
16848112 8
17082584 8
17083104 8
17083080 8
17083072 8
17083096 8
17050080 8
17083112 8
16848440 8
17053968 8
17062728 8
16848688 8
17083056 8
17083040 8
17058904 8
17061648 8
17083008 8
17083024 8
17083032 8
16847224 8
17046424 8
17082976 8
17082968 8
21039520 8
21506344 8
21506352 8
21506360 8
21506336 8
16849072 8
17082424 8
17082408 8
17074336 8
17082400 8
17082392 8
17066448 8
16849536 8
17083664 8
17083704 8
17083688 8
17083696 8
17083680 8
17083656 8
17075768 8
16848224 8
17055432 8
17083192 8
17083200 8
21039496 8
21506272 8
21506368 8
21506280 8
21506288 8
21506312 8
17083160 8
17083168 8
17083128 8
17083208 8
17072280 8
17064080 8
17083136 8
17083120 8
17051472 8
16847640 8
16848736 8
17082672 8
17082696 8
17080912 8
17082712 8
17076408 8
17060384 8
17082728 8
17082680 8
17082720 8
17082704 8
17082656 8
17060904 8
17082608 8
17082592 8
16847648 8
17082432 8
17071360 8
17056584 8
17082488 8
17062752 8
17082496 8
17082536 8
17047544 8
17082472 8
17081088 8
17082456 8
17058760 8
17082440 8
17049320 8
17082528 8
17057760 8
17082448 8
17063720 8
17082800 8
16848216 8
17051384 8
17082792 8
16848280 8
16848472 8
17054728 8
17082848 8
16849752 8
21039488 8
21506256 8
21506264 8
16849760 8
17082920 8
17082912 8
21039480 8
21506240 8
21506248 8
16848288 8
16849744 8
17082896 8
17082904 8
16849056 8
17082872 8
17082856 8
17066280 8
16848296 8
17051864 8
17082888 8
17082568 8
17082616 8
16849096 8
17066856 8
16849592 8
17077376 8
17082640 8
16848536 8
17055792 8
17082760 8
17078768 8
16848800 8
17061256 8
16849680 8
17079608 8
17082624 8
17082632 8
17082560 8
17072336 8
17082576 8
17082600 8
17082832 8
16847064 8
17060056 8
17055240 8
17083624 8
17083608 8
17045384 8
17083600 8
17062408 8
16845240 8
16849656 8
17082992 8
17078888 8
17075488 8
16848000 8
17077904 8
17078160 8
17075512 8
17077912 8
17078048 8
17081640 8
17077808 8
17073576 8
17077816 8
17077856 8
17077864 8
17077848 8
17058248 8
17077832 8
17049144 8
17077888 8
17077928 8
16847248 8
17078184 8
17078176 8
16848704 8
17078144 8
17078168 8
17076360 8
17058952 8
17078152 8
17078112 8
17078136 8
17078120 8
17046464 8
17078064 8
17078208 8
17078096 8
16849624 8
17078224 8
17078240 8
17078232 8
17078216 8
17078192 8
17078104 8
17076624 8
17078088 8
17078200 8
17048032 8
16846392 8
17075368 8
17049504 8
17052712 8
17075240 8
17075216 8
17079680 8
17075336 8
17075168 8
17075008 8
17075280 8
17075432 8
17051000 8
17055512 8
17075400 8
17075312 8
17070320 8
17075032 8
17075448 8
17064056 8
17044992 8
17067520 8
17075112 8
17075192 8
17043120 8
17058584 8
17054456 8
17075304 8
17075000 8
17080656 8
17075272 8
17075080 8
17070984 8
17075064 8
17053424 8
17069864 8
17075464 8
17075456 8
17075176 8
17067168 8
17075016 8
17054552 8
17075232 8
17075256 8
17075128 8
17075160 8
17075224 8
17075480 8
17075120 8
17075152 8
17044832 8
17075200 8
17075288 8
17075040 8
17075184 8
17045176 8
17075424 8
17053272 8
17075144 8
17071680 8
17043408 8
17075104 8
16846600 8
17077032 8
16846608 8
17077064 8
17077112 8
17077048 8
17077072 8
17044096 8
17060792 8
17053888 8
17077120 8
17077040 8
17076584 8
17077056 8
17077096 8
16849104 8
17073000 8
17076976 8
17067112 8
17073728 8
17077000 8
17077024 8
17077016 8
16845248 8
17077488 8
17060328 8
17077248 8
17062640 8
17042560 8
17077520 8
17082648 8
17077544 8
17042640 8
17077640 8
17070848 8
17077472 8
17054312 8
17076272 8
17077208 8
17070016 8
17041696 8
17069608 8
17054024 8
17077480 8
17077400 8
17054240 8
17054408 8
17077792 8
17077552 8
17071168 8
17077384 8
17077288 8
17073672 8
17077656 8
17077648 8
17077672 8
17077760 8
17077328 8
17077528 8
17077144 8
17077704 8
17079168 8
17077744 8
17080624 8
17077616 8
17077680 8
17077608 8
17077160 8
17077280 8
17067392 8
17077216 8
17045080 8
17053760 8
17077256 8
16849600 8
17077440 8
17077456 8
17077448 8
17077432 8
17042648 8
17077336 8
17077368 8
17053712 8
17077464 8
17077320 8
17046512 8
17042328 8
17077152 8
17077584 8
17077264 8
17077240 8
17077752 8
17077712 8
17077168 8
17057000 8
17077496 8
17077600 8
17077504 8
17082112 8
17051088 8
17077800 8
17077416 8
17041616 8
17077632 8
17058872 8
17077296 8
17077720 8
17077176 8
17077312 8
16848064 8
17078952 8
17078984 8
17070888 8
17079032 8
17084144 8
17072528 8
17079096 8
17079048 8
17078944 8
17079024 8
17079000 8
17049456 8
17079040 8
17078960 8
17084440 8
17081552 8
17078904 8
17079008 8
17079016 8
16849664 8
17079080 8
17079056 8
17079072 8
17079064 8
17078936 8
17078920 8
16847136 8
17055528 8
17045784 8
17074608 8
17074592 8
17059456 8
17068792 8
17055128 8
17074632 8
17074656 8
17074576 8
17051688 8
17074696 8
17074560 8
17067488 8
17074640 8
17074600 8
17075936 8
17074568 8
17074704 8
17049560 8
16845464 8
16849560 8
16849568 8
17058704 8
17042080 8
17053136 8
17075736 8
17075672 8
17077080 8
17075880 8
17075544 8
17075656 8
17075928 8
17075744 8
17076136 8
17052224 8
17076608 8
17075600 8
17069392 8
17075648 8
17062672 8
17076224 8
17066736 8
17076752 8
17081368 8
17062456 8
17077776 8
17075592 8
17076464 8
17076568 8
17076088 8
17058696 8
17083672 8
17075968 8
17075896 8
17082192 8
17075776 8
17076112 8
17063568 8
17076160 8
17047320 8
17076416 8
17076792 8
17046056 8
17076760 8
17063768 8
17076856 8
17058616 8
17075688 8
17076632 8
17045584 8
17078800 8
17075872 8
17075800 8
17075560 8
17074584 8
17076496 8
17075904 8
17076728 8
17042464 8
17076664 8
17065440 8
17067064 8
17076264 8
17076520 8
17076432 8
17076600 8
17076840 8
17042984 8
17076808 8
17075720 8
17076336 8
17076152 8
17075960 8
17046360 8
17076768 8
17076688 8
17041832 8
17076120 8
17046352 8
17076096 8
17076312 8
17081096 8
17062344 8
17076800 8
17075808 8
17078344 8
17075992 8
17076296 8
17079832 8
17069056 8
17076512 8
17075824 8
17076544 8
17078072 8
17075696 8
17070400 8
17059160 8
17045680 8
17076712 8
17048944 8
17075840 8
17076488 8
17061632 8
17076032 8
17076320 8
17076528 8
17075792 8
17042552 8
17076344 8
17067704 8
17076288 8
17075984 8
17075680 8
17076448 8
17076424 8
17075952 8
17061792 8
17076384 8
17075504 8
17076008 8
17076480 8
17076616 8
17076776 8
17054488 8
17076536 8
17076744 8
17076328 8
17076784 8
17076696 8
17076672 8
17076576 8
17076064 8
17067856 8
17076848 8
17075568 8
17075528 8
17076680 8
17064320 8
17075816 8
17083848 8
17075576 8
17043632 8
17076216 8
17076184 8
17075888 8
17076400 8
17054600 8
17073024 8
17076504 8
17076048 8
17076592 8
17072568 8
17075832 8
17076024 8
17076072 8
17075728 8
17075912 8
17063264 8
17075624 8
17076256 8
17062520 8
17075616 8
17076352 8
17076472 8
17076736 8
17076128 8
17058728 8
17077840 8
17076368 8
17076440 8
17075552 8
17082272 8
17045856 8
16845680 8
17078456 8
17078736 8
17051512 8
17078656 8
17078864 8
17078352 8
17078488 8
17075416 8
17078776 8
17078600 8
17042168 8
17078392 8
17073128 8
17048584 8
17078472 8
17078536 8
17078784 8
17061944 8
17078848 8
17078408 8
17078496 8
17078760 8
17078856 8
17070840 8
17063416 8
17074016 8
17043728 8
17078376 8
17078752 8
17078528 8
17078616 8
17078712 8
17078872 8
17056648 8
17073912 8
17047328 8
17078504 8
17082768 8
17078704 8
17078480 8
17070864 8
17078416 8
17078424 8
17042760 8
17078576 8
17079744 8
17078640 8
17078384 8
17081416 8
17078720 8
17078832 8
17078400 8
17073568 8
17078560 8
17078880 8
17078696 8
17047216 8
17078824 8
17058456 8
17078632 8
17078808 8
17067448 8
17078728 8
17078544 8
17078688 8
17054720 8
17057544 8
16848088 8
17074920 8
17074872 8
16848168 8
17050872 8
17052936 8
17074984 8
17074968 8
17071920 8
17049752 8
16848136 8
17074800 8
17074832 8
17074824 8
17074776 8
17074808 8
17074752 8
17050288 8
17074736 8
17074720 8
17074816 8
17074744 8
17074792 8
17083224 8
17074840 8
17074784 8
17074760 8
17074952 8
17079416 8
17074936 8
17074928 8
16849520 8
17074912 8
17074904 8
17074888 8
17074896 8
17074880 8
17074848 8
17069648 8
17056976 8
16848368 8
17078264 8
17078304 8
17078312 8
17078272 8
17078288 8
17078328 8
17075704 8
17053192 8
17081080 8
17078336 8
17073992 8
17073240 8
16845608 8
17068056 8
17076952 8
17076928 8
17076944 8
17042024 8
17076864 8
17063912 8
17076920 8
17047520 8
17049216 8
17076904 8
17076880 8
17071976 8
17076968 8
16847528 8
17061320 8
17059264 8
17061184 8
16848360 8
17077976 8
17053048 8
17078032 8
17065344 8
17077896 8
17047304 8
17078016 8
17064184 8
17078040 8
17078008 8
17077944 8
17067600 8
17069104 8
17078992 8
17045440 8
17041792 8
16845072 8
17080040 8
17068368 8
17080072 8
17050592 8
17069784 8
17079392 8
17079848 8
16845416 8
17079312 8
17052440 8
17079272 8
17079336 8
17043248 8
17079264 8
17079288 8
17079192 8
17077536 8
17051040 8
17062144 8
17079136 8
17047896 8
17079184 8
17079280 8
17071528 8
17079216 8
17042752 8
17079256 8
17079200 8
17079144 8
17079176 8
17041728 8
17079304 8
17061368 8
17079320 8
17079208 8
17079128 8
17079960 8
16846400 8
17079904 8
17079888 8
17043136 8
17079880 8
16848304 8
17051872 8
16848456 8
17080952 8
17083816 8
17054152 8
17079480 8
17061200 8
17061088 8
17072008 8
17054824 8
17079520 8
17079512 8
17084128 8
17072544 8
17080032 8
17080664 8
17079448 8
17079376 8
17079560 8
17079424 8
17079440 8
17058072 8
17083088 8
17079584 8
17075640 8
16845552 8
17079656 8
17049080 8
17079712 8
17079696 8
17041976 8
17062384 8
17079808 8
17079768 8
17079792 8
17079648 8
17059928 8
17071024 8
17075344 8
17079776 8
17079624 8
17073616 8
17042880 8
17079760 8
17079704 8
17045912 8
17079616 8
17048416 8
17079632 8
17078448 8
17079736 8
17066200 8
17079752 8
17079728 8
17069216 8
17079944 8
17066392 8
17080080 8
17079552 8
17082368 8
17079408 8
17080024 8
17080016 8
17044400 8
17080056 8
17079360 8
17080088 8
17080008 8
17061936 8
17080048 8
17077960 8
17075784 8
17049792 8
17079568 8
17079544 8
17079912 8
17079992 8
17074944 8
17079352 8
17041416 8
17043440 8
17079368 8
17069736 8
17082296 8
17079984 8
17051704 8
17041408 8
17041712 8
17041752 8
17081432 8
17041632 8
17079952 8
21039576 8
21039584 8
21506472 8
21506464 8
17058032 8
17041776 8
17041456 8
17079160 8
17066408 8
17051152 8
17084632 8
16845144 8
17041496 8
16845160 8
17065688 8
17081264 8
17041512 8
17041528 8
17041520 8
17041536 8
17041576 8
17041560 8
17050600 8
16847008 8
17081384 8
16847016 8
16849608 8
17077688 8
16847024 8
16847032 8
17045272 8
17041656 8
17050152 8
17041592 8
16845288 8
16845296 8
17041640 8
17048192 8
16845336 8
16845344 8
17041664 8
16845352 8
16845360 8
17041672 8
17049896 8
16845224 8
17041600 8
16847112 8
17045736 8
17041432 8
17068400 8
17056264 8
17043864 8
76048 8
76056 8
76064 8
76072 8
