76040 8
25168136 8
25168144 8
25168152 8
25168160 8
25168168 8
25168176 8
25168184 8
25168192 8
25168200 8
25168208 8
25168216 8
25168224 8
25168232 8
25168240 8
25168248 8
25168256 8
25168264 8
25168272 8
25168280 8
25168288 8
25168296 8
25168304 8
25168312 8
25168320 8
25168328 8
25168336 8
25168344 8
25168352 8
25168360 8
25168368 8
25168376 8
25168384 8
25168128 8
25233664 8
25168640 8
25168648 8
25168656 8
25168664 8
25168672 8
25168680 8
25168688 8
25168696 8
25168704 8
25168712 8
25168720 8
25168728 8
25168744 8
25168752 8
25168760 8
25168768 8
25168776 8
25168784 8
25168792 8
25168800 8
25168808 8
25168816 8
25168824 8
25168832 8
25168840 8
25168848 8
25168856 8
25168864 8
25168872 8
25168880 8
25168888 8
25168896 8
25168736 8
25437056 8
25169664 8
25169672 8
25169680 8
25169688 8
25169696 8
25169704 8
25169712 8
25169720 8
25169728 8
25169736 8
25169744 8
25169752 8
25169768 8
25169776 8
25169784 8
25169792 8
25169800 8
25169808 8
25169816 8
25169824 8
25169832 8
25169840 8
25169848 8
25169856 8
25169864 8
25169872 8
25169880 8
25169888 8
25169896 8
25169904 8
25169912 8
25169920 8
25169760 8
25452136 8
25168392 8
25168400 8
25168408 8
25168416 8
25168424 8
25168432 8
25168440 8
25168448 8
25168456 8
25168464 8
25168472 8
25168480 8
25168488 8
25168496 8
25168504 8
25168512 8
25168520 8
25168528 8
25168536 8
25168544 8
25168552 8
25168560 8
25168568 8
25168576 8
25168584 8
25168600 8
25168608 8
25168616 8
25168624 8
25168632 8
25168592 8
25435176 8
25169408 8
25169416 8
25169424 8
25169432 8
25169440 8
25169448 8
25169456 8
25169464 8
25169472 8
25169480 8
25169488 8
25169496 8
25169504 8
25169512 8
25169520 8
25169528 8
25169536 8
25169544 8
25169552 8
25169560 8
25169568 8
25169576 8
25169584 8
25169592 8
25169600 8
25169616 8
25169624 8
25169632 8
25169640 8
25169648 8
25169656 8
25169608 8
25449792 8
25437968 8
25170432 8
25170440 8
25170448 8
25170456 8
25170464 8
25170472 8
25170480 8
25170488 8
25170496 8
25170504 8
25170512 8
25170520 8
25170528 8
25170536 8
25170544 8
25170552 8
25170560 8
25170568 8
25170576 8
25170584 8
25170592 8
25170600 8
25170616 8
25170624 8
25170632 8
25170640 8
25170648 8
25170656 8
25170664 8
25170672 8
25170680 8
25170688 8
25170608 8
25465200 8
25169152 8
25169160 8
25169168 8
25169176 8
25169184 8
25169192 8
25169200 8
25169208 8
25169216 8
25169224 8
25169232 8
25169240 8
25169248 8
25169256 8
25169264 8
25169272 8
25169288 8
25169296 8
25169304 8
25169312 8
25169320 8
25169328 8
25169336 8
25169344 8
25169352 8
25169360 8
25169368 8
25169376 8
25169384 8
25169392 8
25169400 8
25169280 8
25444872 8
25168904 8
25168912 8
25168920 8
25168928 8
25168936 8
25168944 8
25168952 8
25168960 8
25168968 8
25168976 8
25168984 8
25168992 8
25169000 8
25169008 8
25169016 8
25169024 8
25169032 8
25169040 8
25169048 8
25169056 8
25169064 8
25169072 8
25169080 8
25169088 8
25169104 8
25169112 8
25169120 8
25169128 8
25169136 8
25169144 8
25169096 8
25442136 8
25169928 8
25169936 8
25169944 8
25169960 8
25169968 8
25169976 8
25169984 8
25169992 8
25170000 8
25170008 8
25170016 8
25170024 8
25170032 8
25170040 8
25170048 8
25170056 8
25170064 8
25170072 8
25170080 8
25170088 8
25170096 8
25170104 8
25170112 8
25170120 8
25170128 8
25170136 8
25170144 8
25170152 8
25170160 8
25170168 8
25170176 8
25169952 8
25455016 8
25435200 8
25233984 8
25438760 8
25170184 8
25170192 8
25170200 8
25170208 8
25170216 8
25170224 8
25170232 8
25170240 8
25170248 8
25170256 8
25170264 8
25170272 8
25170280 8
25170288 8
25170296 8
25170304 8
25170312 8
25170320 8
25170328 8
25170336 8
25170344 8
25170352 8
25170360 8
25170376 8
25170384 8
25170392 8
25170400 8
25170408 8
25170416 8
25170424 8
25170368 8
25238192 8
25461440 8
25237616 8
25237624 8
25463096 8
25448912 8
25447472 8
25461736 8
25170944 8
25170952 8
25170960 8
25170968 8
25170976 8
25170984 8
25170992 8
25171000 8
25171008 8
25171016 8
25171024 8
25171032 8
25171040 8
25171048 8
25171056 8
25171064 8
25171072 8
25171088 8
25171096 8
25171104 8
25171112 8
25171120 8
25171080 8
25472824 8
25236464 8
25236472 8
25437360 8
29362432 8
29362440 8
29362456 8
29362448 8
29428144 8
29428152 8
29624496 8
25237896 8
25473048 8
25237904 8
25237912 8
25454528 8
25238096 8
25238104 8
25460376 8
25454136 8
25233992 8
25430176 8
25434752 8
25440592 8
25440288 8
25463328 8
25447352 8
25461568 8
25436624 8
25437648 8
25234296 8
25234304 8
25451816 8
25447176 8
25234312 8
25234320 8
25170696 8
25170704 8
25170712 8
25170720 8
25170728 8
25170736 8
25170744 8
25170752 8
25170760 8
25170768 8
25170776 8
25170784 8
25170792 8
25170800 8
25170808 8
25170816 8
25170824 8
25170832 8
25170840 8
25170848 8
25170856 8
25170864 8
25170872 8
25170880 8
25170896 8
25170904 8
25170912 8
25170920 8
25170928 8
25170936 8
25170888 8
25469688 8
25234328 8
25465944 8
25467984 8
25442464 8
25440032 8
25467976 8
25234336 8
25234416 8
25461856 8
25432392 8
25434400 8
25430640 8
25451864 8
25442872 8
25452816 8
25432944 8
25431680 8
25234344 8
25430520 8
25460528 8
25464536 8
25430928 8
25449320 8
25463928 8
25457368 8
25470152 8
25438624 8
25442016 8
25237408 8
25445712 8
25452720 8
25461584 8
25472144 8
25451120 8
25459576 8
25237248 8
25444424 8
25445368 8
25467832 8
25452896 8
25236520 8
25456120 8
25444672 8
25437784 8
25438856 8
25462232 8
29428176 8
29428184 8
29624512 8
25236896 8
25473112 8
25236904 8
25446576 8
25454848 8
25449128 8
25440040 8
25457480 8
25468880 8
25467400 8
25237568 8
25461344 8
25447936 8
25457288 8
25451192 8
25237600 8
25237608 8
25448440 8
25436480 8
25455080 8
25450752 8
25235896 8
25447344 8
25449592 8
25236840 8
25458920 8
25439472 8
25448824 8
25455736 8
25466328 8
25235904 8
25443824 8
25445864 8
25448040 8
25434920 8
25472112 8
25460536 8
25463224 8
25470208 8
25433576 8
25233672 8
25234152 8
25459344 8
25448736 8
25234160 8
25234168 8
25236856 8
25236864 8
25236872 8
25445752 8
25439600 8
25450304 8
25469216 8
25460640 8
25447520 8
25462888 8
25455864 8
29428000 8
29624352 8
29624488 8
29624536 8
25472216 8
25234176 8
25439160 8
25446128 8
25430360 8
25451784 8
25452480 8
25434320 8
25441648 8
25450600 8
25465456 8
25463040 8
25431216 8
25444808 8
25468608 8
25463016 8
25430776 8
25236104 8
25236112 8
25236120 8
25236128 8
25437704 8
25472584 8
25461232 8
25463080 8
25440112 8
25435648 8
25236920 8
25442208 8
25440104 8
25460608 8
25465608 8
25445488 8
25466048 8
25464880 8
25466080 8
25471192 8
25233848 8
25235368 8
25439912 8
25435616 8
25459688 8
25441288 8
25449072 8
25433336 8
25454856 8
25450976 8
25463128 8
25458600 8
25432648 8
25446424 8
25434256 8
25457400 8
25447616 8
25452128 8
25465664 8
25463168 8
25443736 8
25233856 8
25457664 8
25473016 8
25444976 8
25466528 8
25455320 8
25470416 8
25455576 8
25444944 8
25458928 8
25463552 8
25464008 8
25446992 8
25463664 8
25463896 8
25471304 8
25468448 8
25458080 8
25452664 8
25472136 8
25432016 8
25435928 8
25442552 8
25437744 8
25458832 8
25455224 8
25440392 8
25430240 8
25441880 8
25437480 8
25438016 8
25447384 8
25472984 8
25434704 8
25447192 8
25448448 8
25430072 8
25452672 8
25467168 8
25444040 8
25436560 8
25463608 8
25433440 8
25445936 8
25466792 8
25458184 8
25463568 8
25459664 8
25455776 8
25450480 8
25455032 8
25463872 8
25467248 8
25446520 8
25442032 8
25432872 8
25434368 8
25461816 8
25456576 8
25440784 8
25458768 8
25433560 8
25234952 8
25431656 8
25433144 8
25460176 8
25466536 8
25435248 8
25235472 8
25433008 8
25457496 8
25462056 8
25453424 8
25439720 8
25447528 8
25469784 8
25447776 8
25448584 8
25237872 8
25465808 8
25458056 8
25457448 8
25472704 8
25466648 8
25454008 8
25455248 8
25468640 8
25448984 8
25457712 8
25234008 8
25234016 8
25465752 8
25449656 8
25455720 8
25430224 8
25447672 8
25462160 8
25462312 8
25235912 8
25462384 8
25453688 8
25462112 8
25466248 8
25439952 8
25434936 8
25458400 8
25455872 8
25454816 8
25465640 8
25450288 8
25451712 8
25457128 8
25235160 8
25462168 8
25434296 8
25462624 8
25456464 8
25456776 8
25464736 8
25468824 8
25444752 8
25440176 8
25466664 8
25459904 8
25460120 8
25437752 8
25432128 8
25458032 8
25443680 8
25471536 8
25234600 8
25466232 8
25466600 8
25443752 8
25465832 8
25454864 8
25447480 8
25465544 8
25465672 8
25467552 8
25469400 8
25456304 8
25462784 8
25445384 8
25236992 8
25440968 8
25456648 8
25464336 8
25458840 8
25451656 8
25443536 8
25442320 8
25455880 8
25463112 8
25447096 8
25466104 8
25470408 8
25473416 8
25438360 8
25430912 8
25431376 8
25441344 8
25447152 8
25451584 8
25447272 8
25458216 8
25450408 8
25462304 8
25456272 8
25472720 8
25438896 8
25439416 8
25462088 8
25437920 8
25444248 8
25439000 8
25458192 8
25451672 8
25461680 8
25443016 8
25471240 8
25472192 8
25472976 8
25465984 8
25447600 8
25472296 8
25430936 8
25434848 8
25458456 8
25448864 8
25464808 8
25462280 8
25451408 8
25459776 8
25438736 8
25435344 8
25457640 8
25439264 8
25457424 8
25455944 8
25463640 8
25433392 8
25452936 8
25433728 8
25466072 8
25431168 8
25443136 8
25439696 8
25461416 8
25456232 8
25442920 8
25468032 8
25460464 8
25449896 8
25461872 8
25460192 8
25233912 8
25437872 8
25441680 8
25470504 8
25463632 8
25451288 8
25473072 8
25446152 8
25473024 8
25455768 8
25467208 8
25468104 8
25468208 8
25467328 8
25444496 8
25468600 8
25467288 8
25443464 8
25467280 8
25467048 8
25450912 8
25450672 8
25449296 8
25469232 8
25435824 8
25448928 8
25432440 8
25433240 8
25466520 8
25471160 8
25440280 8
25436096 8
25463152 8
25461688 8
25453024 8
25467144 8
25460320 8
25448816 8
25461336 8
25467344 8
25430104 8
25443440 8
25443328 8
25470184 8
25450552 8
25446016 8
25447264 8
25449280 8
25456384 8
25472608 8
25441824 8
25470200 8
25467064 8
25443296 8
25457512 8
25445496 8
25460808 8
25440904 8
25440912 8
25467032 8
25449512 8
25431368 8
25463976 8
25458976 8
25445256 8
25460512 8
25467776 8
25469112 8
25458616 8
25439512 8
25235848 8
25448296 8
25461368 8
25441640 8
25465368 8
25440512 8
25457952 8
25447000 8
25437416 8
25437240 8
25464048 8
25436888 8
25435496 8
25438064 8
25444584 8
25472840 8
25461136 8
25453240 8
25461376 8
25236680 8
25455552 8
25438528 8
25451632 8
25453504 8
25443344 8
25434424 8
25473184 8
25467408 8
25235424 8
25469328 8
25470064 8
25470000 8
25441456 8
25464752 8
25235432 8
25442264 8
25432864 8
25449448 8
25445728 8
25454352 8
25235504 8
25436296 8
25433984 8
25471288 8
25471872 8
25441920 8
25449704 8
25433056 8
25465760 8
25448072 8
25456328 8
25460384 8
25457872 8
25446272 8
25460680 8
25449920 8
25434456 8
25441936 8
25459256 8
25434760 8
25444864 8
25236240 8
25451368 8
25436592 8
25473128 8
25455984 8
25466672 8
25467888 8
25234408 8
25468096 8
25436128 8
25440976 8
25441760 8
25449200 8
25432600 8
25436896 8
25459224 8
25447168 8
25437824 8
25469064 8
25444600 8
25430632 8
25436600 8
25233904 8
25238232 8
25238240 8
25445576 8
25435536 8
25431072 8
25450280 8
25432768 8
25469240 8
25450096 8
25433456 8
25439056 8
25464656 8
25460232 8
25438864 8
25469904 8
25450072 8
25459056 8
25464832 8
25465248 8
25454440 8
25450952 8
25459304 8
25461632 8
25435360 8
25462192 8
25432240 8
25457112 8
25465112 8
25436280 8
25465376 8
25440120 8
25464176 8
25446976 8
25449472 8
25464128 8
25453784 8
25471120 8
25465336 8
25463648 8
25434672 8
25461672 8
25431000 8
25431160 8
25470160 8
25469048 8
25431584 8
25454720 8
25441744 8
25430896 8
25458104 8
25447496 8
25447568 8
25434184 8
25454840 8
25466264 8
25435872 8
25464696 8
25434488 8
25465632 8
25463792 8
25449392 8
25470296 8
25432408 8
25431592 8
25432232 8
25456168 8
25468960 8
25446360 8
25439656 8
25455952 8
25452928 8
25453936 8
25467272 8
25455792 8
25452920 8
25447336 8
25454216 8
25464384 8
25451528 8
25444024 8
25448808 8
25467696 8
25456928 8
25458912 8
25451104 8
25454376 8
25470856 8
25433280 8
25464120 8
25444224 8
25432480 8
25438680 8
25454048 8
25445656 8
25434352 8
25434960 8
25446616 8
25464760 8
25470032 8
25450240 8
25449864 8
25464472 8
25455688 8
25470008 8
25461352 8
25440832 8
25448640 8
25433952 8
25447064 8
25463512 8
25457360 8
25464848 8
25450120 8
25461024 8
25462992 8
25464248 8
25471648 8
25470080 8
25444768 8
25458120 8
25452168 8
25471688 8
25464528 8
25466592 8
25439112 8
25434288 8
25470144 8
25470728 8
25450400 8
25451064 8
25465088 8
25455544 8
25471040 8
25445072 8
25430528 8
25434792 8
25472264 8
25430088 8
25471920 8
25440944 8
25431936 8
25464096 8
25461896 8
25436520 8
25450472 8
25454920 8
25459248 8
25439632 8
25457392 8
25432976 8
25464616 8
25450768 8
25458936 8
25438520 8
25445888 8
25444256 8
25463704 8
25464064 8
25430096 8
25462896 8
25472064 8
25432880 8
25453984 8
25469512 8
25441928 8
25430688 8
25455128 8
25447224 8
25460000 8
25453056 8
25464288 8
25466376 8
25453392 8
25235040 8
25451504 8
25448840 8
25447872 8
25456256 8
25467664 8
25449928 8
25235208 8
25441656 8
25432264 8
25467632 8
25453952 8
25452792 8
25454232 8
25466408 8
25431856 8
25466552 8
25237720 8
25467360 8
25451200 8
25236488 8
25439896 8
25437544 8
25469552 8
25437832 8
25446848 8
25462576 8
25466784 8
25461848 8
25467200 8
25441352 8
25466344 8
25444824 8
25467464 8
25443280 8
25238000 8
25456792 8
25431136 8
25233680 8
25445280 8
25236976 8
25237040 8
25441904 8
25440776 8
25461056 8
25233688 8
25235200 8
25438480 8
25432208 8
25470472 8
25236184 8
25436040 8
25432360 8
25458448 8
25237544 8
25447768 8
25453032 8
25238048 8
25458584 8
25446592 8
25237728 8
25463728 8
25451320 8
25457744 8
25236072 8
25435528 8
25235320 8
25435640 8
25235984 8
25435232 8
25432512 8
25235048 8
25433200 8
25453208 8
25435424 8
25431888 8
25235824 8
25440408 8
25472792 8
25434176 8
25235872 8
25464640 8
25451256 8
25434816 8
25453760 8
25449032 8
25437296 8
25468784 8
25462752 8
25448672 8
25450688 8
25440128 8
25463736 8
25446096 8
25237712 8
25457336 8
25462816 8
25237752 8
25451824 8
25450872 8
25445704 8
25237856 8
25453560 8
25237992 8
25456032 8
25472712 8
25235440 8
25432896 8
25237888 8
25454360 8
25234744 8
25432256 8
25459936 8
25234752 8
25443648 8
25234760 8
25431232 8
25234888 8
25234896 8
25434712 8
25431560 8
25442640 8
25437312 8
25235448 8
25440656 8
25450024 8
25469600 8
25432928 8
25237144 8
25453352 8
29428216 8
29624560 8
25442776 8
25235488 8
25472848 8
25437456 8
25235496 8
25433024 8
25447904 8
25470880 8
25446840 8
25467808 8
25471552 8
25234144 8
25430352 8
25457696 8
25237128 8
25458384 8
25442720 8
25237704 8
25455424 8
25450496 8
29428016 8
29624368 8
29624472 8
25451568 8
25233968 8
25443320 8
25448568 8
25233976 8
25446888 8
25448400 8
25454080 8
25452952 8
25430160 8
25450528 8
25236320 8
25442928 8
25436752 8
25462128 8
25453664 8
25466776 8
25233696 8
25233704 8
25471800 8
25471032 8
25466952 8
25236168 8
25453856 8
25455584 8
25472920 8
25456752 8
25459384 8
25435904 8
25447832 8
25441296 8
25453376 8
25457024 8
25463424 8
25452400 8
25442536 8
25430016 8
25460128 8
25235680 8
25433480 8
25436840 8
25442336 8
25468584 8
25449688 8
25442544 8
25467184 8
25234800 8
25465104 8
25436928 8
25470384 8
25444744 8
25454096 8
25445544 8
25466112 8
25448192 8
25453920 8
25443720 8
25448384 8
25454776 8
25441736 8
25466752 8
25443744 8
25446488 8
25437576 8
25436336 8
25445648 8
25443408 8
25470328 8
25445120 8
25466456 8
25447216 8
25456536 8
25470256 8
25457688 8
25439360 8
25470224 8
25442448 8
25452808 8
25456720 8
25431280 8
25463912 8
25446872 8
25470456 8
25468776 8
25450856 8
25459512 8
25463264 8
25472208 8
25445472 8
25458096 8
25454616 8
25443512 8
25473264 8
25448848 8
25459632 8
25465256 8
25438840 8
25458432 8
25472520 8
25234360 8
25234368 8
25430576 8
25442288 8
25447984 8
25434032 8
25237328 8
25457528 8
25445080 8
25446952 8
25472280 8
25454992 8
25470512 8
25236512 8
25437712 8
25461120 8
25449256 8
25447800 8
25445696 8
25447016 8
25467672 8
25237840 8
25452904 8
25237088 8
25442344 8
25237400 8
25445688 8
25446960 8
25447440 8
25237360 8
25448952 8
25237368 8
25445248 8
25467648 8
25237744 8
25465160 8
25451536 8
25237880 8
25454192 8
25459584 8
25238080 8
25468232 8
25238088 8
25459752 8
25473240 8
25235856 8
25462544 8
25457960 8
25434664 8
25236224 8
25458688 8
25455664 8
25436488 8
25468944 8
25448368 8
25436744 8
25443568 8
25468976 8
25449176 8
25448504 8
25438248 8
25435656 8
25439832 8
25436392 8
25463696 8
25455712 8
25468320 8
25237208 8
25463904 8
25443784 8
25472272 8
25451280 8
25439408 8
25430168 8
25236704 8
25438608 8
25459840 8
25440752 8
25453656 8
25236312 8
25469984 8
25453432 8
25455920 8
25466760 8
25436728 8
25436696 8
25431864 8
25235600 8
25237592 8
25448312 8
25235608 8
25446736 8
25433344 8
25460112 8
25465800 8
25464416 8
25454392 8
25470760 8
25433584 8
25235184 8
25451456 8
25235192 8
25453288 8
25452432 8
25455456 8
25464704 8
25471520 8
25438352 8
25457536 8
25439240 8
25462848 8
25453096 8
25440472 8
25455936 8
25437232 8
25462360 8
25440496 8
25441168 8
25440672 8
25432192 8
25443288 8
25433744 8
25460544 8
25435392 8
25470128 8
25438456 8
25471696 8
25456600 8
25435184 8
25238144 8
25460992 8
25470056 8
25456072 8
25236960 8
25457760 8
25468616 8
25455136 8
25459944 8
25444560 8
25440576 8
25454968 8
25462000 8
25236952 8
25440544 8
25461704 8
25235280 8
25469560 8
25462696 8
25437640 8
25432448 8
25454112 8
25472696 8
25439864 8
25451912 8
25435608 8
25440720 8
25470944 8
25467216 8
25470496 8
25434776 8
25233720 8
25233920 8
25454512 8
25468992 8
25432496 8
25469808 8
25459848 8
25466840 8
25437856 8
25463240 8
25470888 8
25442984 8
25471512 8
25450896 8
25472632 8
25469792 8
25451480 8
25454344 8
25456488 8
25462760 8
25442384 8
25432912 8
25440880 8
25446240 8
25451720 8
25442952 8
25449600 8
25458136 8
25468912 8
25445984 8
25449632 8
25450648 8
25460768 8
25449008 8
25445104 8
25461624 8
25457936 8
25436080 8
25430264 8
25470896 8
25438368 8
25464664 8
25452456 8
25430200 8
25437288 8
25438976 8
25432632 8
25446512 8
25437728 8
25462520 8
25435192 8
25470360 8
25431344 8
25458304 8
25441560 8
25434048 8
25471880 8
25455232 8
25452656 8
25465240 8
25443704 8
25431032 8
25430664 8
25463144 8
25441008 8
25432248 8
25469592 8
25458656 8
25447704 8
25445536 8
25441800 8
25438560 8
25472832 8
25437448 8
25472344 8
25436320 8
25430112 8
25447840 8
25436656 8
25452232 8
25459648 8
25458752 8
25467176 8
25451760 8
25452096 8
25445000 8
25431624 8
25457648 8
25472904 8
25444384 8
25463288 8
25450448 8
25470960 8
25467496 8
25457912 8
25470808 8
25434376 8
25431264 8
25431784 8
25443416 8
25432624 8
25469464 8
25447160 8
25445304 8
25468568 8
25467904 8
25440264 8
25467024 8
25457312 8
25466504 8
25453928 8
25463544 8
25440664 8
25461296 8
25457816 8
25456280 8
25444184 8
25465712 8
25455096 8
25430448 8
25438600 8
25454280 8
25431008 8
25437672 8
25455008 8
25462536 8
25445408 8
25454296 8
25465848 8
25467712 8
25447944 8
25453520 8
25462432 8
25469992 8
25464784 8
25461976 8
25431712 8
25446904 8
25471376 8
25453160 8
25431096 8
25468928 8
25233936 8
25235616 8
25470216 8
25467896 8
25460088 8
25448288 8
25465992 8
25433376 8
25434496 8
25450920 8
25441032 8
25434592 8
25446584 8
25472472 8
25458424 8
25455592 8
25458232 8
25434520 8
25436368 8
25472448 8
25441912 8
25437376 8
25472304 8
25471416 8
25447888 8
25443912 8
25459600 8
25462960 8
25235288 8
25436552 8
25447288 8
25437816 8
25432664 8
25432456 8
25460144 8
25444960 8
25432808 8
25435072 8
25472560 8
25463808 8
25468848 8
25237696 8
25470864 8
25449976 8
25470192 8
25237520 8
25452208 8
25447504 8
25472464 8
25234392 8
25450312 8
25234400 8
25430608 8
25432528 8
25472616 8
25234080 8
25469704 8
25453536 8
25438184 8
25436808 8
25447824 8
25435016 8
25459920 8
25446416 8
25443088 8
25451096 8
25436440 8
25443904 8
25430256 8
25470952 8
25459976 8
25454736 8
25463480 8
25448832 8
25234664 8
25469752 8
25465680 8
25451152 8
25439064 8
25432904 8
25444312 8
25431040 8
25452824 8
25473248 8
25465064 8
25470336 8
25471256 8
25436400 8
25471600 8
25439080 8
25460224 8
25468712 8
25433160 8
25467640 8
25451560 8
25472288 8
25453320 8
25459368 8
25233944 8
25452008 8
25435968 8
25456352 8
25233952 8
25445976 8
25430752 8
25431880 8
25453120 8
25450384 8
25436824 8
25430128 8
25463392 8
25445416 8
25234984 8
25469816 8
25466160 8
25431768 8
25453304 8
25451952 8
25434464 8
25453552 8
25463520 8
25455312 8
25460040 8
25471176 8
25439640 8
25473368 8
25440936 8
25466280 8
25472200 8
25460424 8
25456456 8
25468008 8
25449376 8
25459432 8
25450456 8
25448280 8
25442768 8
25447536 8
25448552 8
25461840 8
25467080 8
25460304 8
25466016 8
25440376 8
25234712 8
25460360 8
25463752 8
25441472 8
25470568 8
25468352 8
25463192 8
25453728 8
25472816 8
25436568 8
25431360 8
25451032 8
25449112 8
25472432 8
25436288 8
25437408 8
25456808 8
25434600 8
25234720 8
25461320 8
25470768 8
25472624 8
25431128 8
25448616 8
25433904 8
25448136 8
25448080 8
25449088 8
25472680 8
25448352 8
25453576 8
25449480 8
25434016 8
25451464 8
25462352 8
25452776 8
25448960 8
25451384 8
25444072 8
25456552 8
25450800 8
25464720 8
25457000 8
25453216 8
25463968 8
25450272 8
25442616 8
25472240 8
25458728 8
25455104 8
25469224 8
25473312 8
25456432 8
25456656 8
25238136 8
25463680 8
25460984 8
25234520 8
25445560 8
25439312 8
25452336 8
25450064 8
25456696 8
25430784 8
25236000 8
25450416 8
25458480 8
25236008 8
25435320 8
25462688 8
25234104 8
25450216 8
25444144 8
25462048 8
25445952 8
25457704 8
25236176 8
25435992 8
25443432 8
25473288 8
25447248 8
25466888 8
25463000 8
25462944 8
25442560 8
25438008 8
25450360 8
25472168 8
25450112 8
25465576 8
25462832 8
25471504 8
25234384 8
25450328 8
25434560 8
25430600 8
25453064 8
25440064 8
25433680 8
25431576 8
25460800 8
25430704 8
25430976 8
25435744 8
25444992 8
25469608 8
25438288 8
25235704 8
25441616 8
25450016 8
25443224 8
25439120 8
25433616 8
25473336 8
25448920 8
25453016 8
25473408 8
25460760 8
25435936 8
25436240 8
25454504 8
25466816 8
25435680 8
25469936 8
25430392 8
25441888 8
25450248 8
25235176 8
25432952 8
25463672 8
25473056 8
25437760 8
25454224 8
25437888 8
25442800 8
25471928 8
25473176 8
25443832 8
25456112 8
25440696 8
25438128 8
25450784 8
25469456 8
25235736 8
25433688 8
25449672 8
25434112 8
25466096 8
25448232 8
25449568 8
25432144 8
25469344 8
25442088 8
25464496 8
25450080 8
25435216 8
25463104 8
25432368 8
25432048 8
25437208 8
25440712 8
25432120 8
25442584 8
25471480 8
25431448 8
25453272 8
25236376 8
25436960 8
25446728 8
25465952 8
25442896 8
25468704 8
25445920 8
25238056 8
25458776 8
25459128 8
25433072 8
25454312 8
25445912 8
25431736 8
25443472 8
25444488 8
25444064 8
25446192 8
25469136 8
25234232 8
25450656 8
25466856 8
25452912 8
25432488 8
25466688 8
25236696 8
25443656 8
25454032 8
25438576 8
25430408 8
25459680 8
25444576 8
25462256 8
25434248 8
25469624 8
25459880 8
25450728 8
25436176 8
25446392 8
25471128 8
25449912 8
25448472 8
25438704 8
25238184 8
25461392 8
25467816 8
25448200 8
25460160 8
25446680 8
25444168 8
25431512 8
25472736 8
25440456 8
25461952 8
25448792 8
25450176 8
25469648 8
25436456 8
25432816 8
25450032 8
25456312 8
25461088 8
25430312 8
25234792 8
25454800 8
25462464 8
25451496 8
25456368 8
25460368 8
25468728 8
25467072 8
25464216 8
25431952 8
25467256 8
25453768 8
25433112 8
25458176 8
25469664 8
25453752 8
25452608 8
25439496 8
25446288 8
25468400 8
25468672 8
25455272 8
25435832 8
25235696 8
25471528 8
25457232 8
25435376 8
25433552 8
25435760 8
25445736 8
25473032 8
25439200 8
25431272 8
25452848 8
25459232 8
25471312 8
25460048 8
25443552 8
25451072 8
25437248 8
25451856 8
25451352 8
25450880 8
25455536 8
25436632 8
25472392 8
25446344 8
25464312 8
25472368 8
25446496 8
25470992 8
25439104 8
25451424 8
25465584 8
25458040 8
25441448 8
25449344 8
25459832 8
25431392 8
25456480 8
25234288 8
25453776 8
25439936 8
25464840 8
25464552 8
25430512 8
25459928 8
25236888 8
25439984 8
25452248 8
25441816 8
25470096 8
25233728 8
25445344 8
25450512 8
25469104 8
25432544 8
25445240 8
25464688 8
25433136 8
25441792 8
25442744 8
25433096 8
25445904 8
25447680 8
25440952 8
25434680 8
25472400 8
25433720 8
25451960 8
25432312 8
25455840 8
25460352 8
25443992 8
25459872 8
25439424 8
25458352 8
25456096 8
25456968 8
25441832 8
25471336 8
25456784 8
25436008 8
25448992 8
25463528 8
25444080 8
25439248 8
25233736 8
25451616 8
25445024 8
25439728 8
25433608 8
25455408 8
25461240 8
25450704 8
25439432 8
25452264 8
25436464 8
25468304 8
25465216 8
25448704 8
25439960 8
25436640 8
25442296 8
25466272 8
25456840 8
25441440 8
25451248 8
25435568 8
25470320 8
25446712 8
25435256 8
25433528 8
25436872 8
25461600 8
25437112 8
25445152 8
25464304 8
25442024 8
25456984 8
25461560 8
25446624 8
25430032 8
25461792 8
25446480 8
25458560 8
25434768 8
25455888 8
25437256 8
25431016 8
25235920 8
25469488 8
25450808 8
25449888 8
25434952 8
25234136 8
25443008 8
25456736 8
25472760 8
25445592 8
25432552 8
25456160 8
25236608 8
25454808 8
25445552 8
25469576 8
25441336 8
25466624 8
25460288 8
25444544 8
25438048 8
25461888 8
25430344 8
25449400 8
25433040 8
25440424 8
25448344 8
25433424 8
25444048 8
25450888 8
25472648 8
25465960 8
25454120 8
25471144 8
25437024 8
25452960 8
25454000 8
25464344 8
25439608 8
25471960 8
25456960 8
25461200 8
25459168 8
25441480 8
25449800 8
25450568 8
25471608 8
25470424 8
25471776 8
25438504 8
25449104 8
25453224 8
25461752 8
25455288 8
25453704 8
25462176 8
25452688 8
25470592 8
25444288 8
25446864 8
25451056 8
25452648 8
25447208 8
25433800 8
25237736 8
25459696 8
25463280 8
25456680 8
25460296 8
25468552 8
25451392 8
25450960 8
25444272 8
25236712 8
25456728 8
25438656 8
25439976 8
25448600 8
25470656 8
25464600 8
25441464 8
25447456 8
25471408 8
25465520 8
25463536 8
25433872 8
25451512 8
25435224 8
25463272 8
25447792 8
25451448 8
25462480 8
25439992 8
25437568 8
25445136 8
25444200 8
25440432 8
25463160 8
25441872 8
25456000 8
25432104 8
25441576 8
25439384 8
25449728 8
25234848 8
25455992 8
25450744 8
25431504 8
25470912 8
25470576 8
25437776 8
25442256 8
25468000 8
25467848 8
25458016 8
25447328 8
25450776 8
25466000 8
25439776 8
25236728 8
25438768 8
25467688 8
25461400 8
25462472 8
25465144 8
25439280 8
25448032 8
25462120 8
25468696 8
25440728 8
25440440 8
25455048 8
25440768 8
25440896 8
25446504 8
25233792 8
25436720 8
25456856 8
25467416 8
25445112 8
25444032 8
25461960 8
25444392 8
25438344 8
25463360 8
25449776 8
25463336 8
25464400 8
25449904 8
25438880 8
25467528 8
25442040 8
25459624 8
25431760 8
25445808 8
25431792 8
25233800 8
25446824 8
25456376 8
25446552 8
25460448 8
25437512 8
25458512 8
25461864 8
25449784 8
25438696 8
25444712 8
25443376 8
25465656 8
25439272 8
25471680 8
25436496 8
25463216 8
25463856 8
25430056 8
25458472 8
25435136 8
25470368 8
25458320 8
25468192 8
25462488 8
25444232 8
25449152 8
25456296 8
25461184 8
25456768 8
25471568 8
25434656 8
25432520 8
25438944 8
25431184 8
25432752 8
25439288 8
25440096 8
25459472 8
25437536 8
25469880 8
25470344 8
25463832 8
25458288 8
25444440 8
25437152 8
25471368 8
25432336 8
25453968 8
25459176 8
25453880 8
25467584 8
25459328 8
25470976 8
25441024 8
25450344 8
25438296 8
25430920 8
25469296 8
25434616 8
25467928 8
25451440 8
25466216 8
25469016 8
25472024 8
25449720 8
25459080 8
25454240 8
25459088 8
25467240 8
25454424 8
25461904 8
25467152 8
25435208 8
25459968 8
25463376 8
25450048 8
25438328 8
25438816 8
25448880 8
25471768 8
25450040 8
25468040 8
25435512 8
25460816 8
25445088 8
25237080 8
25459104 8
25453416 8
25456544 8
25457064 8
25442216 8
25450152 8
25472120 8
25461536 8
25466544 8
25466720 8
25465792 8
25235512 8
25441160 8
25438392 8
25464328 8
25443216 8
25433736 8
25440856 8
25463624 8
25466872 8
25445824 8
25453248 8
25473096 8
25434304 8
25447896 8
25457160 8
25458144 8
25433272 8
25468632 8
25458008 8
25461048 8
25466040 8
25433080 8
25466336 8
25448408 8
25444736 8
25452296 8
25463936 8
25455912 8
25460024 8
25469680 8
25454024 8
25463176 8
25441528 8
25459032 8
25466912 8
25450504 8
25438168 8
25444512 8
25460520 8
25435552 8
25449328 8
25471448 8
25454128 8
25444336 8
25447376 8
25437632 8
25438304 8
25461256 8
25449216 8
25451848 8
25453448 8
25471464 8
25238160 8
25233784 8
25236624 8
25238152 8
25237256 8
25238216 8
25236632 8
25238224 8
25237496 8
25238280 8
25434000 8
25442592 8
25446400 8
25443352 8
25454328 8
25442168 8
25448560 8
25439872 8
25454896 8
25439664 8
25466416 8
25467880 8
25432824 8
25470840 8
25464392 8
25451936 8
25435696 8
25438648 8
25459888 8
25459184 8
25449984 8
25442880 8
25447864 8
25459488 8
25437128 8
25459792 8
25458944 8
25457048 8
25438416 8
25431984 8
25442672 8
25434912 8
25445624 8
25444008 8
25452440 8
25442432 8
25457784 8
25469760 8
25448752 8
25464016 8
25431608 8
25447464 8
25462720 8
25447304 8
25448000 8
25442512 8
25471472 8
25430456 8
25463840 8
25466944 8
25458960 8
25448696 8
25444792 8
25447992 8
25434240 8
25440960 8
25439320 8
25442160 8
25448976 8
25441840 8
25469632 8
25437168 8
25436048 8
25459312 8
25442992 8
25471560 8
25438272 8
25465864 8
25447880 8
25466304 8
25442408 8
25472312 8
25469352 8
25446024 8
25471592 8
25438496 8
25468120 8
25430440 8
25442624 8
25450792 8
25447664 8
25458392 8
25430944 8
25433384 8
25443264 8
25471096 8
25432168 8
25444624 8
25431472 8
25458824 8
25462512 8
25452784 8
25438280 8
25467472 8
25452832 8
25463456 8
25444448 8
25452272 8
25468664 8
25451000 8
25455088 8
25451472 8
25441104 8
25460016 8
25431640 8
25438144 8
25440384 8
25464520 8
25455624 8
25471976 8
25442304 8
25435864 8
25451296 8
25442312 8
25438752 8
25471064 8
25433776 8
25432720 8
25457568 8
25432728 8
25439528 8
25456264 8
25431552 8
25459616 8
25458648 8
25444088 8
25449968 8
25451016 8
25448512 8
25440864 8
25454824 8
25469568 8
25468768 8
25432088 8
25464112 8
25438960 8
25461080 8
25443688 8
25472176 8
25438376 8
25472256 8
25455024 8
25471400 8
25457792 8
25437352 8
25441600 8
25452120 8
25450008 8
25457072 8
25433352 8
25446856 8
25457464 8
25430696 8
25440624 8
25452704 8
25470432 8
25465496 8
25458576 8
25443616 8
25471544 8
25438488 8
25471808 8
25460568 8
25445168 8
25453736 8
25448712 8
25447752 8
25457272 8
25457376 8
25462184 8
25469440 8
25465488 8
25464440 8
25456080 8
25462368 8
25469800 8
25442808 8
25462032 8
25466392 8
25432640 8
25470744 8
25465168 8
25446160 8
25452176 8
25443952 8
25443336 8
25451304 8
25467720 8
25439072 8
25441544 8
25457416 8
25467512 8
25430208 8
25432840 8
25457608 8
25462792 8
25442568 8
25435432 8
25443232 8
25440360 8
25463888 8
25454944 8
25467656 8
25468936 8
25458152 8
25466744 8
25437344 8
25435048 8
25433496 8
25471056 8
25448184 8
25435056 8
25469528 8
25430568 8
25437992 8
25472376 8
25442680 8
25441712 8
25469848 8
25473272 8
25452592 8
25434888 8
25441304 8
25472912 8
25433928 8
25430832 8
25467944 8
25436344 8
25442912 8
25473000 8
25451232 8
25430616 8
25465696 8
25457624 8
25472672 8
25466968 8
25468056 8
25432680 8
25443528 8
25432992 8
25444816 8
25442752 8
25438256 8
25442200 8
25433648 8
25447952 8
25472480 8
25467680 8
25457320 8
25442440 8
25453608 8
25435408 8
25469544 8
25450368 8
25451696 8
25453816 8
25435096 8
25452448 8
25436472 8
25438320 8
25469616 8
25433168 8
25451896 8
25440400 8
25463848 8
25448496 8
25439016 8
25469696 8
25464896 8
25466936 8
25453600 8
25466208 8
25452624 8
25431104 8
25451240 8
25463072 8
25436088 8
25453480 8
25434192 8
25467504 8
25471152 8
25444528 8
25442456 8
25454056 8
25433520 8
25434120 8
25451432 8
25465776 8
25443944 8
25463960 8
25468392 8
25463584 8
25466560 8
25452368 8
25447312 8
25435448 8
25438264 8
25445160 8
25437584 8
25464032 8
25444880 8
25453488 8
25447040 8
25437384 8
25450168 8
25442832 8
25446968 8
25462936 8
25451872 8
25440344 8
25434344 8
25437224 8
25454408 8
25445768 8
25445352 8
25468360 8
25441808 8
25449712 8
25459296 8
25452032 8
25448216 8
25457224 8
25435560 8
25437400 8
25450616 8
25448376 8
25432096 8
25454640 8
25452360 8
25441584 8
25431632 8
25462408 8
25446832 8
25447032 8
25430192 8
25446296 8
25472568 8
25458880 8
25469088 8
25468816 8
25450464 8
25458592 8
25454088 8
25463440 8
25448464 8
25444912 8
25462800 8
25442848 8
25454584 8
25456896 8
25433672 8
25442400 8
25466152 8
25457408 8
25443896 8
25443808 8
25447296 8
25437272 8
25467800 8
25438192 8
25449856 8
25459800 8
25431464 8
25236032 8
25435960 8
25438000 8
25468080 8
25468280 8
25450592 8
25435400 8
25446432 8
25437552 8
25471280 8
25464768 8
25446472 8
25456400 8
25452288 8
25464464 8
25467960 8
25460440 8
25457880 8
25444664 8
25430712 8
25446120 8
25468200 8
25433592 8
25430504 8
25433888 8
25434280 8
25469584 8
25466184 8
25457920 8
25460208 8
25470280 8
25451008 8
25444688 8
25468720 8
25436120 8
25433792 8
25452216 8
25464024 8
25441208 8
25456624 8
25453200 8
25455896 8
25452416 8
25460064 8
25432696 8
25470536 8
25439152 8
25433504 8
25466800 8
25435768 8
25463448 8
25463824 8
25453440 8
25433704 8
25467112 8
25439792 8
25448480 8
25450432 8
25458640 8
25465504 8
25453360 8
25435944 8
25441400 8
25435856 8
25435848 8
25469872 8
25430808 8
25436376 8
25442712 8
25430416 8
25456240 8
25459560 8
25468808 8
25443384 8
25431240 8
25431728 8
25472328 8
25445200 8
25441552 8
25458168 8
25453264 8
25468528 8
25451264 8
25434008 8
25463048 8
25464040 8
25467304 8
25455376 8
25460928 8
25456104 8
25435592 8
25456344 8
25445528 8
25456496 8
25445016 8
25465648 8
25458848 8
25472000 8
25431024 8
25462200 8
25446304 8
25437840 8
25471784 8
25461808 8
25462424 8
25465432 8
25436504 8
25455816 8
25473136 8
25463312 8
25467368 8
25453832 8
25453512 8
25450816 8
25439176 8
25456848 8
25466128 8
25469896 8
25453464 8
25451208 8
25452744 8
25468168 8
25455800 8
25470672 8
25443176 8
25455440 8
25468840 8
25430304 8
25446760 8
25461912 8
25457080 8
25430904 8
25458312 8
25431848 8
25442360 8
25436136 8
25464608 8
25447648 8
25471224 8
25433032 8
25444240 8
25438448 8
25450680 8
25465784 8
25455240 8
25460856 8
25444904 8
25432024 8
25466480 8
25472552 8
25464864 8
25463720 8
25434688 8
25454336 8
25469256 8
25235376 8
25472504 8
25471072 8
25432688 8
25439256 8
25454984 8
25448176 8
25439672 8
25438928 8
25443056 8
25435800 8
25472104 8
25471296 8
25471848 8
25459496 8
25464408 8
25439736 8
25449224 8
25433088 8
25455448 8
25437192 8
25442944 8
25472688 8
25434392 8
25440224 8
25435304 8
25453712 8
25464744 8
25464240 8
25466088 8
25466240 8
25446912 8
25453152 8
25433760 8
25453048 8
25465928 8
25444120 8
25470704 8
25463816 8
25456448 8
25463136 8
25472576 8
25458296 8
25454664 8
25446784 8
25447072 8
25462440 8
25453544 8
25470800 8
25442960 8
25462664 8
25442376 8
25469960 8
25448576 8
25471104 8
25442864 8
25434840 8
25470304 8
25442488 8
25462600 8
25462968 8
25430216 8
25473392 8
25462680 8
25432616 8
25435120 8
25466824 8
25445504 8
25464976 8
25430048 8
25467424 8
25447240 8
25473232 8
25453616 8
25445872 8
25457992 8
25469168 8
25448304 8
25441960 8
25434968 8
25436248 8
25439296 8
25431520 8
25450136 8
25443480 8
25432176 8
25440448 8
25440248 8
25438728 8
25432536 8
25430536 8
25442272 8
25464568 8
25455560 8
25442280 8
25453944 8
25453624 8
25446776 8
25447048 8
25450608 8
25459208 8
25455760 8
25458792 8
25452080 8
25441856 8
25436360 8
25430152 8
25437464 8
25447728 8
25442328 8
25462216 8
25460960 8
25452992 8
25457808 8
25456288 8
25466032 8
25473224 8
25436512 8
25446376 8
25468240 8
25461096 8
25451520 8
25440632 8
25468016 8
25465352 8
25473064 8
25454696 8
25449824 8
25445336 8
25470920 8
25461512 8
25460400 8
25450144 8
25446768 8
25455608 8
25453328 8
25445744 8
25463088 8
25467160 8
25444352 8
25448168 8
25443600 8
25440792 8
25435920 8
25457152 8
25430296 8
25468424 8
25436352 8
25464368 8
25454536 8
25442392 8
25456744 8
25470040 8
25437600 8
25469128 8
25435104 8
25452280 8
25469424 8
25433880 8
25466568 8
25447920 8
25449584 8
25465816 8
25447080 8
25459040 8
25465880 8
25472992 8
25454144 8
25431200 8
25441152 8
25441896 8
25464192 8
25466288 8
25471272 8
25445128 8
25469040 8
25470048 8
25472888 8
25465600 8
25440208 8
25444176 8
25446984 8
25467040 8
25450696 8
25433568 8
25452560 8
25461720 8
25435792 8
25439944 8
25464104 8
25469776 8
25467608 8
25444304 8
25447928 8
25443400 8
25435240 8
25440272 8
25473080 8
25442072 8
25442792 8
25443800 8
25467968 8
25455064 8
25441488 8
25441144 8
25455640 8
25431600 8
25445848 8
25459048 8
25465840 8
25437104 8
25432040 8
25456248 8
25465896 8
25462584 8
25471496 8
25458408 8
25432376 8
25469952 8
25444056 8
25434784 8
25457928 8
25450560 8
25434080 8
25454416 8
25448392 8
25435272 8
25459264 8
25437136 8
25467952 8
29427992 8
29624344 8
25234504 8
25235688 8
25433512 8
25461824 8
25439768 8
25235672 8
25434096 8
25456424 8
25461712 8
25442128 8
25461216 8
25434944 8
25435776 8
25453456 8
25434608 8
25468152 8
25433464 8
25449056 8
25445664 8
25462864 8
25455632 8
25439968 8
25466296 8
25435152 8
25450440 8
25464232 8
25437592 8
25237832 8
25462448 8
25461008 8
25457656 8
25452872 8
25236096 8
25440008 8
25435624 8
25466120 8
25467568 8
25455344 8
25443864 8
25235080 8
25441432 8
25457896 8
25471320 8
25446008 8
25431992 8
25438744 8
25465480 8
25440488 8
25236752 8
25439032 8
25234512 8
25459272 8
25448008 8
25448520 8
25430760 8
25447632 8
25465936 8
25235640 8
25236440 8
25236448 8
29428072 8
29624416 8
25462952 8
25236456 8
25442064 8
25437216 8
25235648 8
25235656 8
25237344 8
25445176 8
25235664 8
25433416 8
25453192 8
25440024 8
25470784 8
25463232 8
25450968 8
25440680 8
25233744 8
25234272 8
25237648 8
25237656 8
25465768 8
25449240 8
25430472 8
25437560 8
25473144 8
25234048 8
25234608 8
25473400 8
25439616 8
25430952 8
25236384 8
25438800 8
25457736 8
25472728 8
25236536 8
25437848 8
25455784 8
25437008 8
25236528 8
25464224 8
25437792 8
25471904 8
25461992 8
25462984 8
25465464 8
25445992 8
25443152 8
25448728 8
25453104 8
25238032 8
25458344 8
25234056 8
25234064 8
25234072 8
25464152 8
25431912 8
25440552 8
25439752 8
25430248 8
25453008 8
25439456 8
25472600 8
25459984 8
25461192 8
25442184 8
25438544 8
25237424 8
25446136 8
25461312 8
25434472 8
25459144 8
25238016 8
25461528 8
25472440 8
25470120 8
25457440 8
25236496 8
25456336 8
25437608 8
25463784 8
25234640 8
25234648 8
25456040 8
25452568 8
25464208 8
25470352 8
25454744 8
25439848 8
25453344 8
25432744 8
25430984 8
25467336 8
25451112 8
25235456 8
25235464 8
25435008 8
25452528 8
25433816 8
25437096 8
25466920 8
25467488 8
25432960 8
25464088 8
25445608 8
25435000 8
25462080 8
25448104 8
25471008 8
25466384 8
25235272 8
25432424 8
25459552 8
25448360 8
25235216 8
25235224 8
25237096 8
25464488 8
25470624 8
25443696 8
25447912 8
25442416 8
25461448 8
25461696 8
25235232 8
25432288 8
25466984 8
25432784 8
25440928 8
25462064 8
25434504 8
25432432 8
25456688 8
25458520 8
25454368 8
25465552 8
25236656 8
25438240 8
25434984 8
25236304 8
25441984 8
25462008 8
25436704 8
25237264 8
25472128 8
25444536 8
25458544 8
25236576 8
25236584 8
25236592 8
25462344 8
25437904 8
25463688 8
25445360 8
25235248 8
25235256 8
25235264 8
25461160 8
25467920 8
25435688 8
25468888 8
25432352 8
25455504 8
25461544 8
25445288 8
25450224 8
25233752 8
25233760 8
25233768 8
25468472 8
25434584 8
25445456 8
25235576 8
25237528 8
25447544 8
25470752 8
25460096 8
25452944 8
25454704 8
25235584 8
25454480 8
25444160 8
25433296 8
25435080 8
25463368 8
25470968 8
25459744 8
25456880 8
25443360 8
25472936 8
25472488 8
25471984 8
25464968 8
25466880 8
25466576 8
25453896 8
25441592 8
25443856 8
25455648 8
25234000 8
25434528 8
25430184 8
25465320 8
25452064 8
25444464 8
25433536 8
25447416 8
25460936 8
25468136 8
25452184 8
25434264 8
25431152 8
25434480 8
25446216 8
25461944 8
25452056 8
25447584 8
25439216 8
25434536 8
25461424 8
25452376 8
25450928 8
25451488 8
25445056 8
25450904 8
25468216 8
25468464 8
25458736 8
25448936 8
25462648 8
25469208 8
25463248 8
25455512 8
25453312 8
25467432 8
25461464 8
25450104 8
25468048 8
25434336 8
25430816 8
25457240 8
25236664 8
25453128 8
25444720 8
25464272 8
25442904 8
25464816 8
25460912 8
25438336 8
25435472 8
25457888 8
25236152 8
25236160 8
25467264 8
25443776 8
25466728 8
25438312 8
25435816 8
25467616 8
25446664 8
25435808 8
25466584 8
25465192 8
25470664 8
25460712 8
25456640 8
25457200 8
25439344 8
25468112 8
25468248 8
25470312 8
25468752 8
25445760 8
25235752 8
25464144 8
25446752 8
25441776 8
25433920 8
25464584 8
25461640 8
25444928 8
25464256 8
25442096 8
25235776 8
25434056 8
25446048 8
25471744 8
25452584 8
25448336 8
25439576 8
25440616 8
25457384 8
25464168 8
25431288 8
25456584 8
25463384 8
25449016 8
25443488 8
25444920 8
25434040 8
25445568 8
25233776 8
25444136 8
25471720 8
25471896 8
25430040 8
25443160 8
25438112 8
25438872 8
25432888 8
25459720 8
25441688 8
25457832 8
25235784 8
25438776 8
25454168 8
25434104 8
25453640 8
25441864 8
25442176 8
25465720 8
25458504 8
25458624 8
25467992 8
25235336 8
25432568 8
25235880 8
25446800 8
25434872 8
25434880 8
25437032 8
25450840 8
25462224 8
25444616 8
25445032 8
25458608 8
25457552 8
25433936 8
25234576 8
25236392 8
25236400 8
25236408 8
25437040 8
25443728 8
25457840 8
25453168 8
25437984 8
25462928 8
25448784 8
25463352 8
25465736 8
25430864 8
25454872 8
25468024 8
25441416 8
25236640 8
25237064 8
25442080 8
25438152 8
25443392 8
25234552 8
25234560 8
25234656 8
25439224 8
25433840 8
25471760 8
25455184 8
25445264 8
25436536 8
25438040 8
25441016 8
25432280 8
25457544 8
25440480 8
25440200 8
25443240 8
25471432 8
25440608 8
25444776 8
25433048 8
25470288 8
25450544 8
25450264 8
25439336 8
25464984 8
25466488 8
25469176 8
25430992 8
25461016 8
25467744 8
25432344 8
25433600 8
25454160 8
25462240 8
25460008 8
25445800 8
25464000 8
25469840 8
25466352 8
25464296 8
25466168 8
25439704 8
25444608 8
25234568 8
25436984 8
25454912 8
25453568 8
25467224 8
25459640 8
25451328 8
25454952 8
25447112 8
25437200 8
25466680 8
25469720 8
25468760 8
25439784 8
25451344 8
25442760 8
25433368 8
25430840 8
25470088 8
25455040 8
25457352 8
25450832 8
25451680 8
25431920 8
25462736 8
25470600 8
25441976 8
25459440 8
25462552 8
25438824 8
25452680 8
25431528 8
25462880 8
25440808 8
25441128 8
25472968 8
25235480 8
25235624 8
25235632 8
25433408 8
25467016 8
25438664 8
25237056 8
25442000 8
25448432 8
25449208 8
25457192 8
25467104 8
29428128 8
29624464 8
25451080 8
25433016 8
25444360 8
25235712 8
25236136 8
25236144 8
25451984 8
25462568 8
25435672 8
25454384 8
25433624 8
25448424 8
25235560 8
25235568 8
25435896 8
25454496 8
25456568 8
25436952 8
25455824 8
25433288 8
25444296 8
25469728 8
25463200 8
25458816 8
25234928 8
25234936 8
25234944 8
25434640 8
25431616 8
25447280 8
25237008 8
25441536 8
25432000 8
25443456 8
25435336 8
25234480 8
25234488 8
25234496 8
25443880 8
25443048 8
25464888 8
25452016 8
25472784 8
25465528 8
25467824 8
25431208 8
25470560 8
25469120 8
25432200 8
25430744 8
25456216 8
25435544 8
25434216 8
25453184 8
25452984 8
25459536 8
25447808 8
25434328 8
25437944 8
25451664 8
25236792 8
25236800 8
25237152 8
25442824 8
25442816 8
25468680 8
25236808 8
25439328 8
25460904 8
25456320 8
25235344 8
29428056 8
29428064 8
29624408 8
25235352 8
25236968 8
25446456 8
25445840 8
25440704 8
25464792 8
25235360 8
25441064 8
25441248 8
25437680 8
25432592 8
25432736 8
25465360 8
25234088 8
25460736 8
25234096 8
25436800 8
25430272 8
25464624 8
25433848 8
25460312 8
25437616 8
25461176 8
25439024 8
25460776 8
25472032 8
25467312 8
25460864 8
25438216 8
25468688 8
25444552 8
25470720 8
25431408 8
25468160 8
25434272 8
25438672 8
25458888 8
25447856 8
25235792 8
25235800 8
25434128 8
25238008 8
25457344 8
25237480 8
25446560 8
29427984 8
29624336 8
25237504 8
25447104 8
25237176 8
25454624 8
25443304 8
25452352 8
25472416 8
25433992 8
25467704 8
25458784 8
25438080 8
25465856 8
25235384 8
25235392 8
25236192 8
25436168 8
25461000 8
25235400 8
25442840 8
25432848 8
25459240 8
25444680 8
25236272 8
25236280 8
25236288 8
25464080 8
25436672 8
25436904 8
25441720 8
25454928 8
25236416 8
25472656 8
25471632 8
25445432 8
25437064 8
25438056 8
25465560 8
25235136 8
25235144 8
25235152 8
25432112 8
25237640 8
25449040 8
25455704 8
25445320 8
25236232 8
25436576 8
25458984 8
25447056 8
25237944 8
25455000 8
25235408 8
25471112 8
25465304 8
25454560 8
25452640 8
25236352 8
25445512 8
25449536 8
25459320 8
25446696 8
25450424 8
25436848 8
25447816 8
25432920 8
25434928 8
25463064 8
25445400 8
25235416 8
25432856 8
25470776 8
25461608 8
25235312 8
25440744 8
25471352 8
25471328 8
25469024 8
25465920 8
25434856 8
25432504 8
25236928 8
25458864 8
25461760 8
25446448 8
25471936 8
25440216 8
25456048 8
25451792 8
25440296 8
25455144 8
25450320 8
25235888 8
25434896 8
25442968 8
25457304 8
25443712 8
25234592 8
25442728 8
25437016 8
25463400 8
25434552 8
25439544 8
25237552 8
25237560 8
25447848 8
25237952 8
25455072 8
25438888 8
25452856 8
25446256 8
25437264 8
25430888 8
25439448 8
25441224 8
25446384 8
25449120 8
25452552 8
25465344 8
25461496 8
25469152 8
25469496 8
25446600 8
25238040 8
25458376 8
25472928 8
25435280 8
25468872 8
25441200 8
25438616 8
25234280 8
25430552 8
25438712 8
25438400 8
25472768 8
25469864 8
25462264 8
25467448 8
25237000 8
25441256 8
25470168 8
25430480 8
25473280 8
25440688 8
25434824 8
25470832 8
25443936 8
25465744 8
25462376 8
25457824 8
25439584 8
25457728 8
25236248 8
25236256 8
25236264 8
25439552 8
25436648 8
25440872 8
25237280 8
25237288 8
25444840 8
25463320 8
25458896 8
25436616 8
25446704 8
25453848 8
25442856 8
25235016 8
25431808 8
25433120 8
25453384 8
25450720 8
25234992 8
25235000 8
25235008 8
25431800 8
25237936 8
25454960 8
25432384 8
25237416 8
25445832 8
25472360 8
25236216 8
25436416 8
25467480 8
25450712 8
25236360 8
25458704 8
25470608 8
25440920 8
25442664 8
25458248 8
25470928 8
25459704 8
25436856 8
25235168 8
25235760 8
25237336 8
25449640 8
25457904 8
25469056 8
25457720 8
25470824 8
25469736 8
25445096 8
25449544 8
25441408 8
25235768 8
25446568 8
25471664 8
25433968 8
25452536 8
25438984 8
25449160 8
25446632 8
25459336 8
25448096 8
25432136 8
29428080 8
29428088 8
29624424 8
25461520 8
25235088 8
25235096 8
25235104 8
25432032 8
25434160 8
25466144 8
25456864 8
25434568 8
25471344 8
25447400 8
25448088 8
25435352 8
25458856 8
25435664 8
25456088 8
25435488 8
25465056 8
25446040 8
25235536 8
25235544 8
25235552 8
25456608 8
25439568 8
25433248 8
25441848 8
25449848 8
25443448 8
25234840 8
25237576 8
25453336 8
25467120 8
25449752 8
25448024 8
25431480 8
25459816 8
25235296 8
25236328 8
25448800 8
25237768 8
25452312 8
25462824 8
25438464 8
25449576 8
25443024 8
25468744 8
25458256 8
25447360 8
25436776 8
29428008 8
29624360 8
25461800 8
25435480 8
25235304 8
25470648 8
25469272 8
25436192 8
25443208 8
25458664 8
25450208 8
25432464 8
25458368 8
29428136 8
29624480 8
25436256 8
29428192 8
29624528 8
25235728 8
25436304 8
25445144 8
25237272 8
25444592 8
25433656 8
25437976 8
25237920 8
25454728 8
25447968 8
25435712 8
25460688 8
25465384 8
25467320 8
25237216 8
25443816 8
25452112 8
25440568 8
25234624 8
25237792 8
25237800 8
25237808 8
25237816 8
25237824 8
25452840 8
25453632 8
25234632 8
25430968 8
25444832 8
25460104 8
25237296 8
25237304 8
25237440 8
25237448 8
25446184 8
25444888 8
25453408 8
25431248 8
25235744 8
25455176 8
25458272 8
25442600 8
25435024 8
25454576 8
25433864 8
25234528 8
25234536 8
25235816 8
25449464 8
25435632 8
25441056 8
25440352 8
25462640 8
25459856 8
25441312 8
25434152 8
25436232 8
25234544 8
25451272 8
25470792 8
25431336 8
25442352 8
25450824 8
25430824 8
25459912 8
25454448 8
25236648 8
25457576 8
25469536 8
25438200 8
25462656 8
25464952 8
25234728 8
25472352 8
25431176 8
25441072 8
25467392 8
25432400 8
25433208 8
25433184 8
25472072 8
25236040 8
25236048 8
25236056 8
25468072 8
25435440 8
25437808 8
25237672 8
25449608 8
25465152 8
25460616 8
25237488 8
25446656 8
25447744 8
25236880 8
25439688 8
25447488 8
25237112 8
25442696 8
25454520 8
25237184 8
25443312 8
25470528 8
25237384 8
25445392 8
25235992 8
25441624 8
25447200 8
25435296 8
25234768 8
25234776 8
25236208 8
25459008 8
25444328 8
25436408 8
25467232 8
25234784 8
25431256 8
25471360 8
25453040 8
25453584 8
25472592 8
25438992 8
25437120 8
25234024 8
25234032 8
25237664 8
25450848 8
25449560 8
25457104 8
25468792 8
25234040 8
25464264 8
25433832 8
25440088 8
25433752 8
25451768 8
25436208 8
25431328 8
25449144 8
25468984 8
25431840 8
25457616 8
25470440 8
25444896 8
25459456 8
25443064 8
25473376 8
25465408 8
25436064 8
25438568 8
25445448 8
25469768 8
25430232 8
25465096 8
25236736 8
25449624 8
25438792 8
25458280 8
25441952 8
25238208 8
25461776 8
25466360 8
25442112 8
25236672 8
25467592 8
25448624 8
25438512 8
25235520 8
25236760 8
25236768 8
25439136 8
25470616 8
25443872 8
25442480 8
25457456 8
25453072 8
25455392 8
25447712 8
25237024 8
25442688 8
25441608 8
25465448 8
25237376 8
25445312 8
25459016 8
25462768 8
25235528 8
25433192 8
25441080 8
25237016 8
25441568 8
25452576 8
25458208 8
25472424 8
25234864 8
25234872 8
25235120 8
25466024 8
25432072 8
25435328 8
25435128 8
25442504 8
25444096 8
25455928 8
25437440 8
25234880 8
25461936 8
25462136 8
25441392 8
25431872 8
25435168 8
25431544 8
25446648 8
25446072 8
25234440 8
25459064 8
25234448 8
25234456 8
25452152 8
25433856 8
25444632 8
25234856 8
25436712 8
25439920 8
25431536 8
25467736 8
25458328 8
25441424 8
25437424 8
25460672 8
25439808 8
25463768 8
25473104 8
25445328 8
25436448 8
25448416 8
25460584 8
25234464 8
25441048 8
25441280 8
25458992 8
25456144 8
25436920 8
25434432 8
25465288 8
25436912 8
25449744 8
25443520 8
25454976 8
25430720 8
25456904 8
25441000 8
25455168 8
25441232 8
25464280 8
25431832 8
25445224 8
25470240 8
25432936 8
25437520 8
25471024 8
25439048 8
25235936 8
25235944 8
25465072 8
25237392 8
25450536 8
25466056 8
25445480 8
25452040 8
25451088 8
25235952 8
25435112 8
25454904 8
25438848 8
25236016 8
25236024 8
25451920 8
25435368 8
25448048 8
25469448 8
25236424 8
25236432 8
25467056 8
25437184 8
25455976 8
25437176 8
25448240 8
25445296 8
25440888 8
25439744 8
25437864 8
25452240 8
25445968 8
25234200 8
25437472 8
25468128 8
25235112 8
25443168 8
25432056 8
25454768 8
25237240 8
25462672 8
25454712 8
25444416 8
25459864 8
25472496 8
25430384 8
25235720 8
25452760 8
25433640 8
25465224 8
25468832 8
25449840 8
25436664 8
25471384 8
25443032 8
25470024 8
25438424 8
25442976 8
25449096 8
25462776 8
25457984 8
25448776 8
25446792 8
25234208 8
25234704 8
25431112 8
25452496 8
25444784 8
25443576 8
25452488 8
25435952 8
25467136 8
25450336 8
25468408 8
25455416 8
25461744 8
25431824 8
25449424 8
25449288 8
25464872 8
25461360 8
25449880 8
25465416 8
25448760 8
25431704 8
25236824 8
25236832 8
25451944 8
25466632 8
25461144 8
25439400 8
25439824 8
25452392 8
25458064 8
25446104 8
25234968 8
25236744 8
25469312 8
25439144 8
25472544 8
25438920 8
25237688 8
25453992 8
25449872 8
25237472 8
25457256 8
25446328 8
25459712 8
25234976 8
25431752 8
25452768 8
25435064 8
25435264 8
25463992 8
25236336 8
25436792 8
25454072 8
25466432 8
25237784 8
25468488 8
25462872 8
25455432 8
25452752 8
25472896 8
25452728 8
25465032 8
25234216 8
25236776 8
25439208 8
25467536 8
25442104 8
25235024 8
25237760 8
25468440 8
25452192 8
25236088 8
25465824 8
25435600 8
25469320 8
25236816 8
25439376 8
25439560 8
25236936 8
25440464 8
25235032 8
25443496 8
25431816 8
25453232 8
25237632 8
25448944 8
25452048 8
25237312 8
25444952 8
25473192 8
25235328 8
25432560 8
25452104 8
25457016 8
25439168 8
25458696 8
25435584 8
25452160 8
25237680 8
25449832 8
25451224 8
25237776 8
25452512 8
25473384 8
25236616 8
25438072 8
25454688 8
25466928 8
25467544 8
25234224 8
25465728 8
25471864 8
25449336 8
25452880 8
25430400 8
25430672 8
25437768 8
25234256 8
25463024 8
25454456 8
25471584 8
25460280 8
25443080 8
25461480 8
25459528 8
25457672 8
25446088 8
25455192 8
25446208 8
25438632 8
25451880 8
25464912 8
25470544 8
25445600 8
25468856 8
25439592 8
25430432 8
25451808 8
25456056 8
25463776 8
25451928 8
25468328 8
25436608 8
25459360 8
25432160 8
25439536 8
25442048 8
25462744 8
25457208 8
25440600 8
25236544 8
25236552 8
25236560 8
25236568 8
25452544 8
25438832 8
25447392 8
25441784 8
25238112 8
25467352 8
25460632 8
25440184 8
25451992 8
25437896 8
25464160 8
25237048 8
25441968 8
25451832 8
25453680 8
25470232 8
25453872 8
25471200 8
25443560 8
25234432 8
25462608 8
25451336 8
25432656 8
25452888 8
25451592 8
25430680 8
25436992 8
25460480 8
25455680 8
25236480 8
25437432 8
25472008 8
25467008 8
25469504 8
25234616 8
25448744 8
25452464 8
25430960 8
29428200 8
29624544 8
25233712 8
25450488 8
25441512 8
25454472 8
25432320 8
25445008 8
25468536 8
25431384 8
25468504 8
25447448 8
25452864 8
25456920 8
25462104 8
25470016 8
25447560 8
25465008 8
25447784 8
25234264 8
25469968 8
25448112 8
25466440 8
25437688 8
25433224 8
25447128 8
25431960 8
25448968 8
25440848 8
25457632 8
25471080 8
25440416 8
25452408 8
25439840 8
25473120 8
25448632 8
25430592 8
25431488 8
25448544 8
25455832 8
25469416 8
25455808 8
25459112 8
25440256 8
25448720 8
25430464 8
25435704 8
25472536 8
25464944 8
25468576 8
25440504 8
25469944 8
25462840 8
25453696 8
25234680 8
25443544 8
25431744 8
25436184 8
25450584 8
25234688 8
25431064 8
25430288 8
25468560 8
25467864 8
25471912 8
25235064 8
25437656 8
25467784 8
25435416 8
25455304 8
25431968 8
25466768 8
25456208 8
25467752 8
25460136 8
25455152 8
25434224 8
25439440 8
25438936 8
25433544 8
25467792 8
25472864 8
25458552 8
25473352 8
25438032 8
25447120 8
25432608 8
25449520 8
25463208 8
25472040 8
25467728 8
25462040 8
25448256 8
25465904 8
25448272 8
25431672 8
25434744 8
25468376 8
25459192 8
25430624 8
25433448 8
25466472 8
25432968 8
25471624 8
25468288 8
25431456 8
25430024 8
25444216 8
25440144 8
25435984 8
25468864 8
25456800 8
25443368 8
25431056 8
25465968 8
25436936 8
25433312 8
25471704 8
25460432 8
25235072 8
25446176 8
25431976 8
25449696 8
25472528 8
25434624 8
25469392 8
25449808 8
25450160 8
25473088 8
25472776 8
25450128 8
25473296 8
25234816 8
25456976 8
25451904 8
25462808 8
25440536 8
25431352 8
25454752 8
25445376 8
25233808 8
25237512 8
25449272 8
25458112 8
25464904 8
25447232 8
25462152 8
25235840 8
25437072 8
25466200 8
25452968 8
25449408 8
25467760 8
25470816 8
25434312 8
25234184 8
25465440 8
25472752 8
25464856 8
25464504 8
25234192 8
25471488 8
25456944 8
25446920 8
25447024 8
25444368 8
25442120 8
25450184 8
25469200 8
25435384 8
25451888 8
25449416 8
25442648 8
25443672 8
25444504 8
25430376 8
25436528 8
25469640 8
25236200 8
25436312 8
25457032 8
25456192 8
25447144 8
25439040 8
25457976 8
25469192 8
25446608 8
25443888 8
25442936 8
25439880 8
25438160 8
25234808 8
25471168 8
25472048 8
25463712 8
25459992 8
25456912 8
25471888 8
25451216 8
25449184 8
25440080 8
25431320 8
25438808 8
25237536 8
25459808 8
25457096 8
25447688 8
25473320 8
25462392 8
25470136 8
25235960 8
25236720 8
25438688 8
25464512 8
25471184 8
25466904 8
25471728 8
25473344 8
25466640 8
25237232 8
25444408 8
25453912 8
25472320 8
25443072 8
25445424 8
25462504 8
25449680 8
25237160 8
25468456 8
25463560 8
25462904 8
25443256 8
25455256 8
25450256 8
25465128 8
25471576 8
25435144 8
25238024 8
25457472 8
25237584 8
25455056 8
25468648 8
25459136 8
25471640 8
25448264 8
25454488 8
25237072 8
25442144 8
25235808 8
25461920 8
25434144 8
25443592 8
25448664 8
25443848 8
25461328 8
25458488 8
25237456 8
25237464 8
25446248 8
25454552 8
25471824 8
25465624 8
25234960 8
25452736 8
25456128 8
25471832 8
25447408 8
25449080 8
25457600 8
25469520 8
25461616 8
25462912 8
25434632 8
25447736 8
25456472 8
25470984 8
25433808 8
25458528 8
25472880 8
25448016 8
25469336 8
25470112 8
25470376 8
25472088 8
25462328 8
25472160 8
25455120 8
25453000 8
25445616 8
25431720 8
25435312 8
25431664 8
25446080 8
25448064 8
25437336 8
25465080 8
25451728 8
25456760 8
25471000 8
25455384 8
25464432 8
25452600 8
25465424 8
25452696 8
25233816 8
25461552 8
25459896 8
25444472 8
25461728 8
25234824 8
25467560 8
25436432 8
25465888 8
25436264 8
25431400 8
25464936 8
25444760 8
25454104 8
25462616 8
25471264 8
25458952 8
25471392 8
25233824 8
25234240 8
25237136 8
25447608 8
25442736 8
25236784 8
25439232 8
25468624 8
25234248 8
25472232 8
25430424 8
25233832 8
25233840 8
25430064 8
25441120 8
25236912 8
25440056 8
25456504 8
25234672 8
25468432 8
25431048 8
25468520 8
25236344 8
25456616 8
25436832 8
25471208 8
25235968 8
25438912 8
29428120 8
29624456 8
25235976 8
25435160 8
25449944 8
25461384 8
25234376 8
25444456 8
25465280 8
25468064 8
25446368 8
25445192 8
25432224 8
25444280 8
25468544 8
25434440 8
25437928 8
25437088 8
25430584 8
25451360 8
25436152 8
25449312 8
25471048 8
25436384 8
25439648 8
25444520 8
25452328 8
25439008 8
25237960 8
25468176 8
25455368 8
25457120 8
25237968 8
25455464 8
25456064 8
25459728 8
25236984 8
25445040 8
25440800 8
25454016 8
25465048 8
25236504 8
25450376 8
25437624 8
25460656 8
25441264 8
25235056 8
25453472 8
25431944 8
25459784 8
25445672 8
25462144 8
25453296 8
25439392 8
25434088 8
25446672 8
25237168 8
25443272 8
25451400 8
25466224 8
25455520 8
25233864 8
25238176 8
25461304 8
25236600 8
25437912 8
25445896 8
25461112 8
25460840 8
25466848 8
25449192 8
25470584 8
25464728 8
25462336 8
25446064 8
25457248 8
25236848 8
25439520 8
25236080 8
25435576 8
25472808 8
25444656 8
25453888 8
25467296 8
25234120 8
29428112 8
29624448 8
25237032 8
25441752 8
29428040 8
29624392 8
25238120 8
25460720 8
25235928 8
25435040 8
25237224 8
25444112 8
25236296 8
25436688 8
25458024 8
25440304 8
25237432 8
25446144 8
25236944 8
25440520 8
25236688 8
25438552 8
25238128 8
25460832 8
25234128 8
25460240 8
25454792 8
25437696 8
25469360 8
25452224 8
25433104 8
25466976 8
25432672 8
25449648 8
25430336 8
25462096 8
25469000 8
25437952 8
25455960 8
25448128 8
25445640 8
25432760 8
25452304 8
25438136 8
25237864 8
25453800 8
25237120 8
25442704 8
25464448 8
29428208 8
29624552 8
25434544 8
25235832 8
25434232 8
29428048 8
29624400 8
25237104 8
25442520 8
25237200 8
25443640 8
25238072 8
25459448 8
25233872 8
25233880 8
25460456 8
25467456 8
25446056 8
25461648 8
25432184 8
25466176 8
25452424 8
25455968 8
25461504 8
25436864 8
25471136 8
25445816 8
25431304 8
25464352 8
25442152 8
25465296 8
25468480 8
25453176 8
25460968 8
25463056 8
25448120 8
25453840 8
25437488 8
25456392 8
25436680 8
25431120 8
25434648 8
25432152 8
25438088 8
25448248 8
25437320 8
25443960 8
25469824 8
25472248 8
25233888 8
25234352 8
25238288 8
25238296 8
25466864 8
25430544 8
25452072 8
25451168 8
25460888 8
25465024 8
25466192 8
25454176 8
25433488 8
25473040 8
25439464 8
25466808 8
25457264 8
25451736 8
25438224 8
25460664 8
25462024 8
25449440 8
25450520 8
25450192 8
25455336 8
25448528 8
25459024 8
25466448 8
25446808 8
25447512 8
25447760 8
25440336 8
25450864 8
25440016 8
25438472 8
25462496 8
25443624 8
25437280 8
25459000 8
25448888 8
25469744 8
25431896 8
25438024 8
25435032 8
25449248 8
25472856 8
25458240 8
25453648 8
25453368 8
25470488 8
25443184 8
25468384 8
25456592 8
25433712 8
25469248 8
25432304 8
25454600 8
25453864 8
25456360 8
25448680 8
25460896 8
25466736 8
25441664 8
25437368 8
25457136 8
25455848 8
25465272 8
25440312 8
25461040 8
25473200 8
25465016 8
25445272 8
25437880 8
25468224 8
25468592 8
25464592 8
25439128 8
25454784 8
25465912 8
25445784 8
25451136 8
25448688 8
25451800 8
25454760 8
25449064 8
25457432 8
25458568 8
25467840 8
25468920 8
25442632 8
25459392 8
25434808 8
25455216 8
25433328 8
25453808 8
25432416 8
25455856 8
25454680 8
25463472 8
25439712 8
25463304 8
25461264 8
25445184 8
25434800 8
25467912 8
25453904 8
25460600 8
25469080 8
25439192 8
25468952 8
25454544 8
25453824 8
25452616 8
25461664 8
25430872 8
25455296 8
25458672 8
25233896 8
25238304 8
25238312 8
25466320 8
25444320 8
25450056 8
25436056 8
25465616 8
25450392 8
25430560 8
25465512 8
25460200 8
25467440 8
25449960 8
25467600 8
25455744 8
25470688 8
25430136 8
25454064 8
25448320 8
25455200 8
25446032 8
25454888 8
25439096 8
25439800 8
25437720 8
25465328 8
25457488 8
25473008 8
25462416 8
25437392 8
25443608 8
25464480 8
25450576 8
25442608 8
25451968 8
25470248 8
25456416 8
25454200 8
25448456 8
25457040 8
25460920 8
25454264 8
25459672 8
25472152 8
25451544 8
25467192 8
25458128 8
25469264 8
25430328 8
25457504 8
25463120 8
25460944 8
25434384 8
25472952 8
25444344 8
25444376 8
25434904 8
25433664 8
25464072 8
25464960 8
25461432 8
25446000 8
25453976 8
25466696 8
25459160 8
25440000 8
25462704 8
25441096 8
25444728 8
25453720 8
25464456 8
25440192 8
25463984 8
25472512 8
25471424 8
25460344 8
25455728 8
25446200 8
25436968 8
25441040 8
25459280 8
25448592 8
25436104 8
25467096 8
25432576 8
25430080 8
25449504 8
25454608 8
25435736 8
25459400 8
25460848 8
25436032 8
25469656 8
25436584 8
25468256 8
25449552 8
25466608 8
25441384 8
25438968 8
25468968 8
25469368 8
25446536 8
25432328 8
25456664 8
25469712 8
25468272 8
25433696 8
25466256 8
25461488 8
25451128 8
25441704 8
25461880 8
25457592 8
25437736 8
25452472 8
25459608 8
25473328 8
25233928 8
25238248 8
25238256 8
25465184 8
25456672 8
25439856 8
25433472 8
25466008 8
25459120 8
25432584 8
25464648 8
25461784 8
25467936 8
25464920 8
25438440 8
25455672 8
25437144 8
25450200 8
25465872 8
25433432 8
25455472 8
25448056 8
25460080 8
25464360 8
25457584 8
25458048 8
25430648 8
25443984 8
25463600 8
25466832 8
25463496 8
25434064 8
25471440 8
25438432 8
25468312 8
25449232 8
25459760 8
25463408 8
25452976 8
25455568 8
25454936 8
25460152 8
25461592 8
25462920 8
25447720 8
25431776 8
25433264 8
25470712 8
25450632 8
25462456 8
25465392 8
25459520 8
25455480 8
25447432 8
25443792 8
25464824 8
25444128 8
25454320 8
25432712 8
25438584 8
25435784 8
25455616 8
25456008 8
25450664 8
25471016 8
25448856 8
25447624 8
25443424 8
25456024 8
25454304 8
25448152 8
25459096 8
25472224 8
25437160 8
25438384 8
25450992 8
25447184 8
25430768 8
25445776 8
25461168 8
25460648 8
25460696 8
25439624 8
25471736 8
25451840 8
25430120 8
25448904 8
25461280 8
25456832 8
25449352 8
25432008 8
25449304 8
25430856 8
25465176 8
25430496 8
25435840 8
25464928 8
25433784 8
25458536 8
25453080 8
25464632 8
25458464 8
25435976 8
25472456 8
25470680 8
25433976 8
25460872 8
25463592 8
25431432 8
25458336 8
25469672 8
25449264 8
25449384 8
25441632 8
25443632 8
25449024 8
25446112 8
25454432 8
25451688 8
25454288 8
25459736 8
25234112 8
25238264 8
25238272 8
25466656 8
25446336 8
25441192 8
25441328 8
25473168 8
25430320 8
25441768 8
25462272 8
25456712 8
25447424 8
25438096 8
25473208 8
25445792 8
25473360 8
25456408 8
25469008 8
25439488 8
25439352 8
25468296 8
25466496 8
25448488 8
25434072 8
25465472 8
25455904 8
25470696 8
25462856 8
25444800 8
25449368 8
25456816 8
25461832 8
25458808 8
25464136 8
25456224 8
25444208 8
25472080 8
25445064 8
25449432 8
25464800 8
25452088 8
25452520 8
25451552 8
25441184 8
25433944 8
25430368 8
25456200 8
25451160 8
25461768 8
25458760 8
25468736 8
25442224 8
25438176 8
25456936 8
25459824 8
25444568 8
25472744 8
25456632 8
25439368 8
25460416 8
25433176 8
25469288 8
25436000 8
25464184 8
25452712 8
25458720 8
25440584 8
25440992 8
25434416 8
25453744 8
25440840 8
25469928 8
25460552 8
25454880 8
25445440 8
25444000 8
25460328 8
25443920 8
25462296 8
25444848 8
25447592 8
25447320 8
25452320 8
25451600 8
25433632 8
25446944 8
25433216 8
25437800 8
25433064 8
25445048 8
25443096 8
25459504 8
25470104 8
25449496 8
25452800 8
25455752 8
25463008 8
25446232 8
25465592 8
25461208 8
25430800 8
25464320 8
25459152 8
25445232 8
25473256 8
25433360 8
25462528 8
25430488 8
25434408 8
25448896 8
25434720 8
25461072 8
25439680 8
25456016 8
25458000 8
25455160 8
25433128 8
25467088 8
25444192 8
25449136 8
25461288 8
25435912 8
25432272 8
25234736 8
25469376 8
25458264 8
25463880 8
25439480 8
25460168 8
25441672 8
25455208 8
25441216 8
25446816 8
25457280 8
25441112 8
25446928 8
25448648 8
25434024 8
25456184 8
25470872 8
25470736 8
25472640 8
25460032 8
25457216 8
25463032 8
25464544 8
25448208 8
25434576 8
25436272 8
25464376 8
25462320 8
25457176 8
25457296 8
25440528 8
25473160 8
25447088 8
25436760 8
25441240 8
25469888 8
25433400 8
25456872 8
25470640 8
25445632 8
25465976 8
25446688 8
25431192 8
25456704 8
25456440 8
25462400 8
25458712 8
25450232 8
25445464 8
25443000 8
25434992 8
25468344 8
25460184 8
25434448 8
25431928 8
25469384 8
25454632 8
25459656 8
25457520 8
25435720 8
25438952 8
25471968 8
25468264 8
25441272 8
25460264 8
25436112 8
25433824 8
25441376 8
25446528 8
25448768 8
25470848 8
25471992 8
25451776 8
25433768 8
25443248 8
25442472 8
25441520 8
25467376 8
25459480 8
25432832 8
25450760 8
25466512 8
25437000 8
25446936 8
25457680 8
25471216 8
25471248 8
25449528 8
25446312 8
25449664 8
25455696 8
25234584 8
25461968 8
25452504 8
25440984 8
25452200 8
25455496 8
25434200 8
25461128 8
25451744 8
25461928 8
25436016 8
25436768 8
25437664 8
25450352 8
25461248 8
25467856 8
25471792 8
25455280 8
25465232 8
25461656 8
25472408 8
25436736 8
25439904 8
25463616 8
25460880 8
25470448 8
25448144 8
25439928 8
25458968 8
25451040 8
25465400 8
25438784 8
25455360 8
25466960 8
25441696 8
25462976 8
25448328 8
25446352 8
25449936 8
25439504 8
25473152 8
25460408 8
25447576 8
25439888 8
25457944 8
25433320 8
25436200 8
25456824 8
25444400 8
25462560 8
25459424 8
25444264 8
25470072 8
25453280 8
25464712 8
25463344 8
25459288 8
25436216 8
25460392 8
25449456 8
25469920 8
25462592 8
25449488 8
25450296 8
25468896 8
25435088 8
25441992 8
25457168 8
25456176 8
25440328 8
25435288 8
25470552 8
25442528 8
25435752 8
25454152 8
25435880 8
25462288 8
25435888 8
25430880 8
25443120 8
25442248 8
25470392 8
25431496 8
25451024 8
25459352 8
25439088 8
25434864 8
25442232 8
25455600 8
25234472 8
25440560 8
25432064 8
25453256 8
25467520 8
25459464 8
25431144 8
25469096 8
25449616 8
25459568 8
25472184 8
25432216 8
25456520 8
25470272 8
25470520 8
25454248 8
25459952 8
25436224 8
25457848 8
25461576 8
25445216 8
25437048 8
25466992 8
25449816 8
25431080 8
25460744 8
25451752 8
25441176 8
25459408 8
25454040 8
25467128 8
25463656 8
25450944 8
25451376 8
25461408 8
25444480 8
25443584 8
25443128 8
25461032 8
25462632 8
25430728 8
25436328 8
25463952 8
25430848 8
25433000 8
25449760 8
25458680 8
25459544 8
25451608 8
25433960 8
25466424 8
25464424 8
25441728 8
25451176 8
25470264 8
25438408 8
25443928 8
25468368 8
25462072 8
25472960 8
25448536 8
25471232 8
25458496 8
25437328 8
25440048 8
25458800 8
25472016 8
25444016 8
25459376 8
25441320 8
25447008 8
25435464 8
25459072 8
25433912 8
25459768 8
25449768 8
25469072 8
25468184 8
25437304 8
25458088 8
25465312 8
25447976 8
25444856 8
25463256 8
25440648 8
25467384 8
25460072 8
25461456 8
25431688 8
25470176 8
25457328 8
25440232 8
25471856 8
25440320 8
25466400 8
25455352 8
25438232 8
25471944 8
25431224 8
25441496 8
25453496 8
25465136 8
25234696 8
25468144 8
25436024 8
25446896 8
25457864 8
25460056 8
25468496 8
25463944 8
25431904 8
25451144 8
25446640 8
25473304 8
25446280 8
25460248 8
25449736 8
25443112 8
25466064 8
25458360 8
25446720 8
25452632 8
25462712 8
25453112 8
25460952 8
25469912 8
25442056 8
25464560 8
25454184 8
25439304 8
25445584 8
25472096 8
25472872 8
25457800 8
25444432 8
25472664 8
25442008 8
25440152 8
25470480 8
25472944 8
25445720 8
25432984 8
25448872 8
25460592 8
25463432 8
25432792 8
25456952 8
25451312 8
25458160 8
25452000 8
25451976 8
25438640 8
25447960 8
25442424 8
25451624 8
25466896 8
25445944 8
25457008 8
25438904 8
25460496 8
25442496 8
25445880 8
25469408 8
25440816 8
25437960 8
25469160 8
25434832 8
25468088 8
25471840 8
25442656 8
25469976 8
25431088 8
25447368 8
25467576 8
25454464 8
25449168 8
25469832 8
25449952 8
25458440 8
25452344 8
25436784 8
25437496 8
25442784 8
25461984 8
25471656 8
25437080 8
25465208 8
25436880 8
25451648 8
25447256 8
25473216 8
25433232 8
25453136 8
25437528 8
25448656 8
25457856 8
25447640 8
25446744 8
25435504 8
25441504 8
25447136 8
25467624 8
25234424 8
25238320 8
25238328 8
25451640 8
25438536 8
25455656 8
25445680 8
25464056 8
25443768 8
25438208 8
25461152 8
25455328 8
25446264 8
25464992 8
25450936 8
25437504 8
25449992 8
25444104 8
25472800 8
25446408 8
25464680 8
25454672 8
25440760 8
25472336 8
25458416 8
25469432 8
25445960 8
25463800 8
25435456 8
25458632 8
25454256 8
25459592 8
25462208 8
25457768 8
25434208 8
25449048 8
25471952 8
25460336 8
25469480 8
25462248 8
25468800 8
25430792 8
25468656 8
25434728 8
25448608 8
25450624 8
25451416 8
25454208 8
25444640 8
25451704 8
25440640 8
25443192 8
25452144 8
25440160 8
25440168 8
25454272 8
25470904 8
25457056 8
25444984 8
25449000 8
25444696 8
25456560 8
25470464 8
25454656 8
25468512 8
25446880 8
25443104 8
25469032 8
25436976 8
25443760 8
25446168 8
25433896 8
25470936 8
25440368 8
25440240 8
25469184 8
25453144 8
25468336 8
25457184 8
25459216 8
25436424 8
25451184 8
25466704 8
25435728 8
25471616 8
25450000 8
25463488 8
25456152 8
25446440 8
25434136 8
25444648 8
25430736 8
25449360 8
25446544 8
25455112 8
25470400 8
25437936 8
25434512 8
25436816 8
25466712 8
25430656 8
25462016 8
25465040 8
25465264 8
25434696 8
25454568 8
25456528 8
25445856 8
25467000 8
25463760 8
25471456 8
25441944 8
25464672 8
25454592 8
25444152 8
25453088 8
25233960 8
25238336 8
25238344 8
25471672 8
25441136 8
25457088 8
25443968 8
25436072 8
25465704 8
25432800 8
25453672 8
25447696 8
25460504 8
25454648 8
25440824 8
25457144 8
25446224 8
25430144 8
25461064 8
25433152 8
25456992 8
25444936 8
25471752 8
25472056 8
25458072 8
25447656 8
25440736 8
25431296 8
25460976 8
25460704 8
25460472 8
25448160 8
25460792 8
25443664 8
25434360 8
25469856 8
25471712 8
25448224 8
25453792 8
25441088 8
25468904 8
25472384 8
25460272 8
25446464 8
25455488 8
25455264 8
25442888 8
25463296 8
25465000 8
25462728 8
25436544 8
25461104 8
25442192 8
25467872 8
25466312 8
25442576 8
25436144 8
25447552 8
25431696 8
25457776 8
25458200 8
25454400 8
25459960 8
25470632 8
25464200 8
25460824 8
25460560 8
25460624 8
25443840 8
25430280 8
25439816 8
25431424 8
25432704 8
25452384 8
25451576 8
25460256 8
25460728 8
25469280 8
25471816 8
25452024 8
25460752 8
25463576 8
25450984 8
25458744 8
25460784 8
25457560 8
25465568 8
25467768 8
25459416 8
25438104 8
25441360 8
25455400 8
25434976 8
25443976 8
25442240 8
25434168 8
25458872 8
25463184 8
25463504 8
25442368 8
25452256 8
25431648 8
25445928 8
25456888 8
25440136 8
25466616 8
25463416 8
25459200 8
25443040 8
25450088 8
25443200 8
25443144 8
25453400 8
25432776 8
25463920 8
25463744 8
25440072 8
25465120 8
25431440 8
25460488 8
25433256 8
25466136 8
25438120 8
25469144 8
25471088 8
25234832 8
25464776 8
25469472 8
25456512 8
25460576 8
25431416 8
25445520 8
25438592 8
25464576 8
25460216 8
25446320 8
25457968 8
25463464 8
25451048 8
25441368 8
25457752 8
25436160 8
25453960 8
25450640 8
25234904 8
29428104 8
29624440 8
25235592 8
25433304 8
25237192 8
25456136 8
25443504 8
25458224 8
29428032 8
29624384 8
25238168 8
25461272 8
25237320 8
25444968 8
25236368 8
25436944 8
25444704 8
25438720 8
29428096 8
29624432 8
25237352 8
25445208 8
25236064 8
25435520 8
25235864 8
25434736 8
29428024 8
29624376 8
25439184 8
25237928 8
25454832 8
25238064 8
25458904 8
25237848 8
25453528 8
25235240 8
25432296 8
25234912 8
25234920 8
25431568 8
25238200 8
25461472 8
29427968 8
29624320 8
25237976 8
25237984 8
29427976 8
29624328 8
25455528 8
25466368 8
29428160 8
29428168 8
29624520 8
29624504 8
25450736 8
25463864 8
25468416 8
25453592 8
25432472 8
25431312 8
25465688 8
25461224 8
25439760 8
25466464 8
25469304 8
25235128 8
25432080 8
25465536 8
76048 8
76056 8
76064 8
76072 8
