76040 8
76048 8
76056 8
76064 8
76072 8
8390920 8
8390928 8
8390936 8
8390944 8
8390952 8
8390960 8
8390968 8
8390976 8
8390984 8
8390992 8
8391000 8
8391008 8
8391016 8
8391024 8
8391032 8
8391040 8
8391048 8
8391056 8
8391064 8
8391072 8
8391080 8
8391088 8
8391096 8
8391104 8
8391112 8
8391120 8
8391128 8
8391136 8
8391144 8
8391152 8
8391160 8
8391168 8
8390912 8
8456448 8
8392448 8
8392456 8
8392464 8
8392472 8
8392480 8
8392488 8
8392496 8
8392504 8
8392512 8
8392520 8
8392528 8
8392536 8
8392544 8
8392552 8
8392560 8
8392568 8
8392584 8
8392592 8
8392600 8
8392608 8
8392616 8
8392624 8
8392632 8
8392640 8
8392648 8
8392656 8
8392664 8
8392672 8
8392680 8
8392688 8
8392696 8
8392704 8
8392576 8
8675368 8
8393216 8
8393224 8
8393232 8
8393240 8
8393248 8
8393256 8
8393264 8
8393272 8
8393280 8
8393288 8
8393296 8
8393312 8
8393320 8
8393328 8
8393336 8
8393344 8
8393352 8
8393360 8
8393368 8
8393376 8
8393384 8
8393392 8
8393400 8
8393408 8
8393416 8
8393424 8
8393432 8
8393440 8
8393448 8
8393456 8
8393464 8
8393472 8
8393304 8
8686664 8
8457104 8
8391176 8
8391184 8
8391192 8
8391200 8
8391208 8
8391216 8
8391224 8
8391232 8
8391240 8
8391248 8
8391264 8
8391272 8
8391280 8
8391288 8
8391296 8
8391304 8
8391312 8
8391320 8
8391328 8
8391336 8
8391344 8
8391352 8
8391360 8
8391368 8
8391376 8
8391384 8
8391392 8
8391400 8
8391408 8
8391416 8
8391424 8
8391256 8
8656328 8
12585216 8
12585224 8
12585240 8
12585232 8
12650936 8
12650944 8
12855488 8
8391936 8
8391944 8
8391952 8
8391960 8
8391968 8
8391976 8
8391984 8
8391992 8
8392000 8
8392008 8
8392016 8
8392024 8
8392040 8
8392048 8
8392056 8
8392064 8
8392072 8
8392080 8
8392088 8
8392096 8
8392104 8
8392112 8
8392120 8
8392128 8
8392136 8
8392144 8
8392152 8
8392160 8
8392168 8
8392176 8
8392184 8
8392192 8
8392032 8
8460000 8
8667208 8
8668152 8
8393728 8
8393736 8
8393744 8
8393752 8
8393760 8
8393768 8
8393776 8
8393784 8
8393792 8
8393800 8
8393808 8
8393816 8
8393824 8
8393832 8
8393840 8
8393848 8
8393864 8
8393872 8
8393880 8
8393888 8
8393896 8
8393904 8
8393856 8
8695488 8
8392960 8
8392968 8
8392976 8
8392984 8
8392992 8
8393000 8
8393008 8
8393016 8
8393024 8
8393032 8
8393040 8
8393048 8
8393056 8
8393064 8
8393072 8
8393080 8
8393088 8
8393096 8
8393104 8
8393112 8
8393120 8
8393128 8
8393136 8
8393144 8
8393152 8
8393160 8
8393168 8
8393176 8
8393184 8
8393192 8
8393208 8
8393200 8
8685040 8
8457112 8
8460128 8
8668496 8
8682360 8
8675504 8
8695648 8
8684768 8
8694928 8
8457120 8
8457128 8
8393480 8
8393488 8
8393496 8
8393504 8
8393512 8
8393520 8
8393528 8
8393536 8
8393544 8
8393552 8
8393560 8
8393568 8
8393576 8
8393584 8
8393592 8
8393600 8
8393608 8
8393616 8
8393624 8
8393632 8
8393640 8
8393648 8
8393656 8
8393664 8
8393680 8
8393688 8
8393696 8
8393704 8
8393712 8
8393720 8
8393672 8
8692480 8
8457136 8
8391432 8
8391440 8
8391448 8
8391456 8
8391464 8
8391472 8
8391480 8
8391488 8
8391496 8
8391504 8
8391512 8
8391520 8
8391528 8
8391536 8
8391552 8
8391560 8
8391568 8
8391576 8
8391584 8
8391592 8
8391600 8
8391608 8
8391616 8
8391624 8
8391632 8
8391640 8
8391648 8
8391656 8
8391664 8
8391672 8
8391680 8
8391544 8
8660096 8
8695872 8
8690784 8
8391688 8
8391696 8
8391704 8
8391712 8
8391720 8
8391728 8
8391744 8
8391752 8
8391760 8
8391768 8
8391776 8
8391784 8
8391792 8
8391800 8
8391808 8
8391816 8
8391824 8
8391832 8
8391840 8
8391848 8
8391856 8
8391864 8
8391872 8
8391880 8
8391888 8
8391896 8
8391904 8
8391912 8
8391920 8
8391928 8
8391736 8
8662816 8
8457144 8
8457152 8
8686728 8
8683312 8
8653712 8
8664800 8
8661408 8
8692944 8
8392712 8
8392720 8
8392728 8
8392736 8
8392744 8
8392752 8
8392760 8
8392768 8
8392776 8
8392784 8
8392792 8
8392800 8
8392808 8
8392816 8
8392824 8
8392832 8
8392840 8
8392848 8
8392856 8
8392864 8
8392872 8
8392880 8
8392896 8
8392904 8
8392912 8
8392920 8
8392928 8
8392936 8
8392944 8
8392952 8
8392888 8
8680152 8
8653304 8
8392200 8
8392208 8
8392216 8
8392224 8
8392232 8
8392240 8
8392248 8
8392256 8
8392264 8
8392272 8
8392280 8
8392288 8
8392296 8
8392304 8
8392312 8
8392320 8
8392328 8
8392336 8
8392344 8
8392352 8
8392368 8
8392376 8
8392384 8
8392392 8
8392400 8
8392408 8
8392416 8
8392424 8
8392432 8
8392440 8
8392360 8
8672104 8
8687336 8
8457248 8
8675600 8
8686568 8
8665656 8
8653424 8
8674648 8
8669480 8
8655176 8
8684648 8
8657184 8
8688736 8
8694064 8
8674600 8
8675680 8
8659264 8
8458704 8
8672376 8
8458712 8
8657704 8
8670824 8
8696088 8
8668648 8
8670128 8
8459624 8
8681704 8
8662256 8
8671608 8
8689112 8
8678520 8
8459680 8
8460328 8
8673976 8
8460352 8
8460360 8
8671224 8
8670720 8
8684128 8
8680072 8
8459688 8
8669360 8
8671912 8
8695728 8
8662824 8
8691688 8
8680264 8
8695896 8
8690208 8
8459336 8
8661640 8
8660568 8
8667456 8
8678904 8
8677864 8
8655256 8
8692112 8
8668488 8
8694896 8
8663136 8
8456736 8
8670256 8
8456744 8
8660432 8
8652960 8
8659408 8
8686136 8
8663376 8
8683160 8
8684352 8
8657536 8
8663072 8
8661544 8
8460368 8
8460376 8
8671696 8
8685904 8
8460136 8
8695832 8
8460144 8
8460152 8
8668504 8
8460264 8
8460272 8
8670136 8
8460912 8
8684224 8
8691032 8
8459280 8
8459288 8
8660144 8
12650888 8
12650896 8
12855456 8
8695608 8
8684520 8
8689072 8
12650920 8
12650928 8
12855496 8
12855480 8
8687664 8
8677800 8
8673520 8
8460224 8
8669248 8
8456456 8
8457192 8
8457344 8
8688728 8
8676344 8
8671304 8
8686040 8
8458448 8
8458456 8
8458464 8
8678920 8
8458472 8
8656200 8
8675976 8
8460088 8
8667960 8
8458824 8
8458832 8
8459272 8
8664848 8
8660000 8
8458840 8
8658032 8
8688328 8
8682056 8
8693576 8
8653544 8
8670792 8
8459560 8
8661816 8
8457424 8
8688904 8
8678128 8
8666648 8
8690376 8
8658408 8
8653664 8
8458488 8
8662552 8
8684608 8
8656296 8
8457944 8
8663272 8
8688272 8
8694112 8
8654776 8
8680680 8
8664216 8
8661528 8
8668792 8
8681928 8
8457200 8
8687032 8
8656248 8
8657936 8
8664912 8
8673224 8
8671840 8
8656880 8
8653360 8
8679208 8
8668448 8
8662752 8
8685672 8
8657728 8
8678416 8
8657392 8
8676240 8
8672904 8
8668880 8
8690960 8
8684496 8
8459504 8
8685256 8
8675656 8
8661424 8
8680440 8
8456464 8
8459184 8
8659512 8
8692776 8
8678704 8
8676216 8
8689568 8
8458088 8
8660424 8
8692352 8
8655232 8
8685504 8
8459744 8
8680544 8
8691424 8
8677920 8
8663360 8
8667344 8
8691408 8
8677752 8
8664888 8
8459736 8
8684488 8
8663328 8
8457256 8
8457264 8
8694312 8
8657968 8
8685168 8
8660016 8
8687504 8
8679384 8
8662024 8
8661136 8
8675880 8
8675216 8
8680320 8
8676072 8
8663280 8
8656528 8
8683328 8
8674704 8
8663256 8
8693384 8
8666072 8
8663456 8
8685656 8
8653432 8
8661240 8
8694488 8
8692920 8
8654976 8
8678720 8
8693440 8
8659480 8
8456472 8
8456784 8
8458816 8
8658016 8
8653000 8
8658424 8
8458576 8
8670768 8
8656816 8
8459192 8
8659552 8
8665072 8
8457624 8
8688048 8
8661624 8
8682416 8
8693016 8
8692856 8
8671632 8
8687896 8
8668432 8
8679880 8
8676704 8
8695304 8
8686712 8
8662144 8
8667904 8
8680880 8
8660360 8
8669272 8
8680744 8
8664520 8
8686856 8
8679320 8
8688080 8
8668328 8
8693120 8
8676880 8
8667528 8
8666192 8
8677400 8
8693176 8
8666296 8
8675592 8
8665232 8
8693168 8
8680472 8
8682296 8
8670976 8
8689560 8
8671168 8
8657080 8
8668256 8
8693248 8
8693048 8
8673640 8
8666528 8
8696040 8
8670000 8
8659120 8
8681216 8
8679504 8
8654064 8
8659320 8
8685776 8
8460504 8
8687952 8
8674320 8
8460848 8
8682368 8
8693200 8
8460296 8
8670416 8
8460656 8
8677376 8
8678816 8
8460632 8
8677144 8
12650904 8
12855536 8
12650912 8
12855464 8
12855472 8
8458296 8
8695632 8
8660240 8
8458304 8
8670688 8
8655808 8
8693240 8
8694344 8
8690616 8
8669624 8
8457904 8
8658208 8
8686544 8
8658560 8
8675992 8
8654672 8
8458544 8
8458672 8
8676544 8
8676496 8
8674040 8
8691592 8
8673472 8
8687440 8
8657600 8
8685560 8
8671816 8
8671456 8
8662912 8
8656960 8
8656464 8
8663192 8
8691696 8
8457560 8
8457568 8
8457576 8
8457736 8
8458240 8
8663440 8
8655712 8
8692392 8
8672808 8
8457744 8
8657496 8
8665248 8
8665424 8
8654344 8
8654016 8
8666432 8
8655040 8
8682720 8
8456720 8
8671352 8
8666104 8
8456728 8
8669672 8
8668088 8
8673312 8
8681456 8
8457952 8
8654792 8
8665712 8
8684928 8
8689584 8
8676448 8
8652944 8
8676864 8
8456480 8
8682912 8
8456488 8
8692016 8
8688288 8
8652800 8
8459000 8
8695704 8
8692096 8
8658688 8
8676640 8
8679536 8
8678368 8
8693824 8
8670616 8
8689760 8
8679808 8
8664080 8
8675184 8
8656040 8
8686232 8
8458480 8
8689992 8
8691392 8
8672472 8
8659624 8
8665120 8
8656264 8
8665328 8
8456960 8
8459896 8
8665504 8
8681168 8
8653136 8
8680480 8
8459328 8
8672040 8
8671008 8
8690480 8
8669144 8
8660496 8
8669800 8
8683904 8
8460472 8
8691712 8
8674352 8
12650784 8
12855432 8
12855336 8
8673280 8
8460480 8
8673600 8
8458184 8
8659528 8
8657448 8
8671152 8
8671624 8
8666352 8
8662192 8
8459096 8
8681472 8
8678448 8
8691752 8
8659272 8
8691784 8
8671288 8
8681312 8
8671960 8
8661032 8
8685352 8
8659176 8
8686504 8
8655592 8
8668096 8
8662616 8
8691128 8
8460744 8
8679576 8
8686704 8
8674064 8
8460304 8
8675816 8
8670552 8
8457632 8
8669744 8
8457640 8
8654088 8
8682784 8
8670224 8
8460104 8
8460112 8
8668032 8
8691520 8
8691504 8
8460648 8
8677344 8
8459912 8
8460736 8
8678600 8
8665560 8
8676136 8
8458032 8
8655144 8
8654992 8
8459952 8
8666096 8
8681232 8
8693264 8
8661264 8
8460072 8
8695064 8
8669736 8
8677776 8
8667864 8
8680312 8
8693304 8
8683424 8
8461008 8
8687848 8
8460520 8
8460528 8
8674608 8
8686960 8
8680120 8
8685624 8
8460808 8
8681368 8
8683320 8
8460488 8
8674104 8
8680528 8
8690288 8
8695480 8
8678856 8
8674072 8
8678048 8
8693288 8
8459760 8
8459816 8
8664688 8
8663560 8
8683840 8
8460672 8
8677744 8
8676440 8
8668064 8
8693736 8
8458400 8
8460344 8
8671096 8
8458408 8
8682896 8
8677176 8
8656128 8
8687216 8
8669520 8
8688592 8
8693552 8
8662648 8
8676896 8
8459496 8
8663536 8
8661392 8
8682624 8
8654648 8
8663504 8
8656368 8
8692848 8
8658392 8
8690024 8
8456968 8
8456976 8
8456984 8
8459648 8
8459656 8
8459664 8
8669376 8
8670304 8
12650760 8
12855448 8
12855312 8
12855520 8
8673088 8
8695000 8
8692024 8
8685680 8
8678648 8
8662384 8
8685696 8
8456992 8
8683032 8
8666080 8
8654000 8
8669904 8
8685824 8
8688248 8
8653144 8
8685848 8
8679640 8
8668912 8
8675264 8
8667592 8
8674568 8
8673384 8
8684528 8
8458944 8
8458952 8
8458960 8
8458968 8
8666408 8
8684016 8
8660512 8
8660488 8
8658432 8
8685888 8
8679328 8
8671520 8
8456504 8
8458728 8
8657736 8
8672672 8
8673592 8
8692296 8
8456552 8
8694808 8
8661256 8
8456560 8
8652840 8
8686656 8
8667016 8
8659000 8
8672568 8
8661480 8
8662056 8
8657920 8
8679552 8
8685296 8
8659280 8
8684656 8
8666160 8
8669336 8
8694472 8
8681256 8
8669608 8
8691000 8
8679160 8
8681296 8
8686024 8
8688448 8
8693160 8
8683232 8
8660296 8
8667496 8
8671936 8
8681104 8
8679080 8
8677024 8
8654576 8
8682256 8
8657400 8
8677208 8
8686184 8
8671664 8
8667176 8
8694360 8
8681872 8
8682928 8
8661776 8
8661600 8
8672784 8
8661664 8
8676664 8
8657992 8
8692672 8
8659504 8
8661320 8
8684320 8
8682752 8
8676752 8
8655120 8
8653704 8
8682408 8
8661728 8
8661080 8
8691824 8
8690048 8
8681960 8
8685360 8
8690224 8
8685768 8
8671248 8
8672504 8
8690392 8
8694560 8
8672944 8
8686640 8
8661112 8
8667896 8
8684696 8
8664824 8
8661656 8
8653968 8
8688584 8
8692104 8
8694160 8
8689000 8
8659936 8
8689336 8
8654544 8
8693136 8
8662880 8
8695592 8
8674224 8
8655536 8
8658296 8
8655304 8
8690736 8
8686144 8
8693768 8
8687200 8
8667224 8
8660320 8
8661944 8
8661312 8
8689960 8
8459568 8
8665000 8
8661880 8
8694904 8
8662488 8
8679848 8
8681888 8
8661904 8
8666816 8
8672832 8
8683600 8
8672824 8
8663808 8
8670912 8
8661128 8
8661304 8
8662072 8
12650752 8
12855304 8
8456952 8
8662392 8
8693216 8
8686080 8
8676784 8
8662168 8
8692976 8
8676904 8
8664656 8
8655336 8
8679520 8
8668376 8
8695432 8
8685288 8
8664856 8
8694528 8
8693936 8
8663208 8
8672512 8
8674296 8
8656656 8
8681952 8
8664264 8
8678784 8
8673872 8
8459512 8
8661440 8
8687400 8
8671384 8
8662760 8
8693448 8
8679512 8
8659808 8
8673984 8
8674056 8
8656184 8
8671128 8
8684984 8
8679432 8
8686344 8
8673888 8
8667072 8
8665736 8
8459432 8
8664120 8
8684680 8
8672120 8
8677592 8
8668336 8
8683072 8
8667328 8
8692368 8
8660832 8
8678944 8
8656584 8
8685968 8
8656208 8
8655824 8
8673896 8
8677416 8
8694200 8
8675744 8
8664248 8
8653128 8
8676256 8
8661672 8
8676008 8
8662776 8
8667920 8
8675472 8
8667056 8
8676488 8
8672112 8
8654888 8
8675432 8
8686904 8
8664360 8
8663216 8
8674232 8
8669992 8
8661288 8
8673672 8
8695544 8
8672184 8
8673352 8
8460496 8
8683080 8
8686088 8
8691360 8
8679464 8
8674160 8
8674176 8
8671888 8
8684536 8
8674000 8
8670240 8
8663952 8
8672584 8
8683984 8
8456512 8
8691912 8
8683136 8
8678880 8
8682656 8
8655920 8
8695184 8
8669064 8
8668024 8
8655880 8
8695440 8
8662208 8
8655328 8
8663736 8
8666776 8
8673296 8
8658792 8
8653800 8
8686336 8
8678672 8
8664616 8
8662600 8
8665528 8
8688944 8
8679752 8
8655096 8
8687488 8
8666864 8
8662312 8
8678624 8
8456520 8
8678192 8
8662216 8
8693112 8
8684384 8
8674616 8
8669264 8
8679768 8
8669496 8
8673488 8
8675048 8
8679624 8
8671488 8
8659424 8
8691112 8
8675488 8
8659248 8
8664808 8
8658352 8
8664224 8
8689056 8
8664016 8
8656392 8
8665080 8
8659656 8
8669408 8
8687104 8
8658040 8
8662416 8
8662360 8
8684024 8
8688952 8
8667936 8
8662744 8
8674400 8
8681344 8
8652816 8
8662512 8
8689400 8
8684576 8
8662032 8
8656504 8
8694128 8
8662232 8
8679568 8
8657464 8
8664576 8
8671776 8
8459520 8
8670816 8
8666512 8
8669288 8
8662064 8
8687936 8
8690496 8
8684184 8
8690456 8
8663680 8
8685280 8
8663512 8
8661552 8
8684920 8
8663552 8
8663224 8
8456912 8
8672960 8
8654232 8
8683872 8
8678744 8
8679096 8
8668696 8
8695520 8
8459008 8
8673144 8
8689696 8
8685808 8
8672896 8
8694952 8
8660792 8
8658776 8
8670032 8
8666216 8
8696064 8
8685752 8
8670080 8
8458512 8
8675800 8
8672936 8
8666008 8
8656400 8
8658720 8
8696192 8
8671704 8
8683544 8
8664400 8
8672800 8
8696112 8
8676056 8
8666952 8
8695576 8
8663496 8
8667792 8
8659992 8
8673032 8
8681912 8
8661072 8
8694296 8
8655856 8
8685912 8
8654296 8
8672864 8
8668288 8
8665368 8
8692400 8
8667272 8
8687296 8
8692440 8
8672544 8
8659024 8
8659240 8
8681184 8
8457216 8
8653384 8
8675848 8
8673112 8
8657344 8
8668736 8
8658528 8
8684752 8
8677288 8
8653488 8
8668976 8
8457032 8
8459488 8
8676816 8
8661360 8
8666440 8
8657032 8
8670600 8
8689488 8
8690624 8
8682664 8
8673512 8
8689664 8
8655008 8
8672696 8
8670984 8
8692416 8
8669464 8
8460904 8
8684176 8
8671256 8
8661488 8
8675696 8
8682464 8
8660776 8
8667360 8
8673440 8
8682944 8
8655272 8
8653192 8
8672680 8
8653176 8
8460816 8
8681560 8
8664672 8
8666256 8
8672384 8
8680488 8
8683584 8
8672776 8
8655152 8
8654520 8
8662352 8
8668664 8
8689624 8
8671576 8
8658464 8
8673000 8
8658000 8
8666928 8
8655600 8
8662848 8
8459232 8
8665680 8
8659744 8
8668704 8
8691512 8
8688744 8
8669512 8
8667776 8
8653096 8
8691944 8
8685640 8
8672840 8
8457392 8
8666616 8
8663480 8
8692264 8
8660544 8
8654928 8
8664872 8
8673568 8
8694720 8
8457400 8
8653632 8
8656472 8
8672456 8
8671016 8
8678896 8
8686480 8
8686496 8
8665584 8
8687744 8
8660912 8
8672328 8
8660672 8
8672352 8
8677008 8
8688880 8
8655736 8
8672816 8
8692728 8
8457096 8
8676560 8
8662720 8
8674088 8
8687640 8
8459672 8
8662768 8
8687352 8
8692888 8
8653296 8
8675032 8
8682712 8
8457696 8
8680800 8
8693368 8
8673560 8
8693704 8
8654288 8
8673528 8
8678776 8
8662560 8
8690656 8
8660560 8
8676584 8
8690808 8
8670112 8
8665040 8
8691736 8
8460768 8
8456544 8
8459464 8
8460760 8
8459976 8
8460832 8
8459472 8
8460984 8
8460208 8
8461136 8
8670248 8
8672792 8
8666048 8
8656576 8
8676408 8
8689608 8
8692640 8
8682728 8
8691528 8
8674216 8
8664944 8
8655480 8
8688872 8
8682272 8
8667136 8
8679856 8
8686912 8
8664384 8
8691008 8
8668552 8
8671280 8
8690928 8
8665056 8
8667952 8
8659544 8
8671176 8
8667088 8
8665376 8
8679408 8
8667944 8
8688392 8
8669824 8
8680936 8
8688912 8
8675568 8
8674720 8
8676616 8
8656672 8
8693632 8
8666224 8
8653400 8
8673800 8
8679528 8
8688296 8
8673824 8
8676248 8
8676928 8
8681192 8
8667408 8
8666568 8
8664600 8
8680096 8
8670776 8
8669080 8
8669160 8
8669184 8
8669056 8
8675984 8
8678344 8
8688440 8
8658344 8
8674680 8
8690760 8
8683640 8
8680192 8
8664680 8
8675344 8
8661056 8
8691336 8
8680352 8
8672560 8
8679280 8
8689968 8
8665160 8
8677848 8
8694072 8
8656288 8
8676728 8
8666480 8
8677728 8
8694384 8
8680200 8
8676112 8
8692456 8
8689552 8
8656792 8
8693848 8
8687320 8
8690416 8
8688992 8
8669768 8
8673792 8
8691848 8
8691624 8
8666728 8
8685880 8
8655584 8
8653728 8
8668136 8
8656280 8
8658232 8
8674392 8
8680664 8
8689088 8
8663056 8
8665616 8
8676400 8
8661512 8
8676296 8
8682584 8
8683224 8
8681968 8
8685248 8
8668904 8
8670064 8
8691168 8
8694008 8
8662656 8
8680712 8
8662728 8
8685856 8
8691576 8
8653480 8
8678680 8
8667800 8
8669568 8
8682992 8
8657832 8
8682672 8
8663576 8
8665960 8
8684704 8
8658640 8
8659952 8
8671344 8
8669560 8
8685392 8
8694576 8
8677448 8
8692840 8
8669864 8
8665648 8
8673944 8
8660184 8
8690768 8
8668312 8
8666736 8
8677192 8
8670968 8
8654256 8
8658056 8
8660008 8
8664088 8
8656304 8
8662104 8
8654024 8
8663128 8
8680392 8
8666016 8
8668656 8
8689888 8
8679032 8
8693496 8
8654632 8
8681824 8
8659128 8
8680008 8
8654808 8
8679680 8
8681832 8
8666312 8
8691936 8
8692664 8
8656432 8
8659920 8
8663416 8
8675232 8
8664184 8
8670072 8
8665576 8
8686688 8
8695456 8
8661160 8
8677112 8
8691976 8
8656544 8
8667448 8
8668952 8
8658088 8
8688688 8
8658008 8
8689752 8
8656136 8
8673784 8
8690776 8
8691048 8
8664392 8
8671480 8
8667696 8
8693888 8
8665192 8
8654952 8
8674848 8
8656664 8
8660248 8
8664272 8
8667024 8
8652832 8
8685896 8
8680592 8
8660976 8
8692592 8
8665088 8
8670712 8
8680160 8
8679128 8
8688144 8
8672752 8
8665408 8
8655952 8
8681744 8
8678544 8
8661232 8
8682800 8
8671760 8
8661384 8
8690608 8
8690528 8
8669856 8
8660128 8
8681992 8
8670952 8
8670096 8
8681632 8
8676144 8
8667232 8
8678888 8
8660168 8
8688280 8
8663232 8
8664432 8
8677200 8
8672952 8
8674816 8
8655112 8
8670536 8
8680704 8
8659136 8
8685528 8
8690232 8
8689184 8
8677480 8
8662520 8
8694288 8
8680776 8
8656096 8
8683816 8
8690176 8
8675200 8
8664456 8
8664368 8
8664760 8
8653760 8
8667312 8
8668528 8
8682048 8
8654248 8
8665696 8
8686256 8
8689352 8
8688472 8
8664552 8
8668224 8
8683128 8
8687208 8
8653320 8
8670176 8
8664920 8
8665344 8
8666472 8
8686248 8
8653920 8
8654096 8
8669616 8
8653592 8
8664496 8
8672968 8
8684592 8
8678392 8
8654872 8
8676520 8
8692232 8
8653984 8
8666680 8
8690464 8
8675408 8
8666168 8
8695672 8
8669256 8
8663648 8
8675224 8
8659888 8
8667704 8
8676392 8
8690312 8
8666792 8
8688672 8
8692336 8
8665144 8
8665272 8
8679024 8
8658024 8
8669168 8
8670944 8
8684400 8
8685472 8
8654824 8
8676600 8
8667808 8
8673464 8
8671496 8
8666184 8
8666872 8
8665352 8
8694592 8
8693224 8
8670648 8
8657880 8
8672928 8
8685024 8
8696008 8
8688968 8
8665728 8
8680576 8
8665776 8
8695864 8
8665176 8
8694352 8
8673992 8
8672920 8
8686264 8
8661200 8
8692408 8
8661744 8
8682848 8
8653688 8
8677680 8
8692360 8
8654960 8
8687168 8
8666384 8
8674080 8
8655496 8
8686648 8
8695848 8
8668120 8
8694784 8
8679744 8
8656864 8
8688936 8
8665792 8
8681136 8
8687768 8
8685744 8
8672368 8
8691616 8
8678584 8
8691232 8
8667552 8
8665216 8
8658728 8
8666392 8
8665496 8
8682576 8
8670024 8
8668752 8
8691472 8
8652936 8
8690752 8
8685688 8
8692552 8
8666424 8
8675936 8
8680104 8
8663008 8
8670784 8
8661040 8
8655648 8
8681360 8
8686832 8
8659976 8
8661104 8
8678864 8
8663592 8
8667888 8
8695160 8
8670448 8
8669200 8
8655872 8
8692048 8
8683864 8
8666584 8
8682384 8
8671360 8
8686760 8
8685008 8
8678408 8
8675688 8
8654880 8
8693896 8
8666960 8
8655512 8
8684504 8
8675376 8
8667688 8
8677368 8
8657840 8
8688224 8
8681080 8
8693592 8
8682400 8
8674656 8
8694192 8
8665224 8
8669640 8
8689272 8
8681432 8
8668920 8
8669816 8
8655320 8
8677872 8
8692424 8
8669544 8
8667504 8
8677424 8
8656560 8
8686624 8
8653200 8
8662576 8
8674864 8
8655296 8
8669880 8
8655624 8
8663168 8
8458176 8
8662040 8
8694888 8
8695288 8
8670960 8
8655472 8
8694088 8
8679696 8
8662456 8
8679904 8
8693864 8
8667168 8
8677768 8
8661712 8
8685944 8
8686992 8
8692160 8
8683360 8
8674960 8
8672640 8
8679936 8
8690864 8
8686824 8
8694960 8
8663688 8
8674904 8
8657256 8
8670512 8
8653744 8
8672008 8
8669088 8
8677320 8
8663184 8
8668848 8
8685600 8
8660600 8
8652976 8
8678424 8
8678224 8
8659032 8
8670432 8
8670736 8
8657128 8
8693856 8
8669960 8
8663032 8
8693152 8
8670088 8
8668440 8
8687368 8
8669216 8
8665184 8
8693712 8
8688656 8
8688816 8
8666120 8
8692320 8
8661272 8
8655776 8
8654336 8
8676872 8
8664744 8
8662080 8
8656376 8
8666264 8
8658872 8
8666656 8
8660928 8
8688568 8
8658920 8
8676840 8
8663992 8
8684992 8
8675152 8
8680056 8
8674256 8
8692376 8
8678024 8
8693464 8
8685704 8
8668232 8
8666240 8
8653496 8
8690320 8
8683712 8
8653616 8
8687192 8
8682280 8
8689920 8
8690688 8
8671264 8
8661432 8
8673096 8
8663240 8
8687960 8
8655464 8
8661536 8
8663936 8
8672608 8
8675072 8
8686392 8
8657568 8
8655816 8
8693072 8
8682312 8
8657176 8
8666136 8
8678232 8
8655504 8
8680520 8
8689848 8
8666904 8
8653224 8
8694760 8
8675144 8
8685408 8
8662448 8
8665536 8
8655160 8
8674016 8
8696176 8
8690976 8
8665456 8
8687408 8
8672768 8
8652992 8
8674192 8
8664896 8
8666592 8
8692568 8
8667280 8
8686312 8
8653088 8
8665064 8
8676048 8
8693096 8
8673576 8
8666696 8
8689360 8
8680248 8
8695336 8
8659296 8
8666400 8
8675000 8
8687264 8
8667912 8
8692688 8
8686840 8
8688552 8
8682344 8
8669752 8
8694016 8
8663408 8
8654768 8
8689744 8
8684256 8
8688720 8
8683744 8
8679832 8
8665464 8
8695784 8
8659144 8
8664336 8
8677168 8
8682080 8
8653808 8
8660336 8
8686360 8
8675616 8
8696048 8
8668056 8
8688608 8
8661064 8
8684296 8
8658376 8
8656904 8
8681424 8
8660056 8
8663144 8
8658832 8
8694336 8
8668688 8
8671088 8
8654392 8
8660624 8
8687040 8
8666936 8
8675776 8
8661048 8
8675528 8
8656976 8
8661960 8
8653288 8
8673344 8
8667984 8
8693328 8
8683824 8
8673392 8
8696016 8
8658704 8
8690280 8
8681664 8
8680408 8
8674520 8
8653888 8
8695040 8
8677608 8
8658480 8
8673480 8
8660080 8
8666840 8
8685016 8
8659288 8
8655608 8
8686608 8
8657024 8
8676272 8
8673416 8
8695112 8
8668808 8
8664984 8
8691200 8
8679184 8
8679048 8
8693536 8
8691648 8
8659160 8
8656712 8
8694600 8
8666600 8
8658632 8
8687544 8
8692744 8
8657472 8
8679072 8
8665664 8
8695920 8
8665632 8
8688896 8
8656168 8
8657904 8
8673248 8
8665592 8
8656456 8
8679232 8
8692488 8
8671160 8
8689632 8
8681096 8
8688576 8
8663928 8
8685176 8
8665296 8
8678928 8
8664624 8
8694584 8
8675064 8
8655424 8
8695472 8
8661936 8
8668408 8
8669696 8
8665096 8
8657672 8
8667600 8
8685608 8
8674304 8
8676328 8
8675056 8
8692832 8
8690104 8
8668944 8
8677944 8
8660368 8
8692752 8
8658576 8
8672496 8
8654424 8
8457528 8
8691088 8
8690888 8
8658184 8
8660784 8
8653896 8
8673376 8
8667664 8
8658216 8
8691448 8
8657064 8
8684040 8
8657696 8
8684832 8
8658960 8
8671000 8
8691744 8
8679632 8
8667576 8
8668632 8
8659256 8
8673152 8
8686632 8
8695096 8
8686816 8
8665112 8
8456624 8
8683552 8
8670488 8
8685952 8
8677080 8
8673168 8
8668192 8
8658864 8
8666488 8
8684408 8
8685568 8
8664968 8
8663664 8
8695616 8
8672072 8
8679272 8
8696136 8
8667784 8
8688504 8
8668768 8
8675944 8
8675440 8
8692600 8
8663024 8
8664344 8
8654128 8
8686352 8
8693688 8
8665600 8
8656832 8
8691800 8
8681536 8
8689296 8
8681088 8
8653232 8
8692272 8
8691376 8
8664584 8
8680920 8
8694304 8
8671184 8
8652896 8
8676304 8
8694168 8
8687584 8
8655032 8
8660072 8
8665168 8
8655416 8
8670624 8
8677792 8
8657160 8
8658904 8
8661152 8
8691720 8
8688216 8
8657976 8
8690712 8
8677064 8
8693752 8
8659440 8
8662808 8
8679064 8
8694272 8
8659104 8
8677296 8
8653816 8
8669296 8
8686048 8
8653880 8
8690520 8
8695416 8
8695128 8
8669688 8
8689648 8
8689784 8
8692584 8
8654568 8
8681440 8
8674880 8
8669944 8
8661344 8
8673432 8
8676176 8
8680600 8
8658648 8
8690304 8
8654496 8
8663448 8
8665840 8
8674504 8
8663048 8
8670728 8
8653448 8
8662896 8
8672416 8
8666200 8
8694672 8
8665768 8
8674264 8
8693600 8
8677128 8
8666832 8
8661760 8
8653792 8
8680512 8
8655408 8
8692384 8
8686096 8
8655696 8
8670640 8
8665744 8
8690184 8
8675240 8
8653048 8
8669024 8
8682432 8
8695688 8
8685344 8
8680720 8
8663792 8
8654408 8
8689832 8
8676712 8
8681032 8
8673816 8
8654840 8
8667400 8
8694264 8
8677880 8
8688640 8
8680696 8
8674544 8
8652984 8
8678016 8
8675016 8
8689984 8
8671792 8
8688032 8
8693680 8
8456648 8
8457352 8
8662096 8
8668344 8
8684552 8
8679480 8
8672848 8
8653568 8
8458416 8
8695256 8
8688784 8
8690704 8
8682872 8
8670704 8
8678376 8
8693008 8
8657304 8
8681016 8
8660160 8
8659152 8
8669368 8
8656920 8
8681072 8
8695088 8
8669832 8
8681208 8
8657376 8
8694208 8
8692032 8
8657280 8
8656160 8
8673704 8
8664696 8
8663816 8
8670672 8
8458656 8
8671336 8
8676088 8
8689064 8
8676336 8
8671064 8
8672160 8
8688664 8
8663160 8
8670272 8
8670464 8
8670320 8
8686328 8
8683208 8
8657248 8
8696144 8
8686280 8
8683088 8
8665552 8
8692248 8
8679240 8
8670408 8
8682824 8
8678096 8
8663720 8
8690816 8
8692608 8
8673240 8
8674736 8
8688800 8
8682216 8
8693968 8
8456656 8
8682424 8
8674792 8
8456664 8
8654664 8
8659608 8
8675904 8
8684776 8
8653536 8
8652912 8
8668760 8
8686200 8
8679136 8
8668200 8
8458856 8
8673200 8
8458864 8
8658104 8
8685496 8
8681264 8
8457224 8
8693944 8
8457232 8
8655312 8
8653392 8
8695400 8
8460456 8
8693656 8
8672760 8
8692984 8
8460872 8
8686488 8
8683768 8
8456864 8
8673880 8
8671328 8
8663744 8
8666688 8
8682760 8
8693744 8
8671616 8
8670608 8
8692496 8
8667712 8
8660968 8
8676320 8
8653040 8
8682704 8
8672688 8
8677520 8
8665872 8
8686288 8
8457664 8
8686768 8
8677888 8
8672264 8
8686560 8
8659072 8
8671872 8
8666544 8
8657384 8
8658280 8
8685160 8
8661176 8
8676512 8
8670920 8
8666608 8
8695216 8
8679440 8
8670856 8
8674168 8
8671136 8
8687520 8
8659352 8
8654144 8
8665400 8
8679216 8
8676000 8
8656800 8
8671072 8
8671896 8
8693360 8
8671744 8
8679336 8
8673056 8
8695024 8
8674248 8
8681512 8
8679592 8
8670864 8
8656688 8
8679784 8
8691160 8
8654536 8
8695464 8
8686000 8
8459072 8
8695408 8
8659112 8
8671400 8
8684104 8
8693560 8
8655280 8
8660192 8
8695600 8
8683144 8
8458096 8
8695344 8
8655448 8
8664592 8
8664952 8
8667744 8
8671416 8
8691656 8
8655240 8
8658440 8
8657856 8
8659336 8
8686616 8
8460280 8
8670288 8
8674992 8
8695248 8
8457488 8
8687856 8
8661848 8
8694424 8
8675608 8
8661016 8
8674824 8
8653824 8
8694048 8
8694392 8
8661864 8
8667096 8
8671648 8
8673936 8
8671736 8
8676104 8
8692544 8
8696024 8
8690448 8
8674344 8
8682152 8
8691896 8
8693128 8
8655688 8
8457616 8
8669128 8
8664232 8
8655896 8
8694536 8
8659416 8
8672288 8
8687112 8
8674136 8
8682616 8
8692064 8
8676552 8
8658616 8
8457912 8
8656336 8
8680016 8
8654728 8
8671920 8
8671880 8
8658160 8
8691208 8
8674280 8
8682832 8
8661984 8
8661888 8
8680824 8
8672192 8
8691536 8
8679152 8
8671976 8
8672128 8
8687016 8
8687392 8
8654176 8
8674640 8
8679264 8
8662280 8
8689880 8
8685272 8
8675632 8
8674208 8
8654736 8
8678056 8
8693784 8
8680960 8
8656496 8
8678320 8
8676984 8
8691480 8
8654056 8
8669072 8
8672080 8
8688376 8
8675392 8
8672232 8
8677584 8
8669280 8
8688152 8
8694104 8
8666336 8
8458352 8
8667520 8
8682808 8
8676032 8
8680792 8
8670680 8
8656056 8
8670160 8
8676808 8
8692472 8
8663888 8
8689680 8
8689720 8
8667296 8
8695880 8
8668608 8
8683832 8
8686432 8
8664256 8
8673288 8
8676912 8
8686736 8
8660952 8
8679944 8
8691440 8
8685984 8
8694240 8
8684160 8
8660416 8
8657088 8
8675080 8
8692256 8
8666000 8
8694256 8
8674632 8
8678696 8
8664240 8
8673840 8
8672000 8
8687128 8
8692008 8
8663944 8
8688824 8
8689120 8
8658336 8
8681816 8
8683304 8
8664008 8
8671192 8
8656520 8
8667720 8
8667120 8
8457656 8
8677536 8
8691096 8
8674688 8
8685616 8
8654136 8
8670376 8
8663320 8
8456672 8
8459640 8
8662304 8
8457752 8
8458072 8
8655080 8
12650792 8
12855344 8
8458664 8
8657520 8
8460824 8
8681688 8
8460888 8
8684056 8
12650848 8
12855400 8
8460976 8
8685376 8
8460064 8
8667752 8
8458392 8
8656088 8
8661504 8
8460096 8
8667992 8
8460968 8
8685368 8
12650840 8
12855392 8
8685232 8
8459960 8
8666288 8
8685240 8
8459224 8
8659728 8
8661968 8
12650800 8
12855352 8
8457760 8
8460928 8
8684640 8
8460960 8
8685320 8
8457768 8
8654352 8
8667488 8
8460616 8
8676312 8
8458928 8
8676672 8
8667440 8
8684760 8
8658360 8
8460712 8
8460720 8
8460936 8
8684728 8
8678312 8
8460896 8
8684088 8
8456936 8
8459864 8
8665304 8
12650824 8
12855376 8
8459168 8
8659472 8
8460184 8
8668928 8
8460856 8
8683504 8
8460840 8
8682232 8
8459480 8
8661336 8
12650856 8
12855408 8
8460864 8
8683616 8
8663088 8
8458752 8
8657824 8
12650832 8
12855384 8
12650976 8
12855544 8
8459888 8
8665488 8
8458632 8
8657016 8
8459808 8
8664536 8
8460952 8
8685096 8
8687248 8
12650808 8
12855360 8
8456944 8
8684896 8
8689528 8
8660920 8
8675088 8
8672432 8
8660736 8
8692168 8
8675008 8
8655544 8
8680568 8
8655888 8
8683024 8
8655456 8
8684848 8
8660480 8
8677576 8
8653120 8
8691808 8
8685328 8
8459728 8
8663304 8
8459968 8
8666896 8
8680808 8
8657328 8
8673424 8
8459424 8
8685208 8
8685200 8
8685144 8
8685216 8
8686512 8
8683152 8
8682208 8
8693376 8
8689656 8
8660696 8
8683624 8
8456680 8
8457680 8
8680536 8
8669104 8
8658944 8
8668304 8
8661376 8
8687376 8
8692280 8
8673832 8
8680752 8
8661280 8
8686272 8
8676744 8
8683000 8
8664152 8
8687576 8
8679296 8
8654200 8
8693880 8
8456688 8
8675928 8
8676184 8
8671032 8
8688920 8
8653904 8
8668600 8
8676624 8
8665320 8
8686720 8
8695032 8
8683752 8
8659464 8
8684688 8
8660872 8
8690264 8
8684432 8
8665984 8
8688960 8
8679176 8
8691288 8
8683240 8
8675888 8
8686552 8
8694024 8
8668472 8
8660272 8
8692616 8
8681304 8
8654224 8
8675208 8
8693272 8
8456696 8
8456712 8
8461144 8
8461152 8
8670440 8
8675040 8
8652952 8
8665024 8
8676576 8
8666760 8
8680984 8
8668128 8
8664976 8
8677432 8
8653064 8
8682200 8
8683608 8
8675168 8
8659328 8
8683560 8
8680560 8
8662920 8
8664144 8
8689096 8
8663520 8
8666624 8
8694464 8
8668480 8
8680344 8
8683848 8
8679928 8
8680856 8
8683168 8
8683512 8
8654208 8
8686104 8
8680840 8
8679672 8
8678272 8
8670336 8
8654864 8
8674808 8
8665824 8
8668360 8
8666448 8
8694504 8
8679776 8
8683056 8
8679872 8
8665152 8
8663872 8
8683568 8
8655936 8
8683760 8
8695168 8
8655864 8
8694608 8
8663608 8
8658856 8
8674360 8
8690576 8
8690680 8
8683736 8
8660888 8
8687000 8
8663920 8
8683256 8
8657144 8
8683536 8
8663864 8
8669712 8
8669008 8
8679120 8
8683888 8
8688496 8
8670480 8
8685992 8
8681528 8
8678208 8
8694840 8
8677184 8
8665360 8
8683344 8
8668712 8
8693088 8
8671848 8
8678184 8
8683296 8
8673768 8
8665672 8
8681656 8
8688360 8
8683488 8
8682744 8
8683408 8
8666752 8
8692648 8
8683040 8
8683880 8
8688616 8
8684936 8
8672872 8
8654432 8
8686224 8
8693424 8
8664640 8
8655488 8
8683288 8
8692088 8
8685536 8
8652928 8
8457520 8
8664792 8
8675128 8
8675416 8
8692216 8
8670040 8
8683376 8
8684784 8
8664288 8
8655576 8
8661688 8
8669504 8
8694448 8
8691416 8
8665568 8
8665208 8
8668368 8
8690432 8
8659664 8
8692704 8
8669680 8
8681224 8
8680952 8
8671952 8
8677312 8
8681144 8
8683792 8
8695656 8
8682840 8
8692624 8
8692768 8
8675896 8
8696080 8
8691968 8
8690896 8
8680648 8
8667216 8
8677600 8
8660312 8
8672736 8
8688848 8
8680816 8
8663600 8
8671656 8
8670152 8
8686208 8
8674408 8
8672520 8
8658288 8
8694632 8
8673928 8
8669424 8
8690952 8
8654904 8
8670744 8
8662088 8
8662936 8
8687360 8
8679792 8
8660744 8
8657760 8
8694880 8
8688000 8
8695448 8
8676968 8
8657000 8
8659864 8
8685520 8
8675920 8
8680944 8
8674112 8
8696000 8
8677248 8
8674760 8
8683280 8
8691304 8
8678336 8
8677632 8
8680584 8
8669528 8
8674096 8
8659568 8
8690384 8
8653872 8
8689704 8
8671440 8
8669920 8
8686240 8
8670424 8
8665440 8
8656016 8
8655768 8
8664840 8
8660280 8
8665896 8
8680640 8
8654688 8
8686744 8
8674784 8
8684288 8
8456704 8
8461088 8
8461096 8
8676504 8
8677984 8
8683728 8
8680288 8
8684672 8
8691776 8
8689904 8
8669552 8
8663880 8
8680912 8
8673912 8
8664488 8
8695152 8
8681416 8
8661296 8
8658064 8
8690000 8
8673360 8
8657168 8
8684544 8
8655360 8
8685224 8
8658816 8
8653344 8
8672744 8
8686872 8
8689496 8
8687752 8
8692504 8
8661752 8
8660176 8
8673176 8
8667512 8
8660504 8
8659368 8
8682984 8
8687256 8
8692072 8
8679824 8
8669320 8
8674752 8
8682392 8
8691064 8
8683704 8
8657960 8
8694936 8
8686784 8
8691872 8
8672336 8
8682016 8
8674440 8
8693480 8
8684216 8
8665392 8
8696104 8
8682128 8
8660520 8
8689408 8
8662976 8
8658520 8
8677672 8
8690408 8
8682936 8
8679200 8
8678528 8
8658888 8
8668816 8
8667160 8
8667128 8
8691080 8
8687472 8
8685512 8
8689040 8
8689216 8
8662784 8
8688120 8
8656480 8
8659752 8
8682184 8
8682064 8
8695736 8
8656120 8
8682456 8
8652920 8
8676760 8
8675256 8
8658760 8
8681944 8
8667104 8
8671240 8
8664168 8
8659736 8
8681576 8
8681544 8
8680272 8
8671104 8
8680048 8
8692176 8
8690248 8
8695792 8
8695296 8
8693040 8
8688304 8
8680376 8
8668984 8
8692448 8
8685928 8
8694216 8
8657688 8
8681864 8
8656488 8
8681328 8
8662584 8
8684272 8
8673448 8
8457184 8
8680728 8
8683968 8
8669136 8
8684360 8
8683192 8
8684440 8
8687512 8
8667184 8
8683976 8
8685400 8
8675288 8
8673808 8
8658072 8
8659520 8
8653352 8
8682136 8
8684080 8
8684368 8
8658984 8
8692864 8
8678144 8
8665032 8
8683664 8
8662672 8
8684720 8
8663112 8
8689792 8
8676936 8
8661872 8
8665904 8
8663768 8
8686152 8
8667048 8
8672720 8
8683896 8
8656104 8
8662712 8
8692712 8
8678064 8
8670928 8
8683176 8
8671112 8
8673080 8
8684280 8
8658672 8
8678384 8
8693672 8
8679952 8
8676064 8
8665016 8
8665312 8
8672272 8
8688192 8
8681608 8
8695936 8
8683992 8
8674528 8
8678960 8
8661568 8
8662688 8
8683912 8
8672240 8
8674488 8
8664480 8
8685576 8
8695200 8
8693344 8
8686424 8
8657648 8
8670360 8
8662288 8
8691704 8
8658800 8
8684032 8
8685784 8
8682072 8
8695192 8
8673136 8
8690664 8
8658664 8
8684328 8
8656984 8
8688024 8
8658568 8
8693184 8
8684000 8
8674984 8
8695696 8
8457552 8
8658928 8
8664056 8
8681048 8
8669312 8
8682264 8
8655616 8
8669096 8
8656552 8
8695944 8
8694040 8
8695808 8
8682816 8
8668248 8
8669472 8
8693528 8
8679864 8
8679224 8
8657232 8
8653976 8
8680464 8
8694752 8
8673544 8
8689304 8
8669600 8
8658504 8
8680888 8
8686680 8
8672312 8
8663312 8
8656608 8
8688344 8
8669872 8
8679816 8
8678968 8
8664304 8
8694776 8
8693640 8
8692680 8
8661208 8
8680000 8
8663896 8
8659784 8
8665048 8
8668744 8
8668416 8
8664024 8
8691072 8
8677992 8
8695320 8
8678480 8
8692184 8
8693432 8
8669720 8
8657360 8
8680456 8
8673016 8
8671552 8
8682968 8
8680304 8
8659056 8
8679488 8
8683048 8
8658896 8
8674560 8
8668000 8
8671432 8
8657776 8
8672448 8
8680032 8
8691152 8
8680432 8
8682952 8
8685840 8
8687344 8
8656808 8
8692192 8
8679656 8
8656352 8
8664160 8
8693664 8
8661736 8
8664000 8
8670992 8
8680080 8
8680064 8
8687176 8
8666032 8
8694744 8
8695424 8
8679960 8
8457416 8
8461104 8
8461112 8
8692056 8
8654680 8
8678632 8
8692928 8
8691728 8
8693984 8
8671312 8
8681808 8
8677384 8
8676592 8
8686112 8
8676208 8
8686168 8
8691888 8
8681352 8
8670544 8
8679920 8
8683448 8
8693720 8
8689672 8
8671472 8
8662496 8
8679144 8
8656272 8
8670048 8
8676152 8
8676952 8
8674584 8
8676384 8
8678080 8
8677568 8
8691760 8
8662248 8
8665968 8
8680216 8
8677544 8
8687808 8
8676688 8
8655200 8
8674856 8
8688704 8
8688976 8
8677464 8
8676432 8
8684824 8
8653656 8
8665416 8
8676536 8
8695816 8
8676456 8
8685304 8
8689240 8
8681024 8
8676608 8
8695368 8
8661976 8
8675736 8
8676920 8
8669592 8
8673304 8
8676960 8
8656112 8
8689616 8
8695824 8
8666576 8
8657592 8
8672224 8
8671672 8
8678640 8
8679376 8
8676200 8
8684048 8
8662800 8
8660152 8
8688064 8
8691192 8
8676224 8
8676128 8
8673952 8
8657816 8
8681784 8
8655088 8
8682176 8
8676848 8
8660064 8
8695360 8
8663096 8
8684448 8
8675400 8
8660664 8
8691400 8
8663120 8
8676648 8
8660808 8
8671464 8
8672032 8
8664448 8
8683384 8
8692536 8
8667968 8
8686192 8
8690648 8
8695640 8
8695984 8
8670296 8
8654552 8
8673648 8
8673920 8
8693280 8
8661912 8
8668568 8
8677328 8
8678000 8
8457312 8
8656696 8
8653912 8
8682192 8
8682544 8
8663432 8
8684872 8
8669792 8
8683528 8
8674536 8
8666368 8
8656896 8
8654848 8
8689936 8
8691904 8
8693056 8
8686752 8
8672552 8
8682440 8
8676280 8
8660088 8
8682472 8
8682480 8
8667264 8
8680632 8
8683008 8
8664512 8
8653864 8
8682248 8
8681280 8
8670760 8
8681464 8
8687224 8
8677392 8
8654472 8
8689192 8
8682328 8
8656744 8
8676824 8
8655192 8
8661192 8
8663104 8
8691880 8
8664104 8
8682856 8
8663016 8
8676040 8
8689800 8
8680872 8
8659008 8
8688864 8
8654008 8
8693312 8
8673728 8
8664280 8
8682736 8
8682648 8
8693064 8
8658248 8
8680112 8
8655000 8
8689168 8
8666712 8
8676264 8
8692968 8
8660112 8
8690992 8
8665928 8
8663960 8
8678136 8
8681584 8
8682352 8
8673960 8
8655784 8
8694648 8
8690328 8
8666800 8
8690192 8
8691176 8
8685440 8
8661608 8
8681752 8
8663344 8
8672600 8
8684192 8
8666848 8
8654304 8
8695744 8
8682792 8
8667640 8
8653512 8
8686064 8
8688104 8
8682888 8
8682552 8
8679304 8
8677032 8
8665912 8
8686464 8
8684240 8
8654712 8
8682160 8
8457088 8
8461016 8
8461024 8
8672168 8
8658840 8
8662424 8
8653280 8
8681248 8
8661168 8
8677072 8
8673776 8
8687728 8
8693472 8
8662640 8
8675760 8
8674472 8
8687624 8
8687832 8
8684376 8
8661808 8
8670216 8
8677720 8
8668896 8
8677088 8
8661368 8
8694984 8
8687448 8
8687968 8
8687432 8
8678160 8
8653336 8
8668080 8
8678120 8
8672016 8
8678088 8
8656760 8
8687720 8
8678264 8
8689640 8
8694232 8
8681200 8
8662408 8
8670504 8
8681320 8
8685728 8
8683656 8
8666416 8
8674624 8
8679456 8
8672048 8
8691928 8
8655368 8
8693504 8
8656048 8
8678256 8
8659928 8
8691120 8
8686304 8
8682520 8
8681904 8
8681880 8
8669968 8
8678456 8
8654216 8
8675864 8
8666768 8
8671640 8
8656256 8
8654560 8
8671688 8
8653552 8
8684064 8
8661224 8
8688792 8
8659536 8
8692464 8
8677216 8
8664416 8
8688408 8
8675832 8
8693808 8
8656848 8
8661216 8
8678400 8
8666208 8
8672088 8
8666912 8
8678104 8
8684568 8
8678072 8
8685264 8
8682096 8
8687160 8
8678512 8
8672984 8
8679616 8
8678472 8
8690744 8
8656216 8
8688712 8
8678240 8
8683952 8
8681120 8
8668560 8
8694728 8
8680368 8
8653640 8
8678808 8
8678280 8
8695240 8
8686400 8
8658624 8
8678792 8
8670936 8
8688184 8
8670840 8
8682864 8
8682304 8
8678464 8
8680832 8
8683480 8
8456928 8
8461120 8
8461128 8
8665888 8
8684616 8
8654240 8
8667480 8
8677440 8
8676992 8
8677352 8
8679968 8
8677040 8
8663424 8
8689808 8
8675752 8
8663544 8
8679312 8
8671784 8
8665240 8
8657296 8
8677120 8
8695232 8
8668640 8
8669048 8
8683936 8
8674200 8
8683120 8
8677816 8
8694408 8
8674928 8
8677640 8
8672144 8
8687152 8
8653112 8
8669192 8
8676632 8
8659600 8
8686296 8
8695496 8
8680280 8
8658240 8
8693192 8
8657512 8
8667432 8
8695120 8
8659208 8
8677048 8
8691464 8
8663152 8
8685056 8
8682000 8
8654464 8
8668464 8
8693144 8
8656992 8
8674424 8
8660992 8
8677304 8
8666888 8
8694736 8
8678352 8
8653576 8
8673968 8
8668592 8
8695856 8
8667424 8
8691144 8
8680552 8
8671832 8
8673720 8
8684816 8
8682112 8
8657352 8
8677896 8
8677712 8
8690720 8
8679840 8
8677560 8
8660720 8
8666552 8
8664728 8
8687480 8
8657480 8
8653520 8
8687784 8
8692240 8
8665976 8
8677456 8
8666968 8
8673408 8
8669328 8
8659696 8
8689504 8
8676360 8
8678112 8
8658512 8
8653440 8
8677056 8
8662944 8
8694248 8
8692288 8
8688056 8
8677096 8
8665256 8
8691840 8
8678936 8
8677104 8
8691608 8
8691992 8
8693696 8
8662952 8
8678440 8
8669664 8
8656680 8
8677616 8
8677360 8
8456920 8
8461032 8
8461040 8
8682168 8
8672152 8
8662136 8
8687240 8
8663976 8
8668320 8
8687120 8
8667848 8
8674872 8
8653272 8
8682608 8
8669016 8
8683200 8
8671272 8
8653600 8
8663368 8
8674328 8
8656728 8
8656000 8
8689456 8
8663776 8
8695952 8
8675104 8
8680424 8
8674384 8
8690160 8
8683336 8
8694864 8
8683856 8
8679544 8
8684072 8
8679608 8
8687600 8
8669728 8
8653584 8
8660960 8
8695992 8
8693488 8
8678800 8
8677664 8
8672216 8
8685080 8
8666976 8
8678536 8
8679600 8
8675584 8
8676528 8
8666784 8
8656416 8
8678976 8
8679720 8
8679416 8
8653152 8
8661496 8
8685664 8
8691104 8
8691816 8
8668160 8
8657504 8
8689288 8
8691544 8
8670104 8
8663968 8
8672280 8
8655848 8
8689896 8
8670208 8
8667584 8
8695528 8
8655912 8
8665880 8
8662464 8
8671680 8
8679008 8
8658544 8
8688264 8
8667832 8
8666992 8
8658696 8
8681936 8
8665008 8
8678688 8
8664112 8
8685816 8
8667352 8
8669120 8
8667768 8
8657200 8
8683112 8
8667632 8
8657632 8
8653104 8
8695776 8
8685104 8
8658784 8
8692720 8
8678984 8
8655960 8
8668016 8
8681592 8
8674024 8
8663624 8
8696032 8
8686936 8
8666704 8
8659648 8
8689024 8
8679496 8
8660584 8
8675496 8
8688384 8
8679192 8
8680784 8
8675304 8
8656856 8
8681504 8
8692896 8
8674336 8
8657192 8
8655056 8
8686984 8
8668840 8
8662856 8
8687912 8
8678752 8
8664936 8
8685336 8
8666744 8
8675960 8
8670904 8
8654968 8
8688088 8
8667560 8
8657432 8
8685864 8
8660904 8
8683272 8
8691952 8
8689728 8
8457008 8
8459296 8
8689816 8
8694792 8
8660216 8
8691040 8
8457272 8
8672136 8
8674376 8
8659776 8
8685416 8
8655440 8
8674120 8
8675672 8
8653464 8
8683264 8
8458760 8
8460432 8
8676856 8
8672536 8
8689224 8
8458768 8
8657848 8
8675560 8
8658048 8
8675552 8
8460216 8
8682496 8
8680040 8
8669112 8
8459552 8
8692120 8
8661704 8
8661928 8
8695328 8
8460448 8
8672656 8
8676776 8
8686792 8
8460160 8
8668536 8
8687824 8
8695680 8
8691296 8
8675512 8
8678216 8
8675536 8
8459704 8
8662992 8
12650968 8
12855528 8
8671528 8
8675248 8
8459608 8
8680848 8
8459616 8
8683928 8
8662184 8
8674728 8
8675176 8
8689432 8
8662608 8
8668888 8
8457016 8
8460536 8
8674768 8
8690352 8
8459368 8
8459376 8
8459384 8
8459392 8
8676656 8
8674776 8
8660680 8
8693992 8
8675328 8
8661616 8
8662968 8
8664568 8
8673656 8
8460560 8
8675120 8
8683416 8
8459824 8
8664752 8
8684344 8
8693024 8
8676464 8
8666344 8
8668424 8
8459576 8
8661992 8
8457880 8
8457888 8
8654600 8
8679112 8
8666280 8
8460568 8
8675296 8
8696160 8
8460544 8
8674976 8
8691248 8
8458128 8
8658368 8
8674944 8
8679800 8
8674888 8
8655344 8
8681480 8
8661952 8
8459600 8
8662160 8
8662344 8
8460056 8
8695976 8
8667736 8
8459720 8
8663248 8
8460384 8
8671728 8
8674832 8
8458936 8
8658384 8
8683576 8
8692128 8
8460440 8
8672616 8
8674008 8
8690344 8
8457024 8
8653456 8
8457056 8
8682880 8
8668872 8
8674480 8
8662376 8
8668384 8
8694976 8
8679992 8
8668992 8
8663384 8
8686584 8
8654944 8
8665864 8
8685832 8
8674664 8
8674712 8
8662320 8
8661416 8
8691136 8
8678840 8
8670056 8
8682144 8
8674592 8
8685552 8
8694376 8
8687712 8
8693336 8
8664832 8
8653216 8
8677240 8
8691664 8
8684264 8
8659392 8
8689424 8
8674744 8
8653184 8
8674456 8
8675664 8
8694656 8
8689736 8
8677472 8
8684800 8
8457840 8
8671544 8
8691216 8
8673120 8
8672664 8
8654608 8
8688208 8
8678200 8
8672208 8
8675272 8
8684144 8
8673680 8
8687672 8
8654488 8
8667568 8
8657104 8
8658744 8
8666360 8
8689944 8
8675280 8
8658736 8
8456496 8
8694704 8
8662928 8
8676480 8
8457936 8
8690792 8
8673128 8
8672592 8
8657408 8
8695560 8
8692200 8
8695312 8
8672480 8
8668960 8
8654760 8
8656232 8
8670344 8
8677256 8
8675648 8
8691344 8
8694416 8
8652808 8
8691184 8
8691384 8
8655104 8
8667000 8
8691312 8
8683216 8
8691672 8
8672912 8
8659720 8
8688760 8
8687800 8
8653072 8
8653840 8
8692736 8
8690672 8
8457504 8
8658968 8
8673368 8
8654528 8
8457512 8
8653848 8
8666328 8
8654456 8
8457928 8
8657008 8
8655392 8
8660440 8
8661720 8
8671808 8
8688696 8
8690600 8
8689576 8
8682920 8
8686016 8
8677936 8
8681336 8
8690488 8
8690536 8
8673536 8
8672304 8
8654752 8
8678992 8
8662224 8
8671040 8
8673904 8
8690552 8
8662432 8
8690560 8
8690592 8
8658200 8
8660816 8
8684840 8
8658768 8
8664296 8
8670568 8
8692808 8
8654168 8
8663288 8
8665752 8
8671056 8
8691320 8
8691368 8
8679584 8
8457072 8
8693400 8
8656008 8
8653376 8
8658488 8
8660472 8
8675192 8
8692224 8
8678592 8
8653248 8
8662624 8
8671752 8
8690920 8
8693872 8
8689232 8
8654272 8
8681896 8
8663200 8
8670896 8
8678616 8
8671320 8
8663040 8
8663632 8
8669912 8
8695904 8
8692760 8
8671504 8
8680416 8
8657944 8
8667872 8
8679760 8
8666152 8
8681176 8
8655752 8
8679704 8
8689264 8
8670232 8
8694496 8
8696072 8
8657528 8
8654832 8
8673272 8
8685648 8
8690632 8
8653408 8
8690272 8
8661800 8
8456632 8
8457800 8
8457808 8
8459792 8
8664320 8
8654384 8
8457816 8
8654400 8
8657424 8
8654784 8
8658120 8
8654416 8
8457160 8
8457168 8
8457384 8
8654656 8
8653624 8
8675464 8
8683352 8
8659984 8
8680136 8
8682568 8
8659768 8
8690032 8
8654624 8
8692512 8
8679736 8
8677736 8
8689480 8
8691568 8
8692880 8
8674464 8
8658752 8
8681728 8
8654312 8
8665544 8
8656152 8
8677696 8
8669896 8
8654704 8
8690848 8
8681856 8
8674128 8
8671296 8
8682224 8
8670888 8
8676352 8
8693392 8
8667392 8
8457176 8
8673328 8
8666504 8
8694224 8
8662832 8
8655064 8
8656384 8
8660824 8
8654936 8
8676944 8
8668584 8
8663264 8
8663392 8
8663800 8
8677968 8
8655128 8
8673048 8
8656624 8
8683800 8
8653776 8
8656312 8
8687096 8
8659680 8
8693080 8
8685048 8
8662008 8
8668048 8
8692632 8
8653328 8
8687776 8
8655832 8
8689136 8
8666024 8
8694824 8
8662120 8
8686800 8
8689280 8
8691984 8
8694552 8
8662984 8
8663912 8
8695752 8
8458144 8
8461048 8
8461056 8
8689144 8
8458152 8
8459752 8
8669240 8
8663488 8
8668624 8
8458160 8
8663848 8
8655376 8
8660464 8
8664032 8
8687592 8
8655520 8
8660032 8
8458848 8
8664408 8
8669984 8
8658080 8
8458120 8
8655288 8
8673104 8
8686216 8
8458696 8
8681976 8
8680088 8
8657680 8
8459712 8
8663080 8
8669032 8
8663000 8
8678832 8
8681648 8
8674576 8
8663824 8
8669232 8
8677928 8
8666496 8
8691832 8
8672728 8
8663528 8
8657640 8
8694120 8
8458272 8
8458280 8
8459592 8
8662112 8
8691488 8
8458288 8
8655800 8
8665608 8
8683688 8
8679104 8
8458104 8
8459200 8
8661248 8
8665808 8
8671584 8
8691552 8
8659560 8
8460552 8
8675096 8
12650768 8
12855320 8
8670144 8
8692136 8
8672360 8
8685632 8
8684584 8
8458112 8
8674240 8
8655248 8
8692080 8
8681152 8
8659040 8
8681448 8
12650880 8
12855440 8
8672992 8
12650960 8
12855512 8
8665992 8
8655992 8
8658264 8
8458528 8
8460664 8
8677512 8
8660760 8
8663840 8
8667928 8
8663352 8
8688176 8
8658496 8
8674896 8
8459536 8
8661648 8
8671864 8
8690128 8
8656440 8
8460016 8
8667376 8
8670752 8
8460008 8
8667320 8
8681008 8
8694912 8
8458424 8
8458432 8
8458440 8
8661448 8
8689824 8
8656192 8
12650872 8
12855424 8
8459832 8
8679976 8
8689912 8
8671216 8
8664784 8
8671992 8
8673864 8
8667144 8
8682632 8
8459144 8
8459152 8
8459248 8
8660040 8
8668216 8
8659848 8
8695072 8
8695584 8
8459160 8
8659688 8
8664504 8
8659456 8
8693832 8
8660840 8
8688352 8
8456888 8
8457832 8
8655976 8
8654480 8
8456896 8
8458080 8
8655208 8
8671536 8
8670496 8
8456904 8
8678176 8
8675856 8
8653080 8
8680240 8
8693408 8
8661920 8
8665264 8
8688240 8
8459800 8
8664352 8
8675360 8
8680992 8
8695208 8
8655136 8
8460728 8
8678496 8
8681800 8
8457960 8
8457968 8
8457976 8
8670184 8
8693728 8
8679648 8
8688928 8
8670872 8
8656944 8
8678872 8
8694136 8
8658448 8
8681640 8
8654816 8
8658136 8
8658272 8
8668824 8
8658312 8
8457920 8
8660232 8
8663704 8
8681488 8
8661008 8
8665448 8
8654744 8
8682488 8
8659640 8
8457848 8
8457856 8
8460880 8
8683776 8
8457864 8
8654584 8
8655168 8
8459088 8
8673496 8
8686536 8
8659200 8
8695144 8
8460168 8
8668616 8
8457280 8
8457288 8
8457296 8
8693032 8
8683368 8
8674936 8
8667416 8
8457304 8
8683184 8
8672528 8
8654616 8
8659896 8
8666304 8
8681776 8
8663832 8
8679688 8
8663784 8
8668008 8
8677952 8
8659760 8
8664064 8
8677760 8
8657216 8
8653504 8
8687080 8
8659712 8
8659704 8
8655720 8
8457704 8
8671200 8
8664208 8
8662592 8
8668112 8
8681112 8
8654320 8
8683456 8
8659496 8
8686576 8
8695888 8
8660208 8
8662704 8
8659232 8
8690544 8
8656640 8
8660304 8
8661832 8
8690872 8
8681848 8
8457080 8
8460400 8
8460408 8
8672024 8
8688560 8
8653256 8
8695928 8
8660344 8
8459256 8
8459264 8
8659960 8
8671024 8
8662528 8
8659944 8
8678760 8
8663672 8
8689864 8
8659968 8
8660648 8
8659912 8
8675024 8
8459400 8
8459408 8
8459416 8
8660688 8
8685152 8
8692152 8
8668144 8
8458888 8
8458896 8
8458904 8
8658224 8
8690880 8
8660592 8
8460240 8
8670528 8
8669440 8
8683400 8
8460424 8
8687944 8
8672392 8
8457872 8
8655904 8
8673504 8
8654592 8
8676168 8
8457320 8
8457328 8
8457336 8
8679000 8
8675768 8
8682320 8
8658808 8
8684904 8
8683432 8
8675968 8
8674800 8
8688320 8
8654984 8
8693352 8
8695568 8
8653528 8
8653992 8
8666664 8
8658328 8
8670592 8
8665832 8
8657112 8
8687688 8
8660728 8
8674448 8
8458024 8
8461064 8
8461072 8
8689512 8
8458560 8
8458568 8
8669416 8
8661768 8
8669352 8
8682120 8
8671944 8
8675320 8
8694456 8
8656752 8
8664192 8
8460080 8
8695840 8
8692528 8
8680688 8
8680504 8
8672424 8
8667880 8
8693616 8
8691864 8
8670880 8
8654920 8
8457584 8
8457592 8
8457600 8
8694152 8
8676368 8
8654040 8
8675824 8
8459080 8
8681792 8
8667112 8
8659192 8
8690040 8
8695376 8
8659904 8
8659224 8
8457776 8
8457784 8
8457792 8
8679392 8
8656032 8
8654360 8
8664632 8
8672632 8
8666232 8
8457688 8
8459208 8
8689928 8
8659576 8
8670808 8
8676120 8
8654264 8
8682600 8
8458792 8
8458800 8
8458808 8
8665624 8
8657984 8
8683784 8
8459032 8
8658952 8
8682024 8
8667464 8
8457992 8
8458000 8
8460392 8
8678488 8
8671824 8
8458008 8
8654896 8
8668104 8
8460680 8
8677784 8
8669840 8
8459104 8
8681768 8
8659360 8
8458208 8
8458216 8
8655640 8
8675424 8
8655680 8
8685872 8
8668184 8
8458232 8
8668296 8
8673208 8
8672320 8
8659632 8
8669176 8
8655704 8
8655728 8
8655656 8
8693904 8
8657712 8
8688544 8
8688096 8
8682104 8
8456640 8
8657608 8
8680608 8
8692784 8
8666720 8
8662368 8
8688536 8
8660288 8
8685184 8
8695552 8
8660880 8
8696056 8
8459784 8
8692960 8
8664040 8
8459120 8
8459128 8
8459136 8
8663656 8
8662336 8
8659432 8
8460024 8
8460032 8
8686128 8
8667624 8
8691768 8
8665640 8
8661184 8
8659400 8
8669488 8
8685072 8
8681680 8
8690256 8
8692656 8
8652904 8
8693624 8
8663472 8
8456872 8
8456880 8
8690120 8
8659584 8
8694816 8
8683648 8
8683096 8
8656632 8
8653056 8
8687424 8
8691496 8
8694544 8
8695008 8
8661000 8
8683960 8
8654080 8
8661456 8
8657056 8
8687464 8
8656776 8
8458600 8
8460944 8
8684976 8
8460248 8
8669888 8
8460232 8
8669344 8
8459944 8
8666088 8
8677408 8
8458608 8
8656912 8
8460752 8
8680128 8
8667336 8
8690968 8
8690512 8
8654192 8
8681568 8
8675136 8
8683520 8
8654280 8
8693512 8
8660864 8
8681672 8
8688648 8
8458328 8
8458336 8
8458776 8
8657896 8
8458344 8
8688840 8
8668264 8
8658192 8
8655944 8
8673320 8
8687864 8
8677688 8
8458872 8
8458880 8
8658152 8
8664312 8
8670832 8
8658176 8
8661632 8
8457712 8
8457720 8
8457728 8
8662568 8
8664176 8
8657952 8
8681984 8
8684736 8
8654328 8
8660224 8
8457984 8
8678712 8
8654856 8
8658112 8
8665288 8
8657912 8
8688808 8
8666880 8
8669432 8
8668856 8
8690832 8
8458048 8
8458056 8
8459856 8
8687288 8
8665200 8
8667472 8
8684480 8
8684232 8
8693416 8
8670696 8
8458064 8
8655216 8
8663712 8
8679472 8
8657872 8
8657288 8
8655568 8
8655560 8
8655072 8
8684864 8
8677152 8
8459176 8
8664768 8
8659488 8
8684808 8
8657768 8
8459456 8
8661024 8
8681624 8
8459440 8
8459840 8
8664864 8
8660936 8
8666176 8
8456832 8
8458248 8
8458256 8
8684880 8
8660136 8
8655744 8
8656600 8
8675312 8
8686888 8
8673616 8
8659880 8
8693800 8
8657784 8
8690424 8
8668392 8
8690296 8
8459240 8
8671512 8
8695512 8
8659792 8
8688160 8
8459344 8
8685792 8
8665936 8
8668776 8
8694480 8
8684792 8
8687024 8
8688256 8
8660576 8
8660552 8
8678568 8
8459360 8
8660632 8
8457448 8
8662400 8
8653736 8
8696184 8
8459872 8
8671144 8
8665472 8
8682336 8
8660104 8
8456840 8
8457472 8
8457480 8
8653768 8
8675952 8
8671392 8
8687816 8
8677528 8
8662632 8
8655528 8
8678824 8
8687008 8
8655984 8
8456848 8
8661328 8
8684096 8
8660376 8
8459312 8
8660392 8
8660400 8
8660384 8
8456856 8
8653032 8
8660448 8
8662536 8
8675792 8
8662240 8
8660456 8
8657864 8
8654696 8
8695384 8
8686952 8
8663336 8
12650776 8
12855328 8
8460776 8
8680224 8
8695224 8
8684312 8
8692912 8
8660264 8
8660352 8
8689176 8
8460792 8
8681128 8
8459016 8
8662472 8
8459024 8
8658824 8
8693320 8
8460120 8
8668176 8
8678432 8
8459880 8
8665480 8
8675872 8
8684304 8
8458976 8
8458984 8
8458992 8
8678288 8
8690728 8
8658472 8
8662792 8
8675352 8
8683944 8
8689768 8
8673008 8
8668072 8
8457432 8
8688136 8
8676232 8
8665512 8
8460312 8
8460320 8
8670632 8
8460688 8
8677856 8
8675640 8
8691960 8
8659800 8
8668728 8
8663984 8
8669384 8
8673400 8
8661400 8
8691680 8
8657336 8
8661856 8
8682536 8
8671904 8
8675336 8
8673744 8
8658536 8
8695712 8
8660048 8
8669040 8
8653672 8
8662328 8
8460800 8
8681160 8
8668784 8
8664200 8
8457408 8
8459040 8
8459048 8
8459056 8
8680624 8
8671568 8
8690144 8
8659080 8
8677832 8
8660768 8
8659824 8
8685736 8
8660704 8
8677656 8
8653648 8
8457360 8
8457368 8
8457376 8
8665136 8
8673608 8
8653608 8
8693584 8
8682696 8
8654120 8
8669648 8
8659016 8
8458624 8
8656936 8
8659088 8
8672248 8
8685448 8
8664096 8
8660752 8
8658416 8
8671424 8
8677232 8
8457544 8
8655184 8
8663856 8
8658976 8
8655968 8
8694856 8
8690200 8
8695136 8
8653960 8
8695960 8
8459448 8
8660984 8
8692328 8
8685464 8
8680360 8
8457456 8
8460576 8
8460584 8
8460592 8
8460600 8
8460608 8
8675624 8
8457464 8
8460040 8
8460048 8
8667672 8
8460192 8
8460200 8
8668968 8
8694800 8
8653752 8
8667616 8
8676416 8
8458552 8
8669224 8
8656648 8
8681056 8
8665384 8
8677960 8
8657808 8
8676192 8
8654032 8
8457064 8
8458912 8
8458920 8
8658304 8
8660856 8
8658456 8
8653240 8
8671208 8
8656408 8
8456808 8
8456816 8
8459528 8
8661576 8
8672408 8
8460416 8
8673632 8
8679888 8
8691600 8
8672344 8
8456824 8
8693232 8
8658992 8
8670392 8
8691792 8
8658848 8
8681616 8
8681376 8
8677824 8
8687888 8
8671928 8
8656536 8
8667680 8
8680400 8
8654112 8
8688200 8
8653016 8
8661352 8
8658592 8
8656616 8
8692560 8
8682240 8
8662872 8
8674552 8
8681064 8
8458536 8
8671408 8
8656448 8
8690400 8
8695264 8
8460920 8
8689152 8
8684560 8
8664736 8
8456752 8
8456760 8
8681392 8
8456768 8
8691280 8
8657552 8
8458592 8
8688512 8
8681240 8
8656888 8
8664648 8
8661560 8
8676424 8
8657888 8
8664960 8
8681288 8
8458376 8
8656784 8
8689376 8
8458384 8
8682528 8
8695720 8
8656840 8
8695272 8
8666144 8
8693760 8
8656080 8
8687760 8
8682768 8
8677264 8
8694768 8
8689688 8
8666944 8
8679664 8
8675728 8
8460288 8
8670328 8
8693544 8
8676680 8
8664376 8
8677488 8
8671800 8
8690824 8
8668352 8
8458496 8
8684424 8
8658320 8
8687384 8
8664880 8
8458504 8
8668832 8
8686176 8
8656360 8
8673664 8
8671120 8
8668512 8
8664560 8
8659592 8
8687056 8
8656704 8
8686968 8
8668240 8
8654072 8
8680672 8
8458736 8
8458744 8
8691560 8
8679424 8
8662128 8
8689384 8
8658600 8
8679984 8
8690072 8
8661096 8
8689536 8
8687984 8
8669448 8
8693456 8
8657800 8
8666560 8
8683496 8
8693104 8
8687064 8
8691056 8
8657792 8
8668544 8
8458224 8
8694688 8
8694512 8
8657440 8
8664472 8
8657488 8
8693648 8
8662696 8
8682504 8
8655672 8
8680616 8
8660896 8
8658256 8
8679368 8
8683680 8
8690800 8
8656824 8
8458136 8
8685032 8
8673624 8
8458688 8
8657656 8
8669584 8
8659816 8
8657664 8
8664776 8
8655352 8
8456776 8
8670368 8
8684208 8
8690856 8
8675160 8
8673712 8
8674840 8
8690944 8
8691272 8
8656144 8
8672888 8
8688112 8
8696168 8
8673688 8
8671720 8
8676096 8
8657312 8
8690240 8
8678296 8
8676160 8
8652968 8
8657320 8
8657120 8
8674272 8
8657048 8
8657264 8
8684248 8
8670200 8
8667248 8
8681520 8
8680024 8
8667840 8
8691024 8
8662000 8
8685456 8
8656320 8
8653936 8
8693608 8
8683720 8
8674968 8
8686056 8
8669000 8
8666272 8
8657368 8
8667816 8
8663400 8
8458680 8
8657624 8
8661120 8
8687072 8
8683696 8
8665688 8
8675912 8
8687616 8
8666640 8
8684624 8
8680168 8
8680336 8
8656720 8
8458360 8
8458368 8
8656072 8
8667080 8
8658680 8
8678608 8
8677280 8
8679352 8
8683632 8
8692520 8
8681600 8
8686008 8
8663464 8
8460464 8
8673216 8
8456568 8
8458616 8
8684112 8
8681272 8
8671448 8
8684712 8
8656928 8
8666376 8
8666632 8
8460256 8
8672056 8
8680896 8
8670016 8
8684952 8
8687704 8
8457608 8
8658096 8
8675520 8
8657416 8
8668864 8
8654448 8
8654504 8
8685720 8
8674512 8
8670800 8
8695664 8
8695056 8
8693792 8
8694624 8
8678912 8
8654048 8
8670192 8
8679256 8
8677904 8
8685136 8
8661824 8
8687872 8
8660120 8
8678168 8
8675480 8
8687232 8
8692144 8
8683472 8
8670848 8
8695504 8
8692312 8
8694944 8
8682288 8
8656592 8
8693776 8
8670520 8
8655400 8
8668400 8
8692904 8
8675784 8
8694872 8
8664072 8
8459848 8
8664928 8
8457648 8
8671968 8
8460176 8
8696096 8
8682592 8
8670472 8
8694992 8
8668680 8
8654104 8
8693960 8
8661592 8
8694680 8
8683672 8
8682776 8
8666824 8
8694832 8
8694568 8
8662864 8
8694640 8
8460640 8
8688416 8
12650952 8
12855504 8
8694616 8
8677336 8
8459936 8
8689008 8
8674184 8
8666056 8
8678304 8
8459320 8
8683440 8
8664048 8
8673160 8
8660408 8
8458784 8
8657928 8
8459928 8
8686368 8
8666040 8
8678040 8
8673040 8
8694440 8
8685712 8
8691264 8
8459984 8
8676696 8
8667192 8
8668208 8
8672464 8
8695104 8
8685312 8
8694368 8
8665856 8
8459352 8
8660616 8
8689712 8
8694520 8
8661472 8
8693976 8
8696120 8
8687312 8
8460784 8
8680256 8
8460336 8
8671048 8
8677272 8
8677840 8
8694432 8
8681920 8
8691456 8
8458640 8
8695176 8
8679344 8
8690568 8
8684744 8
8657096 8
8659856 8
8684464 8
8687840 8
8456576 8
8694184 8
8456584 8
8457040 8
8457048 8
8653208 8
8695016 8
8459904 8
8665520 8
8696152 8
8459584 8
8691432 8
8662016 8
8459216 8
8679400 8
8659616 8
8456592 8
8457496 8
8691328 8
8691240 8
8653832 8
8456600 8
8663904 8
8652848 8
8459696 8
8679288 8
8662840 8
8459768 8
8667824 8
8663584 8
8457672 8
8685424 8
8654184 8
8667544 8
8676888 8
8694056 8
8659216 8
8688680 8
8659048 8
8690368 8
8681736 8
8687736 8
8675112 8
8682512 8
8696128 8
8457208 8
8688072 8
8653368 8
8669152 8
8693920 8
8674144 8
8669936 8
8691352 8
8659168 8
8667976 8
8693816 8
8659872 8
8657224 8
8667240 8
8658936 8
8693840 8
8658144 8
8660712 8
8661792 8
8667256 8
8682680 8
8678848 8
8694000 8
8460704 8
8678248 8
8459544 8
8694144 8
8684168 8
12650816 8
12855368 8
12650864 8
12855416 8
8661696 8
8684336 8
8667304 8
8658584 8
8672296 8
8460696 8
8678152 8
8690984 8
8676800 8
8458192 8
8687656 8
8458200 8
8680384 8
8658168 8
8692000 8
8694280 8
8669392 8
8664904 8
8674672 8
8655632 8
8680760 8
8659312 8
8692432 8
8666672 8
8459064 8
8669928 8
8659096 8
8695352 8
8665784 8
8669808 8
8667152 8
8669704 8
8666456 8
8667288 8
8661088 8
8665720 8
8672200 8
8679728 8
8677808 8
8665432 8
8687304 8
8662664 8
8660944 8
8688232 8
8695536 8
8458584 8
8676080 8
8669456 8
8668456 8
8670576 8
8684944 8
8694320 8
8656872 8
8662176 8
8685544 8
8456528 8
8457896 8
8689344 8
8677016 8
8672712 8
8458040 8
8664440 8
8655048 8
8676736 8
8689248 8
8679040 8
8654640 8
8690440 8
8674288 8
8675576 8
8670656 8
8689200 8
8690472 8
8461080 8
8694400 8
8690168 8
8662296 8
8458648 8
8673584 8
8690216 8
8684152 8
8680736 8
8666128 8
8664424 8
8660848 8
8660024 8
8669784 8
8683920 8
8671080 8
8667368 8
8661584 8
8659672 8
8663296 8
8657208 8
8460512 8
8690336 8
8674432 8
8674416 8
8676288 8
8676024 8
8663640 8
8660200 8
8695624 8
8695968 8
8458312 8
8692792 8
8458320 8
8694664 8
8676016 8
8664704 8
8666856 8
8672704 8
8657240 8
8686120 8
8694080 8
8656952 8
8655840 8
8672488 8
8688632 8
8680656 8
8656768 8
8686160 8
8683464 8
8667648 8
8459112 8
8695912 8
8674152 8
8678768 8
8689472 8
8659376 8
8681040 8
8682040 8
8669656 8
8680928 8
8690696 8
8687552 8
8657544 8
8459632 8
8673856 8
8664328 8
8662264 8
8669536 8
8677136 8
8664720 8
8459304 8
8689440 8
8662680 8
8667608 8
8689592 8
8685384 8
8690008 8
8684632 8
8660328 8
8692344 8
8664136 8
8689128 8
8669632 8
8456616 8
8656024 8
8690912 8
8675808 8
8673696 8
8673456 8
8684120 8
8668280 8
8654152 8
8686776 8
8666248 8
8688312 8
8693296 8
8690064 8
8671600 8
8655224 8
8691920 8
8689872 8
8684512 8
8689952 8
8658880 8
8666112 8
8671712 8
8679168 8
8693256 8
8689312 8
8685128 8
8680296 8
8683104 8
8660656 8
8695392 8
8685960 8
8657584 8
8683592 8
8690136 8
8693952 8
8664464 8
8684472 8
8690016 8
8681760 8
8686440 8
8690088 8
8692040 8
8663064 8
8663696 8
8674048 8
8668040 8
8692992 8
8689840 8
8690152 8
8652888 8
8674696 8
8678552 8
8690096 8
8690112 8
8668800 8
8690584 8
8673336 8
8672064 8
8658608 8
8689856 8
8658552 8
8689776 8
8670664 8
8653560 8
8668936 8
8691016 8
8664608 8
8458016 8
8691584 8
8660536 8
8684968 8
8667536 8
8666464 8
8689464 8
8687536 8
8657616 8
8654912 8
8682032 8
8662960 8
8679560 8
8685432 8
8694328 8
8679248 8
8682688 8
8682904 8
8681400 8
8458168 8
8666920 8
8658400 8
8688456 8
8671856 8
8662152 8
8685936 8
8673760 8
8669208 8
8681384 8
8687280 8
8685976 8
8686072 8
8655432 8
8680184 8
8666520 8
8674912 8
8670400 8
8657040 8
8694968 8
8456536 8
8460992 8
8461000 8
8683016 8
8691856 8
8682088 8
8687976 8
8689208 8
8687792 8
8687416 8
8690504 8
8686600 8
8673552 8
8684456 8
8664712 8
8653680 8
8679712 8
8693912 8
8673848 8
8669760 8
8669848 8
8655760 8
8687648 8
8655264 8
8692800 8
8694848 8
8653264 8
8678328 8
8656736 8
8678952 8
8653784 8
8687328 8
8689392 8
8687560 8
8688128 8
8692304 8
8673024 8
8686928 8
8683808 8
8672648 8
8686408 8
8694712 8
8654376 8
8677504 8
8674312 8
8656064 8
8686320 8
8687496 8
8695048 8
8672880 8
8655664 8
8670008 8
8661840 8
8673184 8
8661896 8
8676832 8
8677704 8
8666808 8
8664528 8
8673736 8
8692936 8
8657272 8
8663616 8
8688040 8
8681696 8
8654720 8
8675704 8
8672096 8
8681840 8
8675544 8
8691632 8
8687048 8
8674952 8
8671592 8
8672176 8
8692952 8
8675712 8
8662904 8
8682640 8
8693520 8
8656968 8
8676568 8
8692872 8
8686880 8
8670120 8
8687272 8
8677000 8
8657576 8
8666984 8
8689048 8
8667040 8
8677160 8
8687928 8
8663728 8
8653312 8
8688008 8
8653472 8
8694696 8
8668672 8
8684416 8
8654368 8
8653944 8
8669400 8
8657072 8
8658656 8
8687144 8
8676720 8
8693928 8
8670584 8
8692696 8
8677912 8
8655016 8
8686976 8
8686944 8
8687632 8
8678576 8
8680448 8
8657136 8
8687880 8
8690080 8
8660640 8
8659304 8
8686456 8
8679896 8
8655024 8
8687184 8
8659064 8
8652880 8
8680144 8
8662440 8
8685800 8
8677224 8
8665128 8
8687568 8
8686528 8
8686920 8
8673064 8
8687088 8
8655552 8
8686864 8
8672400 8
8677624 8
8689080 8
8686896 8
8676768 8
8667856 8
8687920 8
8671376 8
8670280 8
8688168 8
8656240 8
8692824 8
8673256 8
8688424 8
8657752 8
8657744 8
8687528 8
8680904 8
8657456 8
8667008 8
8653856 8
8672256 8
8661464 8
8652872 8
8678736 8
8685000 8
8675840 8
8684136 8
8672856 8
8681720 8
8652824 8
8687904 8
8680176 8
8687456 8
8680496 8
8456608 8
8653024 8
8686808 8
8682376 8
8663176 8
8652856 8
8675448 8
8656224 8
8678360 8
8656568 8
8658712 8
8667728 8
8669776 8
8665848 8
8686384 8
8657152 8
8656344 8
8686416 8
8695768 8
8681712 8
8664816 8
8667760 8
8686696 8
8660800 8
8681552 8
8691256 8
8664664 8
8654800 8
8675456 8
8693208 8
8669976 8
8694096 8
8663568 8
8671232 8
8678560 8
8680968 8
8679360 8
8690056 8
8684600 8
8678008 8
8689600 8
8695800 8
8686520 8
8693568 8
8665336 8
8686592 8
8660528 8
8659344 8
8686672 8
8654512 8
8686472 8
8682448 8
8668720 8
8669304 8
8670168 8
8694920 8
8680864 8
8689320 8
8686376 8
8689976 8
8673264 8
8665944 8
8456792 8
8456800 8
8685120 8
8684392 8
8670456 8
8672440 8
8678504 8
8684960 8
8653008 8
8458720 8
8678656 8
8688432 8
8688368 8
8689032 8
8657720 8
8685192 8
8674496 8
8676472 8
8684912 8
8673072 8
8662736 8
8665280 8
8679912 8
8457824 8
8671768 8
8654440 8
8689368 8
8670312 8
8692576 8
8655928 8
8662504 8
8682960 8
8458264 8
8655792 8
8689520 8
8689544 8
8684856 8
8670560 8
8689328 8
8671368 8
8460624 8
8690640 8
8688600 8
8680232 8
8687696 8
8678032 8
8689448 8
8676792 8
8689416 8
8686848 8
8457440 8
8685488 8
8667064 8
8688336 8
8661784 8
8686448 8
8661680 8
8659184 8
8681000 8
8675720 8
8685920 8
8675384 8
8665704 8
8694032 8
8676976 8
8685592 8
8680208 8
8685112 8
8695760 8
8678728 8
8688624 8
8662200 8
8688776 8
8679056 8
8683248 8
8656176 8
8689016 8
8680976 8
8673192 8
8661520 8
8684664 8
8688488 8
8664128 8
8662480 8
8653696 8
8685064 8
8684200 8
8688528 8
8656512 8
8685088 8
8674032 8
8668576 8
8670384 8
8666320 8
8677648 8
8683064 8
8688984 8
8668168 8
8692208 8
8688888 8
8679016 8
8682560 8
8670264 8
8688520 8
8665104 8
8688856 8
8678664 8
8687608 8
8677976 8
8667032 8
8681408 8
8696200 8
8684888 8
8665920 8
8682976 8
8690360 8
8653720 8
8695080 8
8679088 8
8688464 8
8654160 8
8661144 8
8662272 8
8690840 8
8666536 8
8658128 8
8665800 8
8459776 8
8687136 8
8688768 8
8663752 8
8688752 8
8674368 8
8653952 8
8662048 8
8689104 8
8457240 8
8664544 8
8655384 8
8671984 8
8680328 8
8669952 8
8663760 8
8667384 8
8660608 8
8658912 8
8682008 8
8690904 8
8659384 8
8679448 8
8653416 8
8457536 8
8687680 8
8688400 8
8688832 8
8653928 8
8662888 8
8683392 8
8668272 8
8664992 8
8672976 8
8657560 8
8666064 8
8673752 8
8457000 8
8680768 8
8665816 8
8665760 8
8669576 8
8458520 8
8670352 8
8656424 8
8688016 8
8691640 8
8672624 8
8690936 8
8668520 8
8694176 8
8459920 8
8677552 8
8459992 8
8677496 8
8667200 8
8685480 8
8673232 8
8665952 8
8659448 8
8681496 8
8695280 8
8692816 8
8671560 8
8685584 8
8653168 8
8660256 8
8659832 8
8659840 8
8686032 8
8667656 8
8684008 8
8685760 8
8687992 8
8652864 8
8689160 8
8672576 8
8674920 8
8688480 8
8691224 8
8653160 8
8693000 8
8662544 8
8676376 8
8689256 8
