76040 8
4196616 8
4196624 8
4196632 8
4196640 8
4196648 8
4196656 8
4196664 8
4196672 8
4196680 8
4196688 8
4196696 8
4196704 8
4196712 8
4196720 8
4196728 8
4196736 8
4196744 8
4196752 8
4196760 8
4196768 8
4196776 8
4196784 8
4196792 8
4196800 8
4196808 8
4196816 8
4196824 8
4196832 8
4196840 8
4196848 8
4196856 8
4196864 8
4196608 8
4262144 8
4458552 8
4199168 8
4199176 8
4199184 8
4199192 8
4199200 8
4199208 8
4199216 8
4199224 8
4199232 8
4199240 8
4199248 8
4199256 8
4199264 8
4199272 8
4199280 8
4199288 8
4199296 8
4199304 8
4199312 8
4199328 8
4199336 8
4199344 8
4199352 8
4199360 8
4199368 8
4199376 8
4199384 8
4199392 8
4199400 8
4199408 8
4199416 8
4199424 8
4199320 8
4497632 8
4197632 8
4197640 8
4197648 8
4197656 8
4197664 8
4197672 8
4197680 8
4197688 8
4197696 8
4197704 8
4197712 8
4197720 8
4197728 8
4197736 8
4197744 8
4197752 8
4197760 8
4197776 8
4197784 8
4197792 8
4197800 8
4197808 8
4197816 8
4197824 8
4197832 8
4197840 8
4197848 8
4197856 8
4197864 8
4197872 8
4197880 8
4197888 8
4197768 8
4473912 8
4197376 8
4197384 8
4197400 8
4197408 8
4197416 8
4197424 8
4197432 8
4197440 8
4197448 8
4197456 8
4197464 8
4197472 8
4197480 8
4197488 8
4197496 8
4197504 8
4197512 8
4197520 8
4197528 8
4197536 8
4197544 8
4197552 8
4197560 8
4197568 8
4197576 8
4197584 8
4197592 8
4197600 8
4197608 8
4197616 8
4197624 8
4197392 8
4468240 8
4199432 8
4199440 8
4199448 8
4199456 8
4199464 8
4199472 8
4199480 8
4199488 8
4199496 8
4199504 8
4199512 8
4199520 8
4199528 8
4199536 8
4199544 8
4199552 8
4199560 8
4199568 8
4199576 8
4199584 8
4501616 8
4458856 8
4497040 8
4198400 8
4198408 8
4198416 8
4198424 8
4198432 8
4198440 8
4198448 8
4198456 8
4198464 8
4198472 8
4198480 8
4198488 8
4198496 8
4198504 8
4198512 8
4198528 8
4198536 8
4198544 8
4198552 8
4198560 8
4198568 8
4198576 8
4198584 8
4198592 8
4198600 8
4198608 8
4198616 8
4198624 8
4198632 8
4198640 8
4198648 8
4198656 8
4198520 8
4485488 8
8390912 8
8390920 8
8390928 8
8390936 8
8390944 8
8390952 8
8456656 8
8653296 8
4460952 8
4483496 8
4262152 8
4262168 8
4262576 8
4197120 8
4197128 8
4197136 8
4197144 8
4197152 8
4197160 8
4197168 8
4197176 8
4197184 8
4197192 8
4197200 8
4197208 8
4197216 8
4197224 8
4197232 8
4197240 8
4197248 8
4197256 8
4197264 8
4197272 8
4197280 8
4197288 8
4197296 8
4197304 8
4197312 8
4197320 8
4197336 8
4197344 8
4197352 8
4197360 8
4197368 8
4197328 8
4265000 8
4197896 8
4197912 8
4197920 8
4197928 8
4197936 8
4197944 8
4197952 8
4197960 8
4197968 8
4197976 8
4197984 8
4197992 8
4198000 8
4198008 8
4198016 8
4198024 8
4198032 8
4198040 8
4198048 8
4198056 8
4198064 8
4198072 8
4198080 8
4198088 8
4198096 8
4198104 8
4198112 8
4198120 8
4198128 8
4198136 8
4198144 8
4197904 8
4476024 8
4476032 8
4476088 8
4467272 8
4498128 8
4483728 8
4476120 8
4476104 8
4476192 8
4475968 8
4476064 8
4198152 8
4198160 8
4198168 8
4198176 8
4198184 8
4198192 8
4198200 8
4198208 8
4198216 8
4198224 8
4198232 8
4198240 8
4198248 8
4198256 8
4198264 8
4198272 8
4198280 8
4198288 8
4198296 8
4198312 8
4198320 8
4198328 8
4198336 8
4198344 8
4198352 8
4198360 8
4198368 8
4198376 8
4198384 8
4198392 8
4198304 8
4482032 8
4198664 8
4198672 8
4198680 8
4198688 8
4198696 8
4198704 8
4198712 8
4198728 8
4198736 8
4198744 8
4198752 8
4198760 8
4198768 8
4198776 8
4198784 8
4198792 8
4198800 8
4198808 8
4198816 8
4198824 8
4198832 8
4198840 8
4198848 8
4198856 8
4198864 8
4198872 8
4198880 8
4198888 8
4198896 8
4198904 8
4198912 8
4198720 8
4488520 8
4476008 8
4475984 8
4475976 8
4476112 8
4476072 8
4476080 8
4476136 8
4476016 8
4484936 8
4198920 8
4198928 8
4198936 8
4198944 8
4198952 8
4198960 8
4198968 8
4198976 8
4198984 8
4198992 8
4199000 8
4199008 8
4199016 8
4199024 8
4199032 8
4199040 8
4199048 8
4199056 8
4199064 8
4199072 8
4199080 8
4199088 8
4199096 8
4199104 8
4199120 8
4199128 8
4199136 8
4199144 8
4199152 8
4199160 8
4199112 8
4494440 8
4495248 8
4475992 8
4476200 8
4476152 8
4476160 8
4491240 8
4476184 8
4476144 8
4265288 8
4476512 8
4472312 8
4476496 8
4265496 8
4265504 8
4477008 8
4476976 8
4477000 8
4476984 8
4476992 8
4477280 8
4477016 8
4476960 8
4476968 8
4476936 8
4476952 8
4476944 8
4265432 8
4477032 8
4475864 8
4265536 8
4477504 8
4477520 8
4477512 8
4262584 8
4262592 8
4459088 8
4477160 8
4477144 8
4477152 8
4263280 8
4499224 8
4476712 8
4476768 8
4476624 8
4476856 8
4476600 8
4476744 8
4476752 8
4476728 8
4476616 8
4500544 8
4476896 8
4476568 8
4476528 8
4476864 8
4476920 8
4476824 8
4476680 8
4460920 8
4476672 8
4460232 8
4476648 8
4476912 8
4476552 8
4476664 8
4476656 8
4476688 8
4476888 8
4476904 8
4476872 8
4476640 8
4476736 8
4476816 8
4476632 8
4476544 8
4476592 8
4476696 8
4476520 8
4476608 8
4476760 8
4476928 8
4476880 8
4476536 8
4476832 8
4476840 8
4476560 8
4476704 8
4265488 8
4476792 8
4476776 8
4482504 8
4483912 8
4476808 8
4265520 8
4477128 8
4477120 8
4477048 8
4477096 8
4477080 8
4477056 8
4477136 8
4477064 8
4477088 8
4477072 8
4477104 8
4477112 8
4265472 8
4476344 8
4476328 8
4476376 8
4476296 8
4476320 8
4476432 8
4476384 8
4476280 8
4476312 8
4476400 8
4476264 8
4476424 8
4476352 8
4476240 8
4476336 8
4486712 8
4500856 8
4476416 8
4476304 8
4476368 8
4476408 8
4476256 8
4476392 8
4493808 8
4476360 8
4476288 8
4265456 8
4265464 8
4476232 8
4476224 8
4476216 8
4476208 8
4265512 8
4477024 8
4477240 8
4477176 8
4477200 8
4477184 8
4477248 8
4477272 8
4477208 8
4477296 8
4479400 8
4477192 8
4477232 8
4477288 8
4477224 8
4477312 8
4477216 8
4477304 8
4478384 8
4196872 8
4196880 8
4196888 8
4196896 8
4196904 8
4196920 8
4196928 8
4196936 8
4196944 8
4196952 8
4196960 8
4196968 8
4196976 8
4196984 8
4196992 8
4197000 8
4197008 8
4197016 8
4197024 8
4197032 8
4197040 8
4197048 8
4197056 8
4197064 8
4197072 8
4197080 8
4197088 8
4197096 8
4197104 8
4197112 8
4196912 8
4263776 8
4476488 8
4476472 8
4461800 8
4467792 8
4476480 8
4476464 8
4262896 8
4497728 8
4499880 8
4477336 8
4477368 8
4477328 8
4477440 8
4477344 8
4477416 8
4477448 8
4477424 8
4477496 8
4477384 8
4477376 8
4477456 8
4477432 8
4459520 8
4477464 8
4477400 8
4477352 8
4477408 8
4469400 8
4477392 8
4477480 8
4262248 8
4467696 8
4467672 8
4467728 8
4467712 8
4458632 8
4467720 8
4467744 8
4467704 8
4467736 8
4467752 8
4467680 8
4467760 8
4467776 8
4467664 8
4467768 8
4265032 8
4468448 8
4468408 8
4265040 8
4468464 8
4468424 8
4468456 8
4468400 8
4468440 8
4468432 8
4468416 8
4468392 8
4265024 8
4477896 8
4477952 8
4497352 8
4477640 8
4477712 8
4477664 8
4477816 8
4477944 8
4477728 8
4500368 8
4477680 8
4477672 8
4477856 8
4477968 8
4477528 8
4477872 8
4477760 8
4477928 8
4470776 8
4477888 8
4477648 8
4477960 8
4477904 8
4477624 8
4477568 8
4265544 8
4477592 8
4477576 8
4485712 8
4477616 8
4477600 8
4477584 8
4477848 8
4477976 8
4477912 8
4477920 8
4477744 8
4477768 8
4477688 8
4477840 8
4477864 8
4477720 8
4477808 8
4477984 8
4477784 8
4477552 8
4494216 8
4467976 8
4477632 8
4477544 8
4477824 8
4477560 8
4477792 8
4477832 8
4477776 8
4477736 8
4477936 8
4477696 8
4477800 8
4264768 8
4469728 8
4486328 8
4469672 8
4469952 8
4469864 8
4469616 8
4469880 8
4469816 8
4469768 8
4469600 8
4469720 8
4469920 8
4470768 8
4469688 8
4469960 8
4469968 8
4469896 8
4469640 8
4466160 8
4469840 8
4469832 8
4469904 8
4486568 8
4469608 8
4469928 8
4481136 8
4469584 8
4469744 8
4469888 8
4492144 8
4480016 8
4469704 8
4469872 8
4469760 8
4469648 8
4469712 8
4469592 8
4469808 8
4469856 8
4469936 8
4469824 8
4469656 8
4469984 8
4469792 8
4469632 8
4469696 8
4469776 8
4469664 8
4469752 8
4469784 8
4469912 8
4262176 8
4468296 8
4467824 8
4467872 8
4468352 8
4467928 8
4262184 8
4465824 8
4468040 8
4468160 8
4468272 8
4468032 8
4468184 8
4468192 8
4468104 8
4466560 8
4468056 8
4468064 8
4468024 8
4467992 8
4468080 8
4468120 8
4468200 8
4468072 8
4468152 8
4468048 8
4468016 8
4468008 8
4468224 8
4492296 8
4466216 8
4468256 8
4468208 8
4467984 8
4468216 8
4468112 8
4465352 8
4468000 8
4468144 8
4468248 8
4468264 8
4468136 8
4467968 8
4458536 8
4496312 8
4477656 8
4467912 8
4468376 8
4468328 8
4468336 8
4467888 8
4470312 8
4467864 8
4467848 8
4461576 8
4468320 8
4467920 8
4462344 8
4467896 8
4468384 8
4468368 8
4468360 8
4467952 8
4467960 8
4488352 8
4468344 8
4467880 8
4467856 8
4467936 8
4467784 8
4462760 8
4468288 8
4467904 8
4467832 8
4468304 8
4468280 8
4467944 8
4467800 8
4265672 8
4479312 8
4479288 8
4479296 8
4479304 8
4263360 8
4479736 8
4494816 8
4479504 8
4479640 8
4479976 8
4500992 8
4479920 8
4479336 8
4479568 8
4480064 8
4479456 8
4479720 8
4479648 8
4479544 8
4479688 8
4499696 8
4479656 8
4480024 8
4469944 8
4462664 8
4479584 8
4480008 8
4480080 8
4479552 8
4498432 8
4479488 8
4500176 8
4479480 8
4479616 8
4479664 8
4485688 8
4479904 8
4480032 8
4479984 8
4479600 8
4479560 8
4480056 8
4479680 8
4497560 8
4479928 8
4479696 8
4479512 8
4264488 8
4471848 8
4479880 8
4464832 8
4479872 8
4479856 8
4479888 8
4479952 8
4461880 8
4464184 8
4480040 8
4265384 8
4479792 8
4474664 8
4479808 8
4479768 8
4479784 8
4482240 8
4479464 8
4479960 8
4479848 8
4479632 8
4479744 8
4479576 8
4479624 8
4496904 8
4479344 8
4479992 8
4479912 8
4492752 8
4479592 8
4479824 8
4479760 8
4479752 8
4265016 8
4479408 8
4479424 8
4479440 8
4479384 8
4479392 8
4467584 8
4479416 8
4477256 8
4479376 8
4479496 8
4460960 8
4479528 8
4479936 8
4479536 8
4479448 8
4479672 8
4479368 8
4480000 8
4479520 8
4479352 8
4479944 8
4263368 8
4478512 8
4478656 8
4463720 8
4470568 8
4478688 8
4478488 8
4479072 8
4478208 8
4478672 8
4478560 8
4465688 8
4478944 8
4478640 8
4478536 8
4263376 8
4264992 8
4478336 8
4478320 8
4467056 8
4478376 8
4501568 8
4478416 8
4498656 8
4478464 8
4477264 8
4478360 8
4496624 8
4478272 8
4478440 8
4478448 8
4478400 8
4478280 8
4478352 8
4478456 8
4478392 8
4478368 8
4478312 8
4499960 8
4478296 8
4265584 8
4478256 8
4460968 8
4478432 8
4478264 8
4478544 8
4478960 8
4474392 8
4478848 8
4478480 8
4479080 8
4478664 8
4478744 8
4478224 8
4478248 8
4478568 8
4478936 8
4265656 8
4479120 8
4479088 8
4489240 8
4479160 8
4479096 8
4479128 8
4479112 8
4479144 8
4479152 8
4479104 8
4479136 8
4479016 8
4478240 8
4478472 8
4479048 8
4464224 8
4478504 8
4479008 8
4478232 8
4478216 8
4474672 8
4500224 8
4479056 8
4263520 8
4478816 8
4461232 8
4478800 8
4478808 8
4478752 8
4478784 8
4478768 8
4478824 8
4478840 8
4478832 8
4501544 8
4478792 8
4478192 8
4478728 8
4500960 8
4478632 8
4481752 8
4478576 8
4478904 8
4486184 8
4478184 8
4482368 8
4478552 8
4479064 8
4464904 8
4478928 8
4478696 8
4479032 8
4478912 8
4265632 8
4478616 8
4265648 8
4478872 8
4478856 8
4478888 8
4478880 8
4478864 8
4478896 8
4496928 8
4265560 8
4478016 8
4478104 8
4478128 8
4478064 8
4265576 8
4485904 8
4478152 8
4478136 8
4494360 8
4478168 8
4478112 8
4478160 8
4485784 8
4478032 8
4478048 8
4478056 8
4478024 8
4478096 8
4478040 8
4477992 8
4501592 8
4478176 8
4478000 8
4478080 8
4478088 8
4469192 8
4478680 8
4483272 8
4478920 8
4265624 8
4478600 8
4478592 8
4478608 8
4478584 8
4478200 8
4478976 8
4478984 8
4265664 8
4479200 8
4482280 8
4479240 8
4479216 8
4479176 8
4479256 8
4479184 8
4479248 8
4479208 8
4479224 8
4479280 8
4479272 8
4496616 8
4479232 8
4266800 8
4498696 8
4466728 8
4262216 8
4262232 8
4459216 8
4467248 8
4467072 8
4467192 8
4467200 8
4458592 8
4467104 8
4467136 8
4467168 8
4467176 8
4467096 8
4467128 8
4473432 8
4490768 8
4467064 8
4467112 8
4467232 8
4467144 8
4467184 8
4467048 8
4478328 8
4467080 8
4467088 8
4467160 8
4467024 8
4467208 8
4467216 8
4467224 8
4467152 8
4467000 8
4467440 8
4467392 8
4466888 8
4467408 8
4467256 8
4265008 8
4467616 8
4479432 8
4467600 8
4467592 8
4467624 8
4467576 8
4467608 8
4467544 8
4467344 8
4467536 8
4467328 8
4488104 8
4498544 8
4466808 8
4466832 8
4482432 8
4466976 8
4467264 8
4467520 8
4461864 8
4466776 8
4467480 8
4467552 8
4464472 8
4466960 8
4466752 8
4466736 8
4496200 8
4466992 8
4466816 8
4466936 8
4467632 8
4467512 8
4466744 8
4466848 8
4467456 8
4467368 8
4467488 8
4467016 8
4466768 8
4467280 8
4467384 8
4467648 8
4466864 8
4476000 8
4467560 8
4466760 8
4466824 8
4467296 8
4475680 8
4466952 8
4467640 8
4497656 8
4466792 8
4467400 8
4467288 8
4467352 8
4467336 8
4467656 8
4466912 8
4471808 8
4467312 8
4460848 8
4467496 8
4467424 8
4466968 8
4466872 8
4467472 8
4467504 8
4467416 8
4491944 8
4466928 8
4467008 8
4466784 8
4492936 8
4467568 8
4458576 8
4467376 8
4467320 8
4466904 8
4467360 8
4265376 8
4262496 8
4265184 8
4265424 8
4265280 8
4265368 8
4265192 8
4265408 8
4265296 8
4265400 8
4470112 8
4470304 8
4475032 8
4475560 8
4470432 8
4473472 8
4471872 8
4473456 8
4472976 8
4474760 8
4470584 8
4472752 8
4470792 8
4481944 8
4473480 8
4474568 8
4500040 8
4481480 8
4462560 8
4481496 8
4471672 8
4470192 8
4492720 8
4473192 8
4470280 8
4473344 8
4470336 8
4500296 8
4472504 8
4474824 8
4475104 8
4472472 8
4500968 8
4471856 8
4474840 8
4471992 8
4474008 8
4473288 8
4475152 8
4472704 8
4471976 8
4475888 8
4480376 8
4474304 8
4474336 8
4471224 8
4473704 8
4470880 8
4474944 8
4471512 8
4475944 8
4472192 8
4480168 8
4470288 8
4470120 8
4500416 8
4474744 8
4475776 8
4471352 8
4473360 8
4472304 8
4473648 8
4474432 8
4474056 8
4474256 8
4472944 8
4474032 8
4461784 8
4470968 8
4473864 8
4471200 8
4475512 8
4470104 8
4459016 8
4473440 8
4475952 8
4472024 8
4473816 8
4472208 8
4473080 8
4474968 8
4474024 8
4474896 8
4470688 8
4470744 8
4472048 8
4470056 8
4471736 8
4470008 8
4470088 8
4472632 8
4471096 8
4478760 8
4471464 8
4471216 8
4471120 8
4471824 8
4461832 8
4493640 8
4475224 8
4474312 8
4490720 8
4473872 8
4472672 8
4464360 8
4472016 8
4493288 8
4472744 8
4473016 8
4473808 8
4475600 8
4474440 8
4488808 8
4470464 8
4475408 8
4470200 8
4471288 8
4474072 8
4472152 8
4472264 8
4475840 8
4500768 8
4493480 8
4471128 8
4460016 8
4472336 8
4472128 8
4472512 8
4470320 8
4473600 8
4472072 8
4470696 8
4470928 8
4470096 8
4475120 8
4470048 8
4475072 8
4458824 8
4470368 8
4471384 8
4471488 8
4471424 8
4492184 8
4473024 8
4474344 8
4471832 8
4471624 8
4474792 8
4473280 8
4471880 8
4470016 8
4484552 8
4475536 8
4472184 8
4474296 8
4473664 8
4475360 8
4473984 8
4470216 8
4470144 8
4472528 8
4491232 8
4471136 8
4473168 8
4474952 8
4471192 8
4474488 8
4475352 8
4459968 8
4475376 8
4473584 8
4473312 8
4474656 8
4474888 8
4464728 8
4470816 8
4473968 8
4472280 8
4475736 8
4471440 8
4471000 8
4470256 8
4473680 8
4500120 8
4472032 8
4475280 8
4473304 8
4471168 8
4474768 8
4471632 8
4475768 8
4470608 8
4462688 8
4474856 8
4475312 8
4473064 8
4471080 8
4490800 8
4474376 8
4475568 8
4473720 8
4482008 8
4472104 8
4474184 8
4470400 8
4474112 8
4484880 8
4475248 8
4473792 8
4470896 8
4470728 8
4474880 8
4475024 8
4475744 8
4474200 8
4473928 8
4473184 8
4471112 8
4472968 8
4475464 8
4470232 8
4473424 8
4494752 8
4472544 8
4474408 8
4472232 8
4474696 8
4473768 8
4475552 8
4478712 8
4469624 8
4471432 8
4471360 8
4471312 8
4473784 8
4473776 8
4471528 8
4471368 8
4474528 8
4471520 8
4471064 8
4470904 8
4473640 8
4474928 8
4463344 8
4472552 8
4470632 8
4470168 8
4470944 8
4472936 8
4474992 8
4501160 8
4484472 8
4475528 8
4475440 8
4494872 8
4470648 8
4474680 8
4475392 8
4473392 8
4470592 8
4473048 8
4473552 8
4473384 8
4475304 8
4470000 8
4474208 8
4474048 8
4472904 8
4484624 8
4473560 8
4466136 8
4475240 8
4472576 8
4475344 8
4494968 8
4473752 8
4472920 8
4472960 8
4474328 8
4475632 8
4471448 8
4472640 8
4473760 8
4470360 8
4475648 8
4471720 8
4470704 8
4501272 8
4473960 8
4474640 8
4463960 8
4471160 8
4467040 8
4472360 8
4474576 8
4474752 8
4471752 8
4470808 8
4475128 8
4475504 8
4472424 8
4470912 8
4475936 8
4474448 8
4475416 8
4474088 8
4475200 8
4473832 8
4471328 8
4479864 8
4473200 8
4498080 8
4472088 8
4473800 8
4475688 8
4473256 8
4471744 8
4472368 8
4475608 8
4475488 8
4474800 8
4474040 8
4470760 8
4471408 8
4490072 8
4471616 8
4470440 8
4475656 8
4474816 8
4472064 8
4470272 8
4474400 8
4473008 8
4475824 8
4474872 8
4485224 8
4474912 8
4474480 8
4474584 8
4475000 8
4471560 8
4472328 8
4471784 8
4497152 8
4470832 8
4473128 8
4488616 8
4475832 8
4476056 8
4471800 8
4470872 8
4478648 8
4474456 8
4471392 8
4471920 8
4471144 8
4488824 8
4488080 8
4471472 8
4475728 8
4471296 8
4475320 8
4472888 8
4475064 8
4472448 8
4471072 8
4472464 8
4473352 8
4497896 8
4475760 8
4472432 8
4470208 8
4471496 8
4473296 8
4474144 8
4475808 8
4474240 8
4473056 8
4475912 8
4489336 8
4474120 8
4475856 8
4470960 8
4473320 8
4473136 8
4476504 8
4471456 8
4471256 8
4472120 8
4472352 8
4471728 8
4471864 8
4475616 8
4458928 8
4474976 8
4474224 8
4470576 8
4473032 8
4470624 8
4471320 8
4471248 8
4475232 8
4470984 8
4473416 8
4471040 8
4474472 8
4471336 8
4474904 8
4498056 8
4472536 8
4471416 8
4472992 8
4475896 8
4474192 8
4472696 8
4472384 8
4474280 8
4470184 8
4467432 8
4470080 8
4473376 8
4471968 8
4469992 8
4470128 8
4490712 8
4475400 8
4472160 8
4471600 8
4474424 8
4473152 8
4470824 8
4473688 8
4471952 8
4484976 8
4471272 8
4471104 8
4491304 8
4472928 8
4470840 8
4472688 8
4475664 8
4475432 8
4474832 8
4474136 8
4475008 8
4472080 8
4474512 8
4474288 8
4471536 8
4472320 8
4475096 8
4473336 8
4475080 8
4493008 8
4470376 8
4475368 8
4470072 8
4484544 8
4475176 8
4472728 8
4474160 8
4472600 8
4500480 8
4474080 8
4472720 8
4470680 8
4489872 8
4495680 8
4474464 8
4473248 8
4475136 8
4474648 8
4470784 8
4473400 8
4472096 8
4475520 8
4473208 8
4470032 8
4470888 8
4473496 8
4471936 8
4475056 8
4472488 8
4459176 8
4475208 8
4474864 8
4473160 8
4474416 8
4466856 8
4490784 8
4472176 8
4460672 8
4474728 8
4500728 8
4494176 8
4474624 8
4474320 8
4472376 8
4472000 8
4470616 8
4473656 8
4462000 8
4470384 8
4492064 8
4471544 8
4470512 8
4471712 8
4472624 8
4471176 8
4470488 8
4486744 8
4474368 8
4472496 8
4471944 8
4472912 8
4472112 8
4474600 8
4473408 8
4499728 8
4470240 8
4470600 8
4478624 8
4473272 8
4470448 8
4472736 8
4472456 8
4473368 8
4474496 8
4471768 8
4473528 8
4471888 8
4471088 8
4498608 8
4471304 8
4474264 8
4474272 8
4472952 8
4472200 8
4470424 8
4471232 8
4473992 8
4472408 8
4473568 8
4470344 8
4474504 8
4473904 8
4474016 8
4471680 8
4460736 8
4470656 8
4481272 8
4472056 8
4475384 8
4471704 8
4475592 8
4471240 8
4475288 8
4471056 8
4472240 8
4475872 8
4473512 8
4482864 8
4474384 8
4480600 8
4472592 8
4473696 8
4473976 8
4474784 8
4475928 8
4497064 8
4473944 8
4470672 8
4472984 8
4472296 8
4471024 8
4475448 8
4473712 8
4265064 8
4472792 8
4472864 8
4472800 8
4489880 8
4472816 8
4472840 8
4472856 8
4468608 8
4472784 8
4472808 8
4472848 8
4472768 8
4472824 8
4470992 8
4470936 8
4474616 8
4472880 8
4490288 8
4474704 8
4473520 8
4475040 8
4501416 8
4481744 8
4475576 8
4475496 8
4475848 8
4473448 8
4470496 8
4471912 8
4475168 8
4470456 8
4262736 8
4470552 8
4459344 8
4470528 8
4470536 8
4470520 8
4470560 8
4473096 8
4473632 8
4471552 8
4475112 8
4472248 8
4470752 8
4474552 8
4472288 8
4500520 8
4474808 8
4473120 8
4483304 8
4473040 8
4470408 8
4471776 8
4471208 8
4471928 8
4471696 8
4472648 8
4466896 8
4470136 8
4475088 8
4488560 8
4472144 8
4474592 8
4470392 8
4477704 8
4474960 8
4474000 8
4471648 8
4475016 8
4474232 8
4480928 8
4475296 8
4471376 8
4493296 8
4474712 8
4475880 8
4470864 8
4473824 8
4471568 8
4463208 8
4475920 8
4477040 8
4481696 8
4475256 8
4470952 8
4472344 8
4474720 8
4471960 8
4489392 8
4472656 8
4469376 8
4471608 8
4470152 8
4474536 8
4475720 8
4495928 8
4472416 8
4462720 8
4471152 8
4474176 8
4493368 8
4475216 8
4495056 8
4475712 8
4472168 8
4472760 8
4475624 8
4475640 8
4473672 8
4475264 8
4472392 8
4493280 8
4459616 8
4473896 8
4470296 8
4473536 8
4460032 8
4472680 8
4471032 8
4461280 8
4473072 8
4475904 8
4475472 8
4471480 8
4472584 8
4470920 8
4470176 8
4475184 8
4472440 8
4470064 8
4474984 8
4474104 8
4473104 8
4475144 8
4470352 8
4473920 8
4471984 8
4475272 8
4473608 8
4475800 8
4496984 8
4475672 8
4471264 8
4470856 8
4474936 8
4471592 8
4473224 8
4486832 8
4474920 8
4474360 8
4472400 8
4471656 8
4474128 8
4475456 8
4474544 8
4470264 8
4473504 8
4470248 8
4474736 8
4470160 8
4474560 8
4473488 8
4474248 8
4471016 8
4471504 8
4474064 8
4472272 8
4479776 8
4474688 8
4263440 8
4468728 8
4469056 8
4469240 8
4469552 8
4499992 8
4482408 8
4469064 8
4469424 8
4468504 8
4469408 8
4480712 8
4468816 8
4466352 8
4472040 8
4468768 8
4469464 8
4468616 8
4468568 8
4468552 8
4468536 8
4461112 8
4468984 8
4468904 8
4468624 8
4468840 8
4469392 8
4470664 8
4463672 8
4468824 8
4468528 8
4468800 8
4469368 8
4469072 8
4481640 8
4468784 8
4468760 8
4469232 8
4469032 8
4469272 8
4469136 8
4499296 8
4469496 8
4469000 8
4469024 8
4468680 8
4468776 8
4477488 8
4468888 8
4498368 8
4463240 8
4469480 8
4465760 8
4469296 8
4469488 8
4468976 8
4465952 8
4468896 8
4469256 8
4468872 8
4493736 8
4468880 8
4468656 8
4469128 8
4468704 8
4468944 8
4468600 8
4468736 8
4468576 8
4487704 8
4482824 8
4468648 8
4469016 8
4469328 8
4497328 8
4490648 8
4469560 8
4468920 8
4469216 8
4469144 8
4461856 8
4468520 8
4469352 8
4468968 8
4469248 8
4498496 8
4469440 8
4468864 8
4468856 8
4469160 8
4469432 8
4469264 8
4469360 8
4468496 8
4469048 8
4469448 8
4468592 8
4469104 8
4468936 8
4468488 8
4469288 8
4468832 8
4469168 8
4468848 8
4468928 8
4469304 8
4468912 8
4469576 8
4468512 8
4469080 8
4472832 8
4469176 8
4469200 8
4468952 8
4468752 8
4469520 8
4468632 8
4463120 8
4485056 8
4478528 8
4469112 8
4469384 8
4468744 8
4468992 8
4469472 8
4469336 8
4468792 8
4488592 8
4496328 8
4468688 8
4469008 8
4469344 8
4468720 8
4469208 8
4468584 8
4468960 8
4468640 8
4469416 8
4469512 8
4469456 8
4265256 8
4265264 8
4491248 8
4491256 8
4476048 8
4491264 8
4472136 8
4491280 8
4491272 8
4266368 8
4491184 8
4491152 8
4266376 8
4491160 8
4491176 8
4491168 8
4491144 8
4491200 8
4491320 8
4491288 8
4474216 8
4491192 8
4491208 8
4491312 8
4491328 8
4492472 8
4491296 8
4487192 8
4491136 8
4500832 8
4491128 8
4262504 8
4471344 8
4480096 8
4458896 8
4459184 8
4458912 8
4480104 8
4480088 8
4459624 8
4458888 8
4262544 8
4262744 8
4459360 8
4459352 8
4481336 8
4459384 8
4459392 8
4459376 8
4262640 8
4459192 8
4459200 8
4459208 8
4467120 8
4262768 8
4459400 8
4262648 8
4459264 8
4459248 8
4262656 8
4262704 8
4262712 8
4262720 8
4459320 8
4262728 8
4470544 8
4459336 8
4459328 8
4262664 8
4262672 8
4262680 8
4459288 8
4459296 8
4262696 8
4459312 8
4488368 8
4459272 8
4459256 8
4459240 8
4459232 8
4459280 8
4459224 8
4262552 8
4470504 8
4458944 8
4458936 8
4493496 8
4262624 8
4459120 8
4459112 8
4459144 8
4459128 8
4459152 8
4486376 8
4459136 8
4459160 8
4262560 8
4458960 8
4459024 8
4496776 8
4473232 8
4459032 8
4459080 8
4459096 8
4459056 8
4459048 8
4458976 8
4458968 8
4459040 8
4459008 8
4458984 8
4458952 8
4458992 8
4477168 8
4463088 8
4459000 8
4459072 8
4262792 8
4265552 8
4500352 8
4500376 8
4500360 8
4477752 8
4485376 8
4265304 8
8456544 8
8652984 8
8652992 8
8653000 8
8653080 8
8653008 8
4481168 8
4500320 8
4500280 8
4500288 8
4500328 8
4500264 8
4500248 8
4500336 8
4500256 8
4472520 8
4500312 8
4500240 8
4500704 8
8456568 8
8653072 8
8653064 8
8653056 8
8653048 8
4263136 8
4501112 8
4501104 8
4501096 8
4501120 8
4263144 8
4501000 8
4492944 8
4501032 8
4264480 8
4464792 8
4482264 8
4500920 8
4500912 8
4500896 8
4500952 8
4473144 8
4500976 8
4501064 8
4500944 8
4501048 8
4480368 8
4500936 8
4478520 8
4460040 8
4501008 8
4501024 8
4501056 8
4501088 8
4501072 8
4501016 8
4500888 8
4500880 8
4486080 8
4501128 8
4500872 8
4264072 8
4500168 8
4500136 8
8456536 8
8652976 8
8652968 8
8652960 8
8652952 8
8652936 8
8652944 8
8652928 8
4500128 8
4500144 8
4479816 8
4473848 8
4265640 8
4500216 8
4500200 8
4478736 8
4500208 8
4500184 8
4500192 8
4500232 8
8456528 8
8652920 8
4500112 8
4264080 8
4500152 8
4463512 8
4265160 8
4500784 8
4500776 8
4500792 8
4470040 8
4265480 8
4491120 8
4500840 8
4476272 8
4500848 8
4500824 8
4500808 8
4500816 8
4496592 8
4500800 8
8456552 8
8653016 8
8456560 8
8653040 8
8653024 8
8653032 8
8456584 8
8653144 8
4265912 8
4499616 8
4491424 8
4499640 8
4499624 8
4483536 8
4499608 8
4263536 8
4266520 8
4499856 8
4494464 8
4499816 8
4499832 8
4500024 8
4499808 8
4265608 8
4265616 8
4478344 8
4499968 8
4499984 8
4495856 8
8456488 8
8652856 8
4265048 8
4468472 8
4500000 8
4499776 8
4265232 8
4266832 8
8456520 8
8652912 8
8652904 8
4266840 8
4500088 8
4500080 8
4266848 8
4500096 8
4500104 8
4265888 8
8456512 8
8652896 8
8652888 8
4265896 8
4500072 8
4500056 8
4483368 8
8456504 8
8652872 8
8652880 8
4265240 8
4471816 8
4500048 8
4500032 8
4499824 8
4500008 8
4265528 8
4499944 8
4499888 8
4499936 8
4477472 8
4499872 8
4499896 8
4499912 8
4499952 8
4498008 8
4499928 8
4499920 8
4489424 8
8456496 8
8652864 8
4499792 8
4499848 8
4499784 8
4263544 8
4499688 8
4499768 8
4499672 8
4499704 8
4499720 8
4488448 8
4474848 8
4479840 8
4499712 8
4461320 8
4499680 8
4499648 8
4499664 8
4499656 8
4498232 8
4499752 8
4499744 8
4480808 8
4499840 8
4263952 8
4500744 8
4462472 8
4466408 8
4500760 8
4500736 8
4500712 8
4500720 8
8456576 8
8653096 8
8653120 8
8653136 8
8653112 8
8653104 8
8653128 8
8653088 8
4262800 8
4476720 8
4495344 8
4500616 8
4500392 8
4500600 8
4480272 8
4475704 8
4500448 8
4500688 8
4500400 8
4500304 8
4500552 8
4500472 8
4500592 8
4500528 8
4500504 8
4500672 8
4500664 8
4500408 8
4474096 8
4500656 8
4500632 8
4500560 8
4490352 8
4500568 8
4500432 8
4500440 8
4500696 8
4500536 8
4500640 8
4500488 8
4472896 8
4500584 8
4500464 8
4459432 8
4500608 8
4500456 8
4500576 8
4500624 8
4500496 8
4500384 8
4262384 8
4264496 8
4464920 8
4465600 8
4264512 8
4264528 8
4464896 8
4478952 8
4464888 8
4464912 8
4264520 8
4464872 8
4481520 8
4464880 8
4464856 8
4464840 8
4262392 8
4465504 8
4465176 8
4262400 8
4262408 8
4262416 8
4465256 8
4465264 8
4465224 8
4465248 8
4465272 8
4462704 8
4465216 8
4458736 8
4465232 8
4465240 8
4465208 8
4465904 8
4465200 8
4465192 8
4264616 8
4465376 8
4465448 8
4465368 8
4465408 8
4465416 8
4487736 8
4465400 8
4487224 8
4483456 8
4465456 8
4465472 8
4483400 8
4465488 8
4465384 8
4465344 8
4465480 8
4465464 8
4465360 8
4465440 8
4465496 8
4498912 8
4465328 8
4465320 8
4465336 8
4465312 8
4465184 8
4465168 8
4263184 8
4460112 8
4460072 8
4263192 8
4460080 8
4263208 8
4460104 8
4460096 8
4263200 8
4460088 8
4460480 8
4464592 8
4264328 8
4488328 8
4464248 8
4264336 8
4264352 8
4464264 8
4464280 8
4464272 8
4264360 8
4495712 8
4464312 8
4464320 8
4464288 8
4464296 8
4264344 8
4464256 8
4485328 8
4264160 8
4463712 8
4264168 8
4478720 8
4264200 8
4463816 8
4463792 8
4463808 8
4463824 8
4463800 8
4463784 8
4463776 8
4264176 8
4463768 8
4463736 8
4490432 8
4463760 8
4463752 8
4463728 8
4463704 8
4264936 8
4466496 8
4264944 8
4264952 8
4466576 8
4466584 8
4466656 8
4468168 8
4466648 8
4466568 8
4466504 8
4466536 8
4466632 8
4466624 8
4466608 8
4466544 8
4466616 8
4466520 8
4466512 8
4466528 8
4466600 8
4466640 8
4466552 8
4492136 8
4491448 8
4498936 8
4264504 8
4465680 8
4465608 8
4264656 8
4465632 8
4465616 8
4465640 8
4465656 8
4465624 8
4495656 8
4465648 8
4465664 8
4464848 8
4264672 8
4465728 8
4264680 8
4264688 8
4465720 8
4264696 8
4465736 8
4264712 8
4465768 8
4465784 8
4465776 8
4465792 8
4264704 8
4478704 8
4465752 8
4469184 8
4499128 8
4264856 8
4466480 8
4483352 8
4264864 8
4264872 8
4264880 8
4466456 8
4466448 8
4466424 8
4466464 8
4481304 8
4466416 8
4466432 8
4466472 8
4466400 8
4263264 8
4486704 8
4460200 8
4460184 8
4264120 8
4463664 8
4264128 8
4489480 8
4264440 8
4464648 8
4264136 8
4463680 8
4463688 8
4463656 8
4263128 8
4460000 8
4460008 8
4459992 8
4263816 8
4462104 8
4474520 8
4263824 8
4263832 8
4462032 8
4462096 8
4462040 8
4462072 8
4462056 8
4462088 8
4462080 8
4462008 8
4462016 8
4462048 8
4462024 8
4462064 8
4461992 8
4264384 8
4464536 8
4464504 8
4264400 8
4464520 8
4464528 8
4264408 8
4464512 8
4264392 8
4464496 8
4464488 8
4264416 8
4464552 8
4264424 8
4464568 8
4464576 8
4464560 8
4464584 8
4480424 8
4263840 8
4462400 8
4462120 8
4263856 8
4462160 8
4462152 8
4263864 8
4263928 8
4462376 8
4462368 8
4488184 8
4462384 8
4263880 8
4462256 8
4462184 8
4462360 8
4462264 8
4462192 8
4499288 8
4462304 8
4468312 8
4462200 8
4462336 8
4462208 8
4462248 8
4462352 8
4462280 8
4462296 8
4462312 8
4462216 8
4462232 8
4462328 8
4483680 8
4462272 8
4462288 8
4480248 8
4263872 8
4462176 8
4462168 8
4462112 8
4263848 8
4462144 8
4462128 8
4462136 8
4262776 8
4488944 8
4262848 8
4262856 8
4262864 8
4262872 8
4262880 8
4459472 8
4262808 8
4459448 8
4262816 8
4262824 8
4262832 8
4262840 8
4459464 8
4459456 8
4459440 8
4500424 8
4459408 8
4459424 8
4262888 8
4459480 8
4459496 8
4459488 8
4483656 8
4459512 8
4459504 8
4263576 8
4461472 8
4263584 8
4497304 8
4263592 8
4498040 8
4461496 8
4266584 8
4496664 8
4461464 8
4262456 8
4460832 8
4263344 8
4460880 8
4460872 8
4263320 8
4495672 8
4460824 8
4262464 8
4488312 8
4262472 8
4460928 8
4460944 8
4476848 8
4479712 8
4460912 8
4458776 8
4460936 8
4263352 8
4460904 8
4460896 8
4460808 8
4263336 8
4466800 8
4460864 8
4462920 8
4460856 8
4263736 8
4461896 8
4461888 8
4263768 8
4473176 8
4266096 8
4489360 8
4461776 8
4479832 8
4263784 8
4461808 8
4476448 8
4266032 8
4487568 8
4461792 8
4467528 8
4461840 8
4469536 8
4461848 8
4461872 8
4473624 8
4263792 8
4263808 8
4461984 8
4461952 8
4461904 8
4263800 8
4461920 8
4461960 8
4461968 8
4461976 8
4461928 8
4461944 8
4461912 8
4461936 8
4263744 8
4461728 8
4461688 8
4263760 8
4461744 8
4461704 8
4461752 8
4461768 8
4461696 8
4461760 8
4461720 8
4461712 8
4263752 8
4461736 8
4264960 8
4466696 8
4483432 8
4466704 8
4466720 8
4466680 8
4466712 8
4466672 8
4466664 8
4263616 8
4461520 8
4263632 8
4461552 8
4263640 8
4263656 8
4461568 8
4263648 8
4461560 8
4461512 8
4263624 8
4461544 8
4461528 8
4461536 8
4263040 8
4459976 8
4459984 8
4263048 8
4472568 8
4459768 8
4459712 8
4459808 8
4459760 8
4459776 8
4459744 8
4487784 8
4459792 8
4459752 8
4459800 8
4459736 8
4459784 8
4459704 8
4459912 8
4499376 8
4459944 8
4459880 8
4459904 8
4480984 8
4482856 8
4459928 8
4459920 8
4459952 8
4459888 8
4473216 8
4459696 8
4263064 8
4263104 8
4459864 8
4266080 8
4488648 8
4263096 8
4459856 8
4263072 8
4459816 8
4263088 8
4496416 8
4459832 8
4263080 8
4459824 8
4459960 8
4264144 8
4501488 8
4264448 8
4464696 8
4464704 8
4464680 8
4464688 8
4264456 8
4464712 8
4264472 8
4500904 8
4464816 8
4464824 8
4464808 8
4464800 8
4479896 8
4464784 8
4464776 8
4264464 8
4475584 8
4464736 8
4464760 8
4464744 8
4464720 8
4464768 8
4464752 8
4464600 8
4264152 8
4464656 8
4464672 8
4464640 8
4463696 8
4488912 8
4464616 8
4464624 8
4464664 8
4263160 8
4460216 8
4263168 8
4460224 8
4263288 8
4460776 8
4460536 8
4460680 8
4460744 8
4460640 8
4460792 8
4460712 8
4492528 8
4460768 8
4471896 8
4460664 8
4460688 8
4460592 8
4460560 8
4460616 8
4460512 8
4460552 8
4460520 8
4460608 8
4460544 8
4460504 8
4469088 8
4460760 8
4460656 8
4460800 8
4460568 8
4460648 8
4497016 8
4460752 8
4492840 8
4460600 8
4460704 8
4467816 8
4486784 8
4460632 8
4460784 8
4460696 8
4460584 8
4460728 8
4263176 8
4460240 8
4460320 8
4460296 8
4460360 8
4460280 8
4460304 8
4460256 8
4460424 8
4460456 8
4460352 8
4476584 8
4460368 8
4460384 8
4460400 8
4460472 8
4460328 8
4460288 8
4460312 8
4460448 8
4460376 8
4460264 8
4460416 8
4460488 8
4460272 8
4496384 8
4460432 8
4460064 8
4460440 8
4460392 8
4460344 8
4460464 8
4460408 8
4460248 8
4492440 8
4262928 8
4464480 8
4464424 8
4262936 8
4262944 8
4464440 8
4464464 8
4464448 8
4464432 8
4487600 8
4459576 8
4495552 8
4264208 8
4463840 8
4264232 8
4264248 8
4463904 8
4463912 8
4463920 8
4463896 8
4463888 8
4463928 8
4264240 8
4463880 8
4463832 8
4264216 8
4264224 8
4493064 8
4463856 8
4463848 8
4463872 8
4263296 8
4264736 8
4264744 8
4465896 8
4465832 8
4465888 8
4465864 8
4465856 8
4499632 8
4465920 8
4465840 8
4465848 8
4465880 8
4465912 8
4486496 8
4465928 8
4264088 8
4264552 8
4264560 8
4465968 8
4465992 8
4466040 8
4466016 8
4465976 8
4466032 8
4466000 8
4466008 8
4466024 8
4465000 8
4466048 8
4264096 8
4466072 8
4466064 8
4466080 8
4264776 8
4466224 8
4264760 8
4466128 8
4466120 8
4466104 8
4466112 8
4466056 8
4264104 8
4466176 8
4466192 8
4466200 8
4466152 8
4469848 8
4466144 8
4468232 8
4466208 8
4472560 8
4483104 8
4463560 8
4264752 8
4466088 8
4466096 8
4465960 8
4494960 8
4266024 8
4487464 8
4263304 8
4460576 8
4465944 8
4476128 8
4264792 8
4469544 8
4484264 8
4466344 8
4264808 8
4466328 8
4466336 8
4466360 8
4466248 8
4264800 8
4466320 8
4466272 8
4466312 8
4466280 8
4466264 8
4466296 8
4466304 8
4466288 8
4264728 8
4468096 8
4491008 8
4465816 8
4465800 8
4264624 8
4465520 8
4264632 8
4465528 8
4264648 8
4465592 8
4465584 8
4465576 8
4465568 8
4264640 8
4465560 8
4465536 8
4465552 8
4465544 8
4465512 8
4263216 8
4460128 8
4263232 8
4460152 8
4460144 8
4263240 8
4263256 8
4460176 8
4263248 8
4460160 8
4460168 8
4460120 8
4263224 8
4460136 8
4262512 8
4459544 8
4262904 8
4262912 8
4459536 8
4262520 8
4493328 8
4262528 8
4459632 8
4501408 8
4478120 8
4458904 8
4459656 8
4497696 8
4459640 8
4498400 8
4262920 8
4459568 8
4467464 8
4475048 8
4459608 8
4459592 8
4459600 8
4459584 8
4459560 8
4459528 8
4264832 8
4497280 8
4264840 8
4264848 8
4466392 8
4466384 8
4498000 8
4264264 8
4464008 8
4463976 8
4264272 8
4264280 8
4463984 8
4464000 8
4464152 8
4463968 8
4264256 8
4470736 8
4463944 8
4463952 8
4463936 8
4263008 8
4460024 8
4263016 8
4470328 8
4263024 8
4459672 8
4460056 8
4479328 8
4472216 8
4263032 8
4465696 8
4264664 8
4465704 8
4459688 8
4263712 8
4461680 8
4461656 8
4263720 8
4263728 8
4461672 8
4461664 8
4490192 8
4264536 8
4464968 8
4465056 8
4465064 8
4465072 8
4465160 8
4465040 8
4465016 8
4264544 8
4464992 8
4496240 8
4465008 8
4264568 8
4264576 8
4264584 8
4495336 8
4465112 8
4264592 8
4264600 8
4465136 8
4465144 8
4465128 8
4465032 8
4465048 8
4464944 8
4465080 8
4464936 8
4465152 8
4464960 8
4465984 8
4465088 8
4465024 8
4465096 8
4465104 8
4464976 8
4464928 8
4464952 8
4263664 8
4461592 8
4263680 8
4461616 8
4461624 8
4263688 8
4263696 8
4461640 8
4461632 8
4461584 8
4263672 8
4461608 8
4482904 8
4264288 8
4464048 8
4463992 8
4464128 8
4464160 8
4464040 8
4464136 8
4464032 8
4464120 8
4464080 8
4464144 8
4464168 8
4464104 8
4482488 8
4264320 8
4464208 8
4464024 8
4464176 8
4465744 8
4464088 8
4464096 8
4464072 8
4464056 8
4264296 8
4264304 8
4464192 8
4264312 8
4464200 8
4464064 8
4464016 8
4464232 8
4480072 8
4464216 8
4478968 8
4263552 8
4461456 8
4461360 8
4461344 8
4461384 8
4461376 8
4263568 8
4461424 8
4461440 8
4461392 8
4461400 8
4461432 8
4461408 8
4461416 8
4461368 8
4461328 8
4461352 8
4263560 8
4461336 8
4461448 8
4499736 8
4264368 8
4464408 8
4464344 8
4264376 8
4485048 8
4464368 8
4464376 8
4464400 8
4464392 8
4464384 8
4470712 8
4464336 8
4263384 8
4461024 8
4461056 8
4263392 8
4461000 8
4482200 8
4460992 8
4461048 8
4461032 8
4263432 8
4461104 8
4461088 8
4461064 8
4461096 8
4461072 8
4461128 8
4461080 8
4461120 8
4468696 8
4460984 8
4473728 8
4461016 8
4478424 8
4460976 8
4263448 8
4461312 8
4461144 8
4263480 8
4461176 8
4263504 8
4263528 8
4461296 8
4461256 8
4461248 8
4461264 8
4497680 8
4461240 8
4461304 8
4461272 8
4473744 8
4263512 8
4494192 8
4461192 8
4461216 8
4489928 8
4461208 8
4461200 8
4461224 8
4461136 8
4263472 8
4461168 8
4490504 8
4461160 8
4262600 8
4462416 8
4262608 8
4462424 8
4262616 8
4463392 8
4463408 8
4463112 8
4264112 8
4463600 8
4463592 8
4463584 8
4463616 8
4463624 8
4463640 8
4463648 8
4489920 8
4463608 8
4463080 8
4469096 8
4264056 8
4463568 8
4264064 8
4463536 8
4463496 8
4463456 8
4463424 8
4463416 8
4463480 8
4463464 8
4463472 8
4463552 8
4463544 8
4463504 8
4463528 8
4500160 8
4463432 8
4466184 8
4463520 8
4499432 8
4463488 8
4492800 8
4463096 8
4264032 8
4463288 8
4463296 8
4463280 8
4463272 8
4463312 8
4463320 8
4463304 8
4463256 8
4462432 8
4463056 8
4459104 8
4473936 8
4463576 8
4263328 8
4463040 8
4462800 8
4462872 8
4462904 8
4462792 8
4462808 8
4462784 8
4462888 8
4462864 8
4462816 8
4466920 8
4462832 8
4462912 8
4462944 8
4463016 8
4462752 8
4462896 8
4462880 8
4463032 8
4463048 8
4463000 8
4462728 8
4462776 8
4462848 8
4462928 8
4462952 8
4463008 8
4462856 8
4462976 8
4462936 8
4499464 8
4462736 8
4462968 8
4462960 8
4462992 8
4462984 8
4462744 8
4467808 8
4462824 8
4486384 8
4460840 8
4463104 8
4463248 8
4490320 8
4263936 8
4263944 8
4500752 8
4462464 8
4462480 8
4462456 8
4462448 8
4483184 8
4462488 8
4462440 8
4263960 8
4499256 8
4462584 8
4462608 8
4462504 8
4462536 8
4462592 8
4462600 8
4462544 8
4462512 8
4462552 8
4462576 8
4499592 8
4462568 8
4462520 8
4463224 8
4463400 8
4263968 8
4497528 8
4475328 8
4462680 8
4263976 8
4462640 8
4479360 8
4462648 8
4462656 8
4462624 8
4471400 8
4462696 8
4465288 8
4462632 8
4462616 8
4473112 8
4264040 8
4463384 8
4463336 8
4470472 8
4264048 8
4463360 8
4463368 8
4463352 8
4463376 8
4463328 8
4463072 8
4491040 8
4463232 8
4264008 8
4463128 8
4468560 8
4489712 8
4463152 8
4493392 8
4463200 8
4463176 8
4463184 8
4463168 8
4463136 8
4463192 8
4463064 8
4462408 8
4491336 8
4499576 8
4262192 8
4499544 8
4266608 8
4497184 8
4497192 8
4263992 8
4264000 8
4492952 8
4499448 8
4499456 8
4499440 8
4462840 8
4499424 8
8456456 8
8652816 8
4499416 8
4496208 8
4499528 8
4499312 8
4499536 8
4493264 8
4499408 8
4262200 8
4262208 8
4459680 8
4497672 8
4497704 8
4497624 8
4477320 8
4497576 8
4497640 8
4492224 8
4497568 8
4266040 8
4487592 8
4497648 8
4266640 8
4497600 8
4497584 8
4497592 8
4497608 8
4458568 8
4497760 8
4461288 8
4497736 8
4497752 8
4494600 8
4497664 8
4497616 8
4497720 8
4497688 8
4265104 8
4498504 8
4498520 8
4498488 8
4498512 8
4468808 8
4498480 8
4498472 8
4266752 8
4498360 8
4266760 8
4498352 8
4498344 8
4498336 8
4263984 8
4480048 8
4497536 8
4265776 8
4497544 8
4480800 8
4462712 8
4262256 8
4262264 8
4498424 8
4263152 8
4498384 8
4498392 8
4460048 8
4498456 8
4458640 8
4498416 8
4498376 8
4479704 8
4498408 8
4484056 8
4498464 8
4480792 8
4266808 8
4499072 8
8456448 8
8652808 8
8652800 8
4499080 8
4266648 8
4497768 8
8456480 8
8652848 8
4265112 8
4497360 8
4265120 8
4497320 8
4265128 8
4469224 8
4497336 8
4266632 8
4497312 8
4497344 8
4477536 8
4266696 8
4498152 8
4266456 8
4498328 8
4266464 8
4266472 8
4493168 8
4266728 8
4266736 8
4498248 8
4498256 8
4498264 8
4498272 8
4266744 8
4498280 8
4498288 8
4498296 8
4498304 8
4498312 8
4498320 8
4265416 8
4498072 8
4475480 8
4498064 8
4265992 8
4498552 8
4266768 8
4498528 8
4498536 8
4485816 8
4266704 8
4266712 8
4498160 8
4498176 8
4498168 8
4263600 8
4498112 8
4498144 8
4263608 8
4461504 8
4470480 8
4498048 8
4465936 8
4498120 8
4498136 8
4266104 8
4497376 8
4497512 8
4266112 8
4497408 8
4266120 8
4497480 8
4497464 8
4497456 8
4497416 8
4497440 8
4497472 8
4497424 8
4497448 8
4490144 8
4497432 8
4497504 8
4497496 8
4497400 8
4497368 8
4497520 8
4491576 8
4497392 8
4266672 8
4498032 8
4265904 8
4499496 8
4498192 8
4498208 8
4498216 8
4498184 8
4483472 8
4476176 8
4266776 8
4266784 8
4498560 8
4498568 8
4498576 8
4265856 8
4498600 8
4266792 8
4498584 8
4481832 8
4264608 8
4498760 8
4499016 8
4498800 8
4499040 8
4498840 8
4498872 8
4498928 8
4498664 8
4498952 8
4465304 8
4484888 8
4499048 8
4499008 8
4498704 8
4499056 8
4498680 8
4480960 8
4498752 8
4499024 8
4473952 8
4498976 8
4498984 8
4498864 8
4498960 8
4498888 8
4498712 8
4498768 8
4498856 8
4498728 8
4498832 8
4478408 8
4498968 8
4498992 8
4498784 8
4498848 8
4498896 8
4498816 8
4467840 8
4498808 8
4498720 8
4490112 8
4499000 8
4479320 8
4498792 8
4498736 8
4498776 8
4498672 8
4498920 8
4498688 8
4498904 8
4499032 8
4498880 8
4264816 8
4265208 8
4471280 8
4497872 8
4497880 8
4497848 8
4497888 8
4497960 8
4497840 8
4497856 8
4266392 8
4497904 8
4497928 8
4497920 8
4497944 8
4497912 8
4491376 8
4497952 8
4497864 8
4497832 8
4488608 8
4264824 8
4497976 8
4499904 8
4466368 8
4498016 8
4497984 8
4481160 8
4497992 8
4266664 8
4497824 8
4266008 8
4266016 8
4497792 8
4486864 8
4497808 8
4497816 8
4265216 8
4498648 8
4495768 8
4498640 8
4265224 8
4471792 8
4498624 8
4498632 8
4266680 8
4266688 8
4498088 8
4498096 8
4498104 8
4496488 8
4266656 8
4497784 8
4497776 8
4499344 8
4265864 8
4494224 8
4482184 8
4499328 8
4266616 8
4497224 8
4497216 8
4497248 8
4497232 8
4497240 8
4497200 8
4497208 8
4263888 8
4263896 8
4499168 8
4499208 8
4480912 8
4499240 8
4465712 8
4499184 8
4499152 8
4499200 8
4499120 8
4499192 8
4499136 8
4462224 8
4499160 8
4499176 8
4499096 8
4499144 8
4499232 8
4469152 8
4499248 8
4499112 8
4499216 8
4499104 8
4499272 8
4499280 8
4499264 8
4476576 8
4499088 8
4499304 8
4499560 8
4497272 8
4266624 8
4497256 8
4497288 8
4266720 8
4499512 8
4499504 8
4499520 8
4498224 8
4499568 8
4499472 8
4499352 8
4501040 8
8456464 8
8652832 8
8652824 8
8456472 8
8652840 8
4499552 8
4497264 8
4466376 8
4263112 8
4499392 8
4459872 8
4499360 8
4499384 8
4499368 8
4462528 8
4264888 8
4491352 8
4264896 8
4266400 8
4266408 8
4266416 8
4266424 8
4491616 8
4491608 8
4491600 8
4497384 8
4491584 8
4491592 8
4264904 8
4264912 8
4264920 8
4264928 8
4491408 8
4491416 8
4491360 8
4491440 8
4499600 8
4491400 8
4466488 8
4266384 8
4497936 8
4491384 8
4491368 8
4491432 8
4491392 8
4265968 8
4491552 8
4491488 8
4491536 8
4491472 8
4491496 8
4491544 8
4485336 8
4491480 8
4491464 8
4491568 8
4498944 8
4491520 8
4491504 8
4491560 8
4491456 8
4491344 8
4262752 8
4265792 8
4480824 8
4265800 8
4480848 8
4480872 8
4480856 8
4480840 8
4480864 8
4480832 8
4265808 8
4480896 8
4480888 8
4480904 8
4480880 8
4473592 8
4265136 8
4265824 8
4481128 8
4481120 8
4481112 8
4265832 8
4481176 8
4500272 8
4481184 8
4497968 8
4265840 8
4481200 8
4481208 8
4481232 8
4481240 8
4481216 8
4485400 8
4481224 8
4481152 8
4265848 8
4481288 8
4481296 8
4481280 8
4265144 8
4469976 8
4481144 8
4265272 8
4481264 8
4481256 8
4472256 8
4481248 8
4263408 8
4480472 8
4480144 8
4263416 8
4265736 8
4480624 8
4480616 8
4265744 8
4480656 8
4480648 8
4265728 8
4480560 8
4484776 8
4480552 8
4265704 8
4495448 8
4480512 8
4265720 8
4480536 8
4480544 8
4265712 8
4480520 8
4480528 8
4265752 8
4480664 8
4265696 8
4480480 8
4480488 8
4480496 8
4265760 8
4480680 8
4480672 8
4263424 8
4480640 8
4480576 8
4480632 8
4480584 8
4480592 8
4480608 8
4461040 8
4480112 8
4265680 8
4480120 8
4265072 8
4265080 8
4265088 8
4265096 8
4480688 8
4480768 8
4480776 8
4480728 8
4265768 8
4480760 8
4480744 8
4480752 8
4480736 8
4265784 8
4480816 8
4496960 8
4497552 8
4468664 8
4480696 8
4469504 8
4480784 8
4480720 8
4480704 8
4265688 8
4480464 8
4480136 8
4480128 8
4263912 8
4263920 8
4480360 8
4480240 8
4480232 8
4480200 8
4489960 8
4480280 8
4475752 8
4480288 8
4480208 8
4480216 8
4480344 8
4480416 8
4462320 8
4500512 8
4480328 8
4480336 8
4480224 8
4480312 8
4480256 8
4480304 8
4480384 8
4480400 8
4480320 8
4480176 8
4480264 8
4480408 8
4480192 8
4464544 8
4480184 8
4480392 8
4493792 8
4501080 8
4480160 8
4480440 8
4471760 8
4480432 8
4480456 8
4480152 8
4480448 8
4265816 8
4480944 8
4480936 8
8456592 8
8653152 8
4480920 8
4262760 8
4481368 8
4481360 8
4481344 8
4486176 8
4481352 8
4481320 8
4459368 8
4466440 8
4481328 8
4263120 8
4481056 8
4481088 8
4481064 8
4481016 8
4487256 8
4481080 8
4481040 8
4480952 8
4481104 8
4480976 8
4481072 8
4481008 8
4480968 8
4493984 8
4459896 8
4481096 8
4498744 8
4481048 8
4480992 8
4481032 8
4262328 8
4465120 8
4263488 8
4265944 8
4494080 8
4490088 8
4494064 8
4484200 8
4494104 8
4494112 8
4494088 8
4494120 8
4263496 8
4494136 8
4494144 8
4494152 8
4494200 8
4494184 8
4461184 8
4477880 8
4470976 8
4494208 8
4494128 8
4494168 8
4494160 8
4264968 8
4491936 8
4492008 8
4492024 8
4491960 8
4466840 8
4496504 8
4266440 8
4491912 8
4491856 8
4491816 8
4491928 8
4491888 8
4491824 8
4491864 8
4491904 8
4491848 8
4491896 8
4491840 8
4491832 8
4491920 8
4491872 8
4491808 8
4491880 8
4266448 8
4492000 8
4491984 8
4491992 8
4491968 8
4491976 8
4265152 8
4492056 8
4492072 8
4492048 8
4492080 8
4470024 8
4491952 8
4491800 8
4492016 8
4492040 8
4266128 8
4495352 8
4495408 8
4495416 8
4495376 8
4492792 8
4495384 8
4495360 8
4495392 8
4495400 8
4490328 8
4500680 8
4495424 8
4265440 8
4495152 8
4495272 8
4495264 8
4495168 8
4495192 8
4495184 8
4495160 8
4495288 8
4266552 8
4495312 8
4495304 8
4495320 8
4495328 8
4495280 8
4495176 8
4495296 8
4265448 8
4476040 8
4495232 8
4495256 8
4495208 8
4493448 8
4495200 8
4495240 8
4495224 8
4263312 8
4495528 8
4495600 8
4495624 8
4495488 8
4495752 8
4495848 8
4495456 8
4495464 8
4495608 8
4495736 8
4495472 8
4498616 8
4495480 8
4495504 8
4495520 8
4495648 8
4495824 8
4495592 8
4495544 8
4495944 8
4473736 8
4495760 8
4495584 8
4495896 8
4495960 8
4495576 8
4487928 8
4464416 8
4495568 8
4495912 8
4495872 8
4495936 8
4495496 8
4495640 8
4474632 8
4495728 8
4495688 8
4495952 8
4460816 8
4495800 8
4495920 8
4495776 8
4495968 8
4464304 8
4465672 8
4495864 8
4495880 8
4495616 8
4495704 8
4495632 8
4495840 8
4480504 8
4499976 8
4495792 8
4495512 8
4495816 8
4495784 8
4495808 8
4491000 8
4495560 8
4495744 8
4495664 8
4495832 8
4495440 8
4475544 8
4495720 8
4495536 8
4492576 8
4262336 8
4470800 8
4494888 8
4494456 8
4494400 8
4475960 8
4494704 8
4494288 8
4494808 8
4494352 8
4494768 8
4499320 8
4494792 8
4459728 8
4494480 8
4494368 8
4494680 8
4494512 8
4494736 8
4494568 8
4494864 8
4494640 8
4494296 8
4494832 8
4494504 8
4494848 8
4494376 8
4494560 8
4494312 8
4494256 8
4494576 8
4494240 8
4494248 8
4494616 8
4470848 8
4494552 8
4494272 8
4494728 8
4494608 8
4494592 8
4494760 8
4494840 8
4494624 8
4494424 8
4494672 8
4479728 8
4494800 8
4494304 8
4494584 8
4488256 8
4490760 8
4494384 8
4458784 8
4458704 8
4494408 8
4494496 8
4494696 8
4487936 8
4266528 8
4494544 8
4494528 8
4494536 8
4494520 8
4494664 8
4459648 8
4494472 8
4494488 8
4494416 8
4497712 8
4484480 8
4494320 8
4494328 8
4487104 8
4494656 8
4494880 8
4494744 8
4494720 8
4494688 8
4494632 8
4494784 8
4494344 8
4499864 8
4494336 8
4486696 8
4494232 8
4494264 8
4264432 8
4494016 8
4494056 8
4485144 8
4493968 8
4494040 8
4481000 8
4493992 8
4464608 8
4494024 8
4494048 8
4489064 8
4494032 8
4494008 8
4493952 8
4265168 8
4495112 8
4495088 8
4265176 8
4495064 8
4470640 8
4495144 8
4495072 8
4495104 8
4495136 8
4495120 8
4495128 8
4495080 8
4495096 8
4495048 8
4495032 8
4486912 8
4266064 8
4496176 8
4495992 8
4496064 8
4496088 8
4496072 8
4496040 8
4496024 8
4496128 8
4496112 8
4496104 8
4496096 8
4496008 8
4496184 8
4496120 8
4496016 8
4496032 8
4496136 8
4501192 8
4266576 8
4496168 8
4496160 8
4496144 8
4496152 8
4496048 8
4496056 8
4487976 8
4264784 8
4495016 8
4494944 8
4494976 8
4481784 8
4494896 8
4494936 8
4494952 8
4494928 8
4490664 8
4494920 8
4475336 8
4494904 8
4466232 8
4495000 8
4494992 8
4495008 8
4494984 8
4491640 8
4265320 8
4491744 8
4491784 8
4491760 8
4491776 8
4491664 8
4491696 8
4491656 8
4491680 8
4493024 8
4491792 8
4491736 8
4491688 8
4484576 8
4491768 8
4491648 8
4491712 8
4472616 8
4491728 8
4491720 8
4266568 8
4495976 8
4495984 8
4262536 8
4266480 8
4266488 8
4463864 8
4493072 8
4492592 8
4493800 8
4492992 8
4493584 8
4493624 8
4463144 8
4493696 8
4493440 8
4493752 8
4492808 8
4492768 8
4492736 8
4493944 8
4493776 8
4493200 8
4462672 8
4484152 8
4493120 8
4493144 8
4493688 8
4493128 8
4491672 8
4492632 8
4492648 8
4493320 8
4492680 8
4492664 8
4493704 8
4492640 8
4493192 8
4493560 8
4493096 8
4493312 8
4493912 8
4484792 8
4493848 8
4493352 8
4493712 8
4492888 8
4492968 8
4493152 8
4492760 8
4492896 8
4492584 8
4493136 8
4493632 8
4493240 8
4493936 8
4493232 8
4492624 8
4493928 8
4492616 8
4492984 8
4492824 8
4493248 8
4493528 8
4493600 8
4492912 8
4492872 8
4486480 8
4492848 8
4493568 8
4493608 8
4475792 8
4495216 8
4495888 8
4492728 8
4493904 8
4492880 8
4463448 8
4493184 8
4493344 8
4493400 8
4492784 8
4493672 8
4492960 8
4493664 8
4492928 8
4493112 8
4493336 8
4493648 8
4493416 8
4493408 8
4493880 8
4460720 8
4499400 8
4493592 8
4495432 8
4493656 8
4469312 8
4493000 8
4493840 8
4493616 8
4493872 8
4493760 8
4471688 8
4493472 8
4492704 8
4493784 8
4481408 8
4493888 8
4493864 8
4492864 8
4493016 8
4493088 8
4493032 8
4493272 8
4493896 8
4493424 8
4493816 8
4492816 8
4493720 8
4493680 8
4493856 8
4492920 8
4493376 8
4463440 8
4493512 8
4492600 8
4492696 8
4493728 8
4493384 8
4479608 8
4492688 8
4493464 8
4480352 8
4493080 8
4493456 8
4493176 8
4493256 8
4475784 8
4493488 8
4470224 8
4493576 8
4493048 8
4493824 8
4492744 8
4492904 8
4471576 8
4492856 8
4487488 8
4459552 8
4492832 8
4493216 8
4499480 8
4493040 8
4476248 8
4492608 8
4462768 8
4483824 8
4493768 8
4492656 8
4492712 8
4493520 8
4493432 8
4492776 8
4493208 8
4493832 8
4458920 8
4493536 8
4493504 8
4473576 8
4493160 8
4498240 8
4492976 8
4493056 8
4493552 8
4493224 8
4493304 8
4486192 8
4263272 8
4484256 8
4466592 8
4492328 8
4492480 8
4492264 8
4492416 8
4469800 8
4491224 8
4492272 8
4492320 8
4488768 8
4460496 8
4497744 8
4492160 8
4492304 8
4487408 8
4492424 8
4492384 8
4492248 8
4492512 8
4492432 8
4492392 8
4492552 8
4492120 8
4492560 8
4492344 8
4492360 8
4492336 8
4492488 8
4492128 8
4492544 8
4492400 8
4492152 8
4492288 8
4492256 8
4492536 8
4492168 8
4484608 8
4492216 8
4460208 8
4492200 8
4492088 8
4492448 8
4492096 8
4492504 8
4492280 8
4492376 8
4492352 8
4492312 8
4471640 8
4492176 8
4492192 8
4492520 8
4492208 8
4468088 8
4492240 8
4492104 8
4492368 8
4492232 8
4492456 8
4492568 8
4262160 8
4492032 8
4496440 8
4461488 8
4496536 8
4496480 8
4262568 8
4496712 8
4496760 8
4496816 8
4486304 8
4483288 8
4496864 8
4496768 8
4496696 8
4479472 8
4496824 8
4496896 8
4496800 8
4496792 8
4496784 8
4496736 8
4496704 8
4496680 8
4496744 8
4496840 8
4496720 8
4496880 8
4496688 8
4496856 8
4459064 8
4496752 8
4496888 8
4496848 8
4490704 8
4496832 8
4497080 8
4496912 8
4496448 8
4486872 8
4496528 8
4496456 8
4466880 8
4265592 8
4496552 8
4496560 8
4496568 8
4496600 8
4496584 8
4489096 8
4500864 8
4479264 8
4496608 8
4478288 8
4497144 8
4485456 8
4475160 8
4497056 8
4497104 8
4496520 8
4497296 8
4460528 8
4496944 8
4496648 8
4486824 8
4496632 8
4496936 8
4497176 8
4497088 8
4496464 8
4458504 8
4497072 8
4497120 8
4265344 8
4266600 8
4496952 8
4496968 8
4473088 8
4496992 8
4496976 8
4497096 8
4497128 8
4475816 8
4496656 8
4499800 8
4497168 8
4496544 8
4497032 8
4497160 8
4496920 8
4496512 8
4497136 8
4496496 8
4497000 8
4496672 8
4262488 8
4496432 8
4496376 8
4496272 8
4496296 8
4496232 8
4459840 8
4496320 8
4496264 8
4496408 8
4496344 8
4496424 8
4496352 8
4496288 8
4496360 8
4496392 8
4496304 8
4496256 8
4496400 8
4496216 8
4458816 8
4496280 8
4460336 8
4469528 8
4496336 8
4496224 8
4496368 8
4464984 8
4468128 8
4479024 8
4497048 8
4496472 8
4499488 8
4496640 8
4497112 8
4265248 8
4501184 8
4501176 8
4471840 8
4501144 8
4501168 8
4501136 8
4501152 8
4496080 8
4266432 8
4491624 8
4458880 8
4499584 8
4262272 8
4263456 8
4266592 8
4496728 8
4266184 8
4490640 8
4475192 8
4266208 8
4490680 8
4490696 8
4265200 8
4471184 8
4490752 8
4265352 8
4473240 8
4266544 8
4494912 8
8456640 8
8653256 8
4265360 8
4473888 8
4263464 8
4490584 8
4490528 8
4490544 8
4490496 8
4490560 8
4490536 8
4490592 8
4490480 8
4490576 8
4490616 8
4490512 8
4490520 8
4490552 8
4491024 8
4490608 8
4490488 8
4490568 8
4461152 8
4490600 8
4266176 8
4490632 8
4266248 8
4490808 8
4266192 8
4490656 8
4490688 8
4266240 8
4490792 8
4266216 8
4490728 8
4266232 8
4490776 8
4266512 8
4494448 8
4266200 8
4490672 8
4265056 8
4468544 8
4264984 8
4467032 8
4266224 8
4490744 8
4266144 8
4490440 8
4264184 8
4264192 8
4463744 8
4266136 8
4490424 8
4490832 8
4264016 8
4266256 8
4490944 8
4490936 8
4266280 8
4490984 8
4266320 8
4491064 8
4266344 8
4491096 8
4490992 8
4266160 8
4266168 8
4490624 8
4266296 8
4491032 8
4266288 8
4491016 8
4266336 8
4491088 8
4266352 8
4491104 8
4490976 8
4266360 8
4491112 8
4264720 8
4465808 8
4266328 8
4491072 8
4266264 8
4490952 8
4490968 8
4266560 8
4495696 8
4266000 8
4486416 8
4264024 8
4463216 8
4266312 8
4491056 8
4490928 8
4266272 8
4490960 8
4266304 8
4491048 8
4262280 8
4464864 8
4265312 8
4481432 8
4472712 8
4486472 8
4481416 8
4481392 8
4481424 8
4472608 8
4481376 8
4481472 8
4481504 8
4481448 8
4481464 8
4481488 8
4481384 8
4481440 8
4481400 8
4481456 8
4481512 8
4262288 8
4481560 8
4481704 8
4481616 8
4490336 8
4490304 8
4262296 8
4262784 8
4266816 8
4266824 8
4488776 8
4461824 8
4489416 8
4489368 8
4488936 8
4489432 8
4496576 8
4489024 8
4489384 8
4489248 8
4488872 8
4488952 8
4483392 8
4501312 8
4469568 8
4488856 8
4489056 8
4489408 8
4489000 8
4488864 8
4488736 8
4488880 8
4489040 8
4488840 8
4489160 8
4489080 8
4488896 8
4489304 8
4489112 8
4482696 8
4489192 8
4489176 8
4490888 8
4489232 8
4459416 8
4484816 8
4488832 8
4464632 8
4488800 8
4489456 8
4488928 8
4488904 8
4489352 8
4470720 8
4488960 8
4489104 8
4489184 8
4488992 8
4489400 8
4489440 8
4488760 8
4488976 8
4489512 8
4500016 8
4489544 8
4489224 8
4489488 8
4489320 8
4488984 8
4494392 8
4489568 8
4489520 8
4471048 8
4489016 8
4489216 8
4489280 8
4489032 8
4489288 8
4488784 8
4489312 8
4489120 8
4489088 8
4489008 8
4489472 8
4487296 8
4489208 8
4489584 8
4489272 8
4489256 8
4488816 8
4491704 8
4489296 8
4489536 8
4489128 8
4488920 8
4489072 8
4489328 8
4489560 8
4489528 8
4489504 8
4489200 8
4489152 8
4489048 8
4489576 8
4489464 8
4493976 8
4489168 8
4488792 8
4489144 8
4488752 8
4488744 8
4492112 8
4489344 8
4489264 8
4489376 8
4489552 8
4489496 8
4263400 8
4265872 8
4265880 8
4481856 8
4482568 8
4482312 8
4499336 8
4500928 8
4482160 8
4482136 8
4481904 8
4482128 8
4482464 8
4482448 8
4482288 8
4476096 8
4481840 8
4482648 8
4482152 8
4482120 8
4481808 8
4482336 8
4482592 8
4482192 8
4482552 8
4482480 8
4482344 8
4476800 8
4482560 8
4482176 8
4482144 8
4482072 8
4481872 8
4481912 8
4482224 8
4482392 8
4482384 8
4474608 8
4482080 8
4482440 8
4481824 8
4495024 8
4482416 8
4482400 8
4482352 8
4482328 8
4482296 8
4482608 8
4482520 8
4481984 8
4482496 8
4481928 8
4482024 8
4482672 8
4482360 8
4479040 8
4471664 8
4482616 8
4489744 8
4464112 8
4482656 8
4481864 8
4482104 8
4479800 8
4482584 8
4482016 8
4482536 8
4482064 8
4482376 8
4482272 8
4482088 8
4482664 8
4482040 8
4482624 8
4481976 8
4481800 8
4482304 8
4482512 8
4482424 8
4482056 8
4481792 8
4481920 8
4482576 8
4461008 8
4482208 8
4482544 8
4482320 8
4483264 8
4481960 8
4482096 8
4482456 8
4481816 8
4481880 8
4481952 8
4482232 8
4482528 8
4482600 8
4482048 8
4481936 8
4482216 8
4481888 8
4482472 8
4482168 8
4482000 8
4482632 8
4482256 8
4482248 8
4479192 8
4481848 8
4481896 8
4481968 8
4489904 8
4481992 8
4481776 8
4482640 8
4482112 8
4262304 8
4265920 8
4265928 8
4458672 8
4483344 8
4483408 8
4483064 8
4482960 8
4483520 8
4483176 8
4479168 8
4483008 8
4482712 8
4482816 8
4482984 8
4483152 8
4483080 8
4482720 8
4483528 8
4483248 8
4482888 8
4483048 8
4478496 8
4483512 8
4483448 8
4483328 8
4459936 8
4482920 8
4483016 8
4482776 8
4482928 8
4483216 8
4483336 8
4472664 8
4482952 8
4482688 8
4465296 8
4483576 8
4465392 8
4483312 8
4482944 8
4483232 8
4483128 8
4483112 8
4483040 8
4466688 8
4465424 8
4483224 8
4483424 8
4483160 8
4483416 8
4482744 8
4473544 8
4483568 8
4482680 8
4489136 8
4462496 8
4482968 8
4483144 8
4482704 8
4471904 8
4483096 8
4483032 8
4482808 8
4483504 8
4483000 8
4501424 8
4483384 8
4482792 8
4483360 8
4482992 8
4487808 8
4466168 8
4500064 8
4482752 8
4482872 8
4483136 8
4483552 8
4482840 8
4482736 8
4482976 8
4483056 8
4482784 8
4482728 8
4483560 8
4483192 8
4483072 8
4482800 8
4483464 8
4483280 8
4501608 8
4482768 8
4483488 8
4482936 8
4473840 8
4483256 8
4483208 8
4483200 8
4461600 8
4483376 8
4496808 8
4483088 8
4482760 8
4482848 8
4483168 8
4458808 8
4483480 8
4483544 8
4498200 8
4482896 8
4483440 8
4486448 8
4483024 8
4469120 8
4482880 8
4483120 8
4262688 8
4488640 8
4488472 8
4494648 8
4488600 8
4488304 8
4488400 8
4488576 8
4488264 8
4488192 8
4488088 8
4488536 8
4487952 8
4488240 8
4488128 8
4488704 8
4498024 8
4488032 8
4488016 8
4469040 8
4488440 8
4499760 8
4488568 8
4488336 8
4488456 8
4467304 8
4488280 8
4488208 8
4488288 8
4488528 8
4487448 8
4488344 8
4488360 8
4460888 8
4488232 8
4494712 8
4487944 8
4488144 8
4488296 8
4488376 8
4459848 8
4488664 8
4488408 8
4464328 8
4488384 8
4488672 8
4472224 8
4501224 8
4487968 8
4487992 8
4488696 8
4495904 8
4488656 8
4488216 8
4468712 8
4488504 8
4462392 8
4488512 8
4488096 8
4488152 8
4488712 8
4488432 8
4476456 8
4488008 8
4488048 8
4488728 8
4488200 8
4488176 8
4488064 8
4488552 8
4488680 8
4488688 8
4488224 8
4488584 8
4488160 8
4488624 8
4488496 8
4488392 8
4488024 8
4488320 8
4488040 8
4488720 8
4488000 8
4488632 8
4488424 8
4488488 8
4488112 8
4496000 8
4488464 8
4461480 8
4485664 8
4474352 8
4488248 8
4488168 8
4459304 8
4488480 8
4488544 8
4488120 8
4488272 8
4487984 8
4488072 8
4488136 8
4263704 8
4472008 8
4490200 8
4490280 8
4489688 8
4490120 8
4490256 8
4490000 8
4489736 8
4489808 8
4489816 8
4490136 8
4490168 8
4489984 8
4489656 8
4489936 8
4490208 8
4489600 8
4490104 8
4489672 8
4497488 8
4489864 8
4489648 8
4463632 8
4489616 8
4490040 8
4489856 8
4490272 8
4490184 8
4490224 8
4489624 8
4490008 8
4488888 8
4490264 8
4489840 8
4489784 8
4490128 8
4489888 8
4490096 8
4489664 8
4490048 8
4461648 8
4490080 8
4489640 8
4490232 8
4501264 8
4489992 8
4489968 8
4490032 8
4490064 8
4489728 8
4489608 8
4490216 8
4494096 8
4490248 8
4473264 8
4489912 8
4489944 8
4478776 8
4490176 8
4489800 8
4489896 8
4499064 8
4489760 8
4489752 8
4463160 8
4489848 8
4489824 8
4471008 8
4490240 8
4489592 8
4489776 8
4490016 8
4489976 8
4489696 8
4489768 8
4489632 8
4490024 8
4489680 8
4489832 8
4498592 8
4490056 8
4490160 8
4489952 8
4490152 8
4489792 8
4489704 8
4472776 8
4489720 8
4262632 8
4496872 8
4486808 8
4486976 8
4460624 8
4486928 8
4486504 8
4486960 8
4486440 8
4486224 8
4486944 8
4486272 8
4486280 8
4486240 8
4486672 8
4486968 8
4486248 8
4486992 8
4469680 8
4469736 8
4463024 8
4459168 8
4486608 8
4486592 8
4486576 8
4486624 8
4483296 8
4486632 8
4486368 8
4486392 8
4486664 8
4486344 8
4486616 8
4486456 8
4486216 8
4486640 8
4486936 8
4486560 8
4486256 8
4486680 8
4486856 8
4486584 8
4494432 8
4486768 8
4486600 8
4486736 8
4486920 8
4486648 8
4486760 8
4486432 8
4486408 8
4486488 8
4492672 8
4486424 8
4486360 8
4487000 8
4497008 8
4486520 8
4486848 8
4497024 8
4486880 8
4486544 8
4476440 8
4465872 8
4486312 8
4486984 8
4486816 8
4493104 8
4497800 8
4486840 8
4486512 8
4486232 8
4470416 8
4491080 8
4486896 8
4486656 8
4486296 8
4486728 8
4486352 8
4486952 8
4486264 8
4486552 8
4486752 8
4486536 8
4486688 8
4486888 8
4486320 8
4486288 8
4486776 8
4486904 8
4460192 8
4486720 8
4473616 8
4486336 8
4495040 8
4486464 8
4486792 8
4486400 8
4486800 8
4486528 8
4263056 8
4266048 8
4266056 8
4487816 8
4487504 8
4487544 8
4487824 8
4492408 8
4487088 8
4487216 8
4487680 8
4487744 8
4487336 8
4487896 8
4487696 8
4487304 8
4487624 8
4487048 8
4487376 8
4487080 8
4487264 8
4487128 8
4487536 8
4487872 8
4487184 8
4487312 8
4487416 8
4465432 8
4487552 8
4487632 8
4468672 8
4487144 8
4487920 8
4487400 8
4487208 8
4464456 8
4487528 8
4487352 8
4487040 8
4487152 8
4487280 8
4466240 8
4487792 8
4487120 8
4487864 8
4487072 8
4487392 8
4487904 8
4483920 8
4487856 8
4487776 8
4487880 8
4487752 8
4487672 8
4487248 8
4487328 8
4487616 8
4487656 8
4478992 8
4481024 8
4487200 8
4487440 8
4487360 8
4487480 8
4487888 8
4487176 8
4487384 8
4487832 8
4487768 8
4487648 8
4467448 8
4487576 8
4487056 8
4487136 8
4487840 8
4487024 8
4487344 8
4487272 8
4487608 8
4487168 8
4487560 8
4487584 8
4487728 8
4487032 8
4487520 8
4487456 8
4487496 8
4487232 8
4461816 8
4468176 8
4487512 8
4487096 8
4459720 8
4487240 8
4487112 8
4487320 8
4487800 8
4491216 8
4493544 8
4487472 8
4487288 8
4487912 8
4487368 8
4487664 8
4487640 8
4488416 8
4487064 8
4487008 8
4487720 8
4494824 8
4487760 8
4487688 8
4468480 8
4487424 8
4487016 8
4483240 8
4487712 8
4487160 8
4263904 8
4265952 8
4265960 8
4483744 8
4483840 8
4476168 8
4494072 8
4484048 8
4483736 8
4483616 8
4484344 8
4484320 8
4485544 8
4484504 8
4484464 8
4483928 8
4484304 8
4484080 8
4484248 8
4484216 8
4484296 8
4483792 8
4483664 8
4483984 8
4483648 8
4483752 8
4483584 8
4484280 8
4484448 8
4483856 8
4483944 8
4484416 8
4483808 8
4484512 8
4462240 8
4483632 8
4484440 8
4484424 8
4484312 8
4484232 8
4484456 8
4492496 8
4484032 8
4483832 8
4483872 8
4484376 8
4484072 8
4483592 8
4484144 8
4483968 8
4484016 8
4483816 8
4484352 8
4493744 8
4483960 8
4494280 8
4484392 8
4483880 8
4476784 8
4475696 8
4487848 8
4483704 8
4484040 8
4466256 8
4484096 8
4484176 8
4484128 8
4483600 8
4484408 8
4483776 8
4483624 8
4484368 8
4483848 8
4483976 8
4483904 8
4484400 8
4484224 8
4484488 8
4483720 8
4484208 8
4484168 8
4483608 8
4483888 8
4484328 8
4493920 8
4484360 8
4483688 8
4483640 8
4498448 8
4484272 8
4484496 8
4483952 8
4483896 8
4483936 8
4484184 8
4483696 8
4483864 8
4484520 8
4483712 8
4484384 8
4483672 8
4484240 8
4484064 8
4490816 8
4484104 8
4484336 8
4484008 8
4484112 8
4484432 8
4483768 8
4484136 8
4484288 8
4484192 8
4483992 8
4477360 8
4484024 8
4483800 8
4484120 8
4483784 8
4484160 8
4484088 8
4264976 8
4486112 8
4485872 8
4487432 8
4486104 8
4485728 8
4485896 8
4486072 8
4486040 8
4485184 8
4485832 8
4485824 8
4485768 8
4485928 8
4486136 8
4491632 8
4485600 8
4485704 8
4485560 8
4486168 8
4485696 8
4478008 8
4485952 8
4501376 8
4485936 8
4485752 8
4486032 8
4485536 8
4485552 8
4479968 8
4485496 8
4486200 8
4486088 8
4485504 8
4485920 8
4485992 8
4485856 8
4485744 8
4484000 8
4485720 8
4485520 8
4485736 8
4486064 8
4486008 8
4485888 8
4486152 8
4485640 8
4486048 8
4486120 8
4485864 8
4485976 8
4486208 8
4485624 8
4485616 8
4485880 8
4485984 8
4485528 8
4485576 8
4485584 8
4486160 8
4485760 8
4485792 8
4485592 8
4485608 8
4485960 8
4485776 8
4486016 8
4485648 8
4486024 8
4485680 8
4485512 8
4485968 8
4500984 8
4486144 8
4485672 8
4485808 8
4486056 8
4486096 8
4478144 8
4485800 8
4485568 8
4486128 8
4485632 8
4486000 8
4481312 8
4466944 8
4485912 8
4477608 8
4487960 8
4485656 8
4485840 8
4262480 8
4265976 8
4265984 8
4484864 8
4491752 8
4473880 8
4485480 8
4485392 8
4484560 8
4485408 8
4484968 8
4484920 8
4485024 8
4484904 8
4489448 8
4485240 8
4485296 8
4485136 8
4484696 8
4500344 8
4485168 8
4484568 8
4480568 8
4464240 8
4485200 8
4485080 8
4481192 8
4485416 8
4485472 8
4473328 8
4485384 8
4485176 8
4485104 8
4473464 8
4484720 8
4485448 8
4473856 8
4485352 8
4472872 8
4464352 8
4485072 8
4484928 8
4484944 8
4484648 8
4484912 8
4485280 8
4485344 8
4485256 8
4484680 8
4485264 8
4484952 8
4469320 8
4485120 8
4485160 8
4492464 8
4484632 8
4484688 8
4484768 8
4485000 8
4484672 8
4485320 8
4484960 8
4484600 8
4496192 8
4484808 8
4485096 8
4484896 8
4484800 8
4485944 8
4484744 8
4485032 8
4484824 8
4484832 8
4494000 8
4485464 8
4484584 8
4485064 8
4485016 8
4485424 8
4484784 8
4485312 8
4475424 8
4485248 8
4484872 8
4485288 8
4471584 8
4491512 8
4484664 8
4485216 8
4485440 8
4484712 8
4484536 8
4484760 8
4484752 8
4485360 8
4484640 8
4485232 8
4484984 8
4493360 8
4485272 8
4485304 8
4485008 8
4485088 8
4485432 8
4485112 8
4484592 8
4458792 8
4485040 8
4484736 8
4484728 8
4484656 8
4491528 8
4484616 8
4484840 8
4484848 8
4484992 8
4485152 8
4485128 8
4485208 8
4485192 8
4484528 8
4484704 8
4484856 8
4485368 8
4490368 8
4481712 8
4481536 8
4481648 8
4490376 8
4481688 8
4490416 8
4500648 8
4481576 8
4463264 8
4481760 8
4481656 8
4472480 8
4481600 8
4481552 8
4474168 8
4481728 8
4479000 8
4481544 8
4481736 8
4490312 8
4481584 8
4481568 8
4469280 8
4490384 8
4481680 8
4490400 8
4490344 8
4490392 8
4481672 8
4481528 8
4481768 8
4490360 8
4490296 8
4481608 8
4481720 8
4495368 8
4481664 8
4490408 8
4481632 8
4481624 8
4481592 8
4490824 8
4266088 8
4490872 8
4490840 8
4488848 8
4490848 8
4490912 8
4490880 8
4490896 8
4490864 8
4490904 8
4490856 8
4490920 8
4266152 8
4501256 8
4490448 8
4490472 8
4490456 8
4265936 8
4483760 8
4496248 8
4458840 8
4494856 8
4458496 8
4458848 8
4262952 8
4501528 8
4265568 8
4265600 8
4501600 8
4482912 8
4501584 8
4501576 8
4478304 8
4478072 8
8456648 8
8653272 8
8653280 8
8653288 8
8653264 8
4501560 8
4265328 8
4265336 8
4473000 8
4262960 8
4262968 8
4262976 8
4501456 8
4262984 8
4501288 8
4501440 8
4474152 8
4501448 8
4262992 8
4263000 8
4501384 8
4482832 8
4501368 8
4485848 8
4501400 8
4459664 8
4501392 8
4501432 8
4498824 8
4501360 8
4265392 8
4501328 8
4501344 8
4501352 8
4501320 8
4501296 8
4474776 8
4501304 8
4488968 8
4501336 8
4501280 8
4266072 8
4501248 8
4501216 8
4488056 8
4501232 8
4490464 8
4501240 8
4480296 8
4501208 8
4501536 8
8456632 8
8653240 8
8653232 8
8653224 8
8653248 8
4266496 8
4501496 8
8456600 8
8653168 8
8456608 8
8456616 8
8653176 8
8653184 8
8653192 8
8653160 8
4266504 8
4501504 8
4501520 8
4493960 8
4501480 8
4501512 8
4501472 8
4501464 8
8456624 8
8653208 8
8653216 8
8653200 8
4501552 8
4490736 8
4501200 8
4458512 8
4458832 8
4458800 8
8456664 8
8456672 8
8653312 8
8653304 8
4501624 8
4458720 8
4458872 8
4458560 8
4458864 8
4483320 8
4458544 8
4458768 8
4458520 8
4262224 8
4262240 8
4458600 8
4458608 8
4458648 8
4498440 8
4467688 8
4458656 8
4458664 8
4458624 8
4458616 8
4262320 8
4262344 8
4262352 8
4262360 8
4458712 8
4266536 8
4494776 8
4458696 8
4458680 8
4458584 8
4262424 8
4262440 8
4262448 8
4458760 8
4262432 8
4458752 8
4458744 8
4466984 8
4467240 8
4262312 8
4458688 8
4262368 8
4262376 8
4465280 8
4458728 8
4458528 8
76048 8
76056 8
76064 8
76072 8
