76040 8
76048 8
76056 8
76064 8
76072 8
33556744 8
33556752 8
33556760 8
33556768 8
33556776 8
33556784 8
33556792 8
33556800 8
33556808 8
33556816 8
33556824 8
33556832 8
33556840 8
33556848 8
33556856 8
33556864 8
33556872 8
33556880 8
33556888 8
33556896 8
33556904 8
33556912 8
33556920 8
33556928 8
33556936 8
33556944 8
33556952 8
33556960 8
33556968 8
33556976 8
33556984 8
33556992 8
33556736 8
33622272 8
33818688 8
33559040 8
33559048 8
33559056 8
33559064 8
33559072 8
33559080 8
33559088 8
33559096 8
33559104 8
33559112 8
33559120 8
33559128 8
33559136 8
33559144 8
33559152 8
33559160 8
33559168 8
33559176 8
33559184 8
33559200 8
33559208 8
33559216 8
33559224 8
33559232 8
33559240 8
33559248 8
33559256 8
33559264 8
33559272 8
33559280 8
33559288 8
33559296 8
33559192 8
33853528 8
33557760 8
33557768 8
33557776 8
33557784 8
33557792 8
33557800 8
33557808 8
33557816 8
33557824 8
33557832 8
33557840 8
33557848 8
33557856 8
33557864 8
33557872 8
33557880 8
33557888 8
33557896 8
33557904 8
33557912 8
33557920 8
33557928 8
33557936 8
33557944 8
33557952 8
33557960 8
33557968 8
33557976 8
33557984 8
33558000 8
33558008 8
33558016 8
33557992 8
33626008 8
33835072 8
33625968 8
33625976 8
33559552 8
33559560 8
33559568 8
33559576 8
33559584 8
33559592 8
33559600 8
33559608 8
33559616 8
33559624 8
33559632 8
33559640 8
33559648 8
33559656 8
33559664 8
33559672 8
33559680 8
33559688 8
33559696 8
33559704 8
33559712 8
33559720 8
33861928 8
33834680 8
33854352 8
33818848 8
33558272 8
33558280 8
33558288 8
33558296 8
33558304 8
33558312 8
33558320 8
33558328 8
33558336 8
33558344 8
33558352 8
33558360 8
33558368 8
33558376 8
33558384 8
33558400 8
33558408 8
33558416 8
33558424 8
33558432 8
33558440 8
33558448 8
33558456 8
33558464 8
33558472 8
33558480 8
33558488 8
33558496 8
33558504 8
33558512 8
33558520 8
33558528 8
33558392 8
33841120 8
33818984 8
33558536 8
33558544 8
33558552 8
33558560 8
33558568 8
33558576 8
33558584 8
33558592 8
33558600 8
33558608 8
33558616 8
33558624 8
33558632 8
33558640 8
33558648 8
33558656 8
33558664 8
33558672 8
33558688 8
33558696 8
33558704 8
33558712 8
33558720 8
33558728 8
33558736 8
33558744 8
33558752 8
33558760 8
33558768 8
33558776 8
33558784 8
33558680 8
33845616 8
33851872 8
33843624 8
33818968 8
33557504 8
33557512 8
33557520 8
33557528 8
33557536 8
33557552 8
33557560 8
33557568 8
33557576 8
33557584 8
33557592 8
33557600 8
33557608 8
33557616 8
33557624 8
33557632 8
33557640 8
33557648 8
33557656 8
33557664 8
33557672 8
33557680 8
33557688 8
33557696 8
33557704 8
33557712 8
33557720 8
33557728 8
33557736 8
33557744 8
33557752 8
33557544 8
33828368 8
33861936 8
33559304 8
33559312 8
33559320 8
33559328 8
33559336 8
33559344 8
33559352 8
33559360 8
33559368 8
33559376 8
33559384 8
33559392 8
33559400 8
33559408 8
33559416 8
33559424 8
33559432 8
33559440 8
33559448 8
33559456 8
33559464 8
33559472 8
33559480 8
33559488 8
33559496 8
33559504 8
33559520 8
33559528 8
33559536 8
33559544 8
33559512 8
33858552 8
33854944 8
33835248 8
33821080 8
33818624 8
33843448 8
33855024 8
33834312 8
33833480 8
33622904 8
33557000 8
33557008 8
33557016 8
33557024 8
33557032 8
33557040 8
33557048 8
33557056 8
33557064 8
33557072 8
33557080 8
33557088 8
33557096 8
33557104 8
33557112 8
33557120 8
33557128 8
33557136 8
33557144 8
33557152 8
33557160 8
33557168 8
33557176 8
33557184 8
33557192 8
33557200 8
33557208 8
33557216 8
33557232 8
33557240 8
33557248 8
33557224 8
33624720 8
33624728 8
33861688 8
33828648 8
33824032 8
33861464 8
33861680 8
33846088 8
33856056 8
33861632 8
33558024 8
33558032 8
33558040 8
33558048 8
33558056 8
33558064 8
33558072 8
33558080 8
33558088 8
33558096 8
33558104 8
33558112 8
33558128 8
33558136 8
33558144 8
33558152 8
33558160 8
33558168 8
33558176 8
33558184 8
33558192 8
33558200 8
33558208 8
33558216 8
33558224 8
33558232 8
33558240 8
33558248 8
33558256 8
33558264 8
33558120 8
33626144 8
33838408 8
33852104 8
33558792 8
33558800 8
33558808 8
33558816 8
33558824 8
33558832 8
33558840 8
33558848 8
33558856 8
33558864 8
33558872 8
33558880 8
33558888 8
33558896 8
33558904 8
33558912 8
33558920 8
33558928 8
33558936 8
33558944 8
33558952 8
33558968 8
33558976 8
33558984 8
33558992 8
33559000 8
33559008 8
33559016 8
33559024 8
33559032 8
33558960 8
33849952 8
33626152 8
33626160 8
33837048 8
33856824 8
33625824 8
33625832 8
33833128 8
33625816 8
33833032 8
33833112 8
33833976 8
33850864 8
33861800 8
33622912 8
33626352 8
33860656 8
33841328 8
33861384 8
33861408 8
33848184 8
33850592 8
33840424 8
33622920 8
33622928 8
33622936 8
33861456 8
33854600 8
33856608 8
33557256 8
33557264 8
33557272 8
33557280 8
33557288 8
33557296 8
33557304 8
33557312 8
33557320 8
33557328 8
33557336 8
33557344 8
33557352 8
33557360 8
33557368 8
33557384 8
33557392 8
33557400 8
33557408 8
33557416 8
33557424 8
33557432 8
33557440 8
33557448 8
33557456 8
33557464 8
33557472 8
33557480 8
33557488 8
33557496 8
33557376 8
33825920 8
33622944 8
33623176 8
33819536 8
33842960 8
33837928 8
33845976 8
33827232 8
33861528 8
33861568 8
33861560 8
33858744 8
33819792 8
33622952 8
33852416 8
33847624 8
33819248 8
33834904 8
33841424 8
33861512 8
33861520 8
33850472 8
33820344 8
33861608 8
33861624 8
33861376 8
33841504 8
33625864 8
33861792 8
33833280 8
33844728 8
33837024 8
33861816 8
33626032 8
33838200 8
33835952 8
33626216 8
33838496 8
33861840 8
33843256 8
33861832 8
33626200 8
33861872 8
33861880 8
33844344 8
33838432 8
33861896 8
33822152 8
33834040 8
33622392 8
33839632 8
33625040 8
33625048 8
33825408 8
33851744 8
33622400 8
33818752 8
33818744 8
33858376 8
33818728 8
33842904 8
33827816 8
33818776 8
33818736 8
33845192 8
33818712 8
33625944 8
33625952 8
33625960 8
33834328 8
33626040 8
33626048 8
33835960 8
33853208 8
33856848 8
33626120 8
33626128 8
33836536 8
37751040 8
37751048 8
37751064 8
37751072 8
37751056 8
37816720 8
37816728 8
38013080 8
33827368 8
33626608 8
33850048 8
33818808 8
33838400 8
33828960 8
33622280 8
33622312 8
33623720 8
33838536 8
33625656 8
33830264 8
33855144 8
33836480 8
33842560 8
33855200 8
33852232 8
33820464 8
33855064 8
33844864 8
33855208 8
33841400 8
33855112 8
33855176 8
33856264 8
33625528 8
33856440 8
33855432 8
33850456 8
33852920 8
33855000 8
33851208 8
33855304 8
33855472 8
33858152 8
33828504 8
33855456 8
33828888 8
33625368 8
33856200 8
33856064 8
33856176 8
33856032 8
33856080 8
33831952 8
33836904 8
33856152 8
33841848 8
33849744 8
33858672 8
33826672 8
33856088 8
33833192 8
33861704 8
33849976 8
33856072 8
33861360 8
33856048 8
37816672 8
38013024 8
38013016 8
38013224 8
38013032 8
33856136 8
33856144 8
33624408 8
33624416 8
33838528 8
33852040 8
33854504 8
33849288 8
33823064 8
33852008 8
33841840 8
33822776 8
33859848 8
33852032 8
33832680 8
33851960 8
33833096 8
33851952 8
33852000 8
33860400 8
33852168 8
33858592 8
33830544 8
33833472 8
33852088 8
33823368 8
33626464 8
33852128 8
33844592 8
33852120 8
33861648 8
33852096 8
33846864 8
33856520 8
33846752 8
33852144 8
33625488 8
33828088 8
33849136 8
33835360 8
33852184 8
33830152 8
33623688 8
33848200 8
33852528 8
33852584 8
33855464 8
33824288 8
33822392 8
33859096 8
33852256 8
33848896 8
33852440 8
33852384 8
33830488 8
33852296 8
33844384 8
33856768 8
33844736 8
33852552 8
33831768 8
33852504 8
33824536 8
33852224 8
33855184 8
33825168 8
33820336 8
33841272 8
33848800 8
33852448 8
33852472 8
33861504 8
33852640 8
33826720 8
33852328 8
33852320 8
33850424 8
33822048 8
33852664 8
33852400 8
33832728 8
33847536 8
33838192 8
33852408 8
33852616 8
33835800 8
33852648 8
33831672 8
33857776 8
33852456 8
33852336 8
33851000 8
33852392 8
33852280 8
33820624 8
33852376 8
33847080 8
33830640 8
33857736 8
33828216 8
33852368 8
33822208 8
33852216 8
33852520 8
33624496 8
33855096 8
33823552 8
33852728 8
33832288 8
33835464 8
33826360 8
33855072 8
33848512 8
33823440 8
33854984 8
33857400 8
33855008 8
33855032 8
33855080 8
33855328 8
33855216 8
33850792 8
33622320 8
33626896 8
33626904 8
33853048 8
33860888 8
33822960 8
33826160 8
33852888 8
33853696 8
33853320 8
33831816 8
33853496 8
33853464 8
33849632 8
33823576 8
33844984 8
33853144 8
33853544 8
33859304 8
33820848 8
33853760 8
33853552 8
33820544 8
33853848 8
33854936 8
33837920 8
33858752 8
33853856 8
33853936 8
33832832 8
33839672 8
33859688 8
33853792 8
33852904 8
33849784 8
33832896 8
33853088 8
33853800 8
33852784 8
33819680 8
33859320 8
33823384 8
33858112 8
33851800 8
33829440 8
33820200 8
33838000 8
33838848 8
33859720 8
33845072 8
33859392 8
33829552 8
33844560 8
33830352 8
33853168 8
33853960 8
33847520 8
33853424 8
33852808 8
33818648 8
33835672 8
33839560 8
33840136 8
33853968 8
33860448 8
33845968 8
33855256 8
33853712 8
33852992 8
33843952 8
33841528 8
33854024 8
33818696 8
33818704 8
33852248 8
33853184 8
33852720 8
33842392 8
33854952 8
33853784 8
33846272 8
33853264 8
33855936 8
33853384 8
33853312 8
33839008 8
33835584 8
33861064 8
33853016 8
33825160 8
33857760 8
33855504 8
33853616 8
33819136 8
33853728 8
33850240 8
33852896 8
33858176 8
33855240 8
33854032 8
33858504 8
33861272 8
33841536 8
33853680 8
33850824 8
33853008 8
33827720 8
33835128 8
33852840 8
33854040 8
33819296 8
33853416 8
33853688 8
33853512 8
33835840 8
33823016 8
33853776 8
33839080 8
33840784 8
33853880 8
33853040 8
33845136 8
33834560 8
33852792 8
33859672 8
33853952 8
33852952 8
33828752 8
33854920 8
33853280 8
33819768 8
33853584 8
33823568 8
33838320 8
33856920 8
33852960 8
33834544 8
33854264 8
33822896 8
33853912 8
33852912 8
33850280 8
33853632 8
33853656 8
33852160 8
33842656 8
33852496 8
33852760 8
33847544 8
33823272 8
33853296 8
33838472 8
33853664 8
33836104 8
33845536 8
33853864 8
33853976 8
33853328 8
33853096 8
33860808 8
33853200 8
33835944 8
33851224 8
33853536 8
33835832 8
33853352 8
33858488 8
33821584 8
33825848 8
33840984 8
33843736 8
33840480 8
33852744 8
33847176 8
33622536 8
33845736 8
33622544 8
33850216 8
33850944 8
33854160 8
33844328 8
33854200 8
33854184 8
33818832 8
33624528 8
33854296 8
33851016 8
33854904 8
33854248 8
33823544 8
33854224 8
33845224 8
33853768 8
33831104 8
33844480 8
33854240 8
33854304 8
33852704 8
33622720 8
33625992 8
33855496 8
33853560 8
33855336 8
33856464 8
33855312 8
33855288 8
33834864 8
33855280 8
33855192 8
33853600 8
33836136 8
33853816 8
33855344 8
33855376 8
33855232 8
33828328 8
33836056 8
33823680 8
33827672 8
33622728 8
33818928 8
33855408 8
33855392 8
33855384 8
37816664 8
38013008 8
38013184 8
33622896 8
33837576 8
33854128 8
33854064 8
33847832 8
33854152 8
33819240 8
33826432 8
33854104 8
33833208 8
33841128 8
33849192 8
33845272 8
33835776 8
33824736 8
33846320 8
33828120 8
33622712 8
33851424 8
33854848 8
33854480 8
33840192 8
33848888 8
33861496 8
33854888 8
33823952 8
33829184 8
33823648 8
33854328 8
33819776 8
33830928 8
33854336 8
33854880 8
33826008 8
33854856 8
33854208 8
33854656 8
33823728 8
33843800 8
33843472 8
33819544 8
33854728 8
33831624 8
33854696 8
33818912 8
33827504 8
33854400 8
33854832 8
33861944 8
33819520 8
33847232 8
33853472 8
33854720 8
33844552 8
33837544 8
33854392 8
33851312 8
33833992 8
33856288 8
33854968 8
33853640 8
33828304 8
33854976 8
33819856 8
33854808 8
33831456 8
33842760 8
33854448 8
33832888 8
33854760 8
33854344 8
33854440 8
33851760 8
33859872 8
33825008 8
33854360 8
33854432 8
33854640 8
33859800 8
33854704 8
33854816 8
33846824 8
33839856 8
33826968 8
33822296 8
33844880 8
33626848 8
33854632 8
33854616 8
33854608 8
33853000 8
33854424 8
33845600 8
33854824 8
33836088 8
33848384 8
33837608 8
33831528 8
33828992 8
33853336 8
33848064 8
33854496 8
33850888 8
33826776 8
33624448 8
33828904 8
33851912 8
33856472 8
33851808 8
33832344 8
33840736 8
33846008 8
33844704 8
33851824 8
33851792 8
33823000 8
33832744 8
33851776 8
33838160 8
33851856 8
33836672 8
33851848 8
33853152 8
33851816 8
33623048 8
33855808 8
33833864 8
33855872 8
33858536 8
33856008 8
33849944 8
33832072 8
33859040 8
33831936 8
33824704 8
33856832 8
33824432 8
33821048 8
33855864 8
33855712 8
33836488 8
33855824 8
33830008 8
33855648 8
33858792 8
33855912 8
33855544 8
33820944 8
33855616 8
33850784 8
33830432 8
33855696 8
33855760 8
33855856 8
33828728 8
33855920 8
33855632 8
33855992 8
33855832 8
33855944 8
33855680 8
33850344 8
33825800 8
33855960 8
33855576 8
33834104 8
33850952 8
33824984 8
33853248 8
33855568 8
33839280 8
33855952 8
33855640 8
33823408 8
33855552 8
33855688 8
33819976 8
33855728 8
33852632 8
33834760 8
33827584 8
33844664 8
33819384 8
33855984 8
33839160 8
33856016 8
33848056 8
33848928 8
33842128 8
33837536 8
33855896 8
33855968 8
33622352 8
33624960 8
33849264 8
33860944 8
33829872 8
33825080 8
33624696 8
33861264 8
33624704 8
33823992 8
33861216 8
33835216 8
33830728 8
33832496 8
33843632 8
33861168 8
33861120 8
33846208 8
33832280 8
33838024 8
33831256 8
33835528 8
33846584 8
33861008 8
33845552 8
33840496 8
33861184 8
33858240 8
33624928 8
33835752 8
33861080 8
33841968 8
33824920 8
33861104 8
33853072 8
33845624 8
33826912 8
33861296 8
33861040 8
33853520 8
33861280 8
33861288 8
33625688 8
33830752 8
33623192 8
33836016 8
33825760 8
33840400 8
33860696 8
33823240 8
33851296 8
33860672 8
33860712 8
33831648 8
33820328 8
33860736 8
33860800 8
33855424 8
33834224 8
33860792 8
33860720 8
33823920 8
33860568 8
33861400 8
33860728 8
33860704 8
33841344 8
33860776 8
33830328 8
33820272 8
33861232 8
33819560 8
33853744 8
33860496 8
33856184 8
33860360 8
33822416 8
33843096 8
33848112 8
33847088 8
33860744 8
33860000 8
33850480 8
33860584 8
33841904 8
33860608 8
33622360 8
33859768 8
33840936 8
33859784 8
33838120 8
33847528 8
33859744 8
33625616 8
33854552 8
33829408 8
33622368 8
33625464 8
33625472 8
33857248 8
33827840 8
37816792 8
38013176 8
38013160 8
33625728 8
33860088 8
33831344 8
33626248 8
33840320 8
33860760 8
33622376 8
33626480 8
33845112 8
33860040 8
33623288 8
33819656 8
33847360 8
33860024 8
33622384 8
33818672 8
33829728 8
33624920 8
33851992 8
33859824 8
33854520 8
33828000 8
33824872 8
33833368 8
33859808 8
33859832 8
33853608 8
33859856 8
33854544 8
33859728 8
33859952 8
33859760 8
33847512 8
33824408 8
33624888 8
33859680 8
33834976 8
33858168 8
33844408 8
33824760 8
33859576 8
33859600 8
33859592 8
33848576 8
33853944 8
33833800 8
33826536 8
33835976 8
33835760 8
33859640 8
33839968 8
33859632 8
33625448 8
37816680 8
38013040 8
33827520 8
33859912 8
37816592 8
38012944 8
33833008 8
33625744 8
33859944 8
33831880 8
33859752 8
33848336 8
33626432 8
33844072 8
33859776 8
33853720 8
33624440 8
33849912 8
33852984 8
33860896 8
33860904 8
33860920 8
33842480 8
33822920 8
33626440 8
33860488 8
33860464 8
33846888 8
33844128 8
33623456 8
33860416 8
33849496 8
33837792 8
33860376 8
33858736 8
33819928 8
33833488 8
33860328 8
33832648 8
33840128 8
33828688 8
37816584 8
38013208 8
38013200 8
38013232 8
38012936 8
38013192 8
33827416 8
33626176 8
33860408 8
33845504 8
33860432 8
33840032 8
33837880 8
33626384 8
33850304 8
37816808 8
38013216 8
33843160 8
33860352 8
33624376 8
33851248 8
33860976 8
33822696 8
33860984 8
33836400 8
33844928 8
33860080 8
33861048 8
33834280 8
33624552 8
33860144 8
33861736 8
33624560 8
33860152 8
33823640 8
33856024 8
33827760 8
33626064 8
33860176 8
33860200 8
33838864 8
33860208 8
33860224 8
33836120 8
33860192 8
33860128 8
33839944 8
33838288 8
33626576 8
33849408 8
33625424 8
33860240 8
33833832 8
33861864 8
33827296 8
33859080 8
33859736 8
33860280 8
33626408 8
33859536 8
33859568 8
33851552 8
33847744 8
33843664 8
33859552 8
33624352 8
33847096 8
33832456 8
33822600 8
33837272 8
33860816 8
33832200 8
33840560 8
33622784 8
33828264 8
33840216 8
33819752 8
33833400 8
33838800 8
33849216 8
33819024 8
33831472 8
33828712 8
33622816 8
33623040 8
33859352 8
33836616 8
33819368 8
33819376 8
33854592 8
33847880 8
33851880 8
33623064 8
33624584 8
33624592 8
33625152 8
33830672 8
33825824 8
33838264 8
33624600 8
33823776 8
33623072 8
33623080 8
33819424 8
33624224 8
33822024 8
33848496 8
33625920 8
33833784 8
33837128 8
33623168 8
33819528 8
33622840 8
33819088 8
33836048 8
33851512 8
33819184 8
33832752 8
33819176 8
33842064 8
33826888 8
33833360 8
33841728 8
33820648 8
33822704 8
33819120 8
33819112 8
33856776 8
33819160 8
33819080 8
33823216 8
33819208 8
33819168 8
33821184 8
33625416 8
33851080 8
33846264 8
33841480 8
33827248 8
33622960 8
33819288 8
33846504 8
33854144 8
33819264 8
33859880 8
33840288 8
33820040 8
33819256 8
33622824 8
33828376 8
33819064 8
33850432 8
33623152 8
33819504 8
33854776 8
33819488 8
33819512 8
33824232 8
33832472 8
33856560 8
33622288 8
33857080 8
33820592 8
33854624 8
33839152 8
33623744 8
33838416 8
33856584 8
33838952 8
33858024 8
33820584 8
33856616 8
33856624 8
33838304 8
33821720 8
33861032 8
33856496 8
33831976 8
33857136 8
33856688 8
33860256 8
33847000 8
33846952 8
33829112 8
33623696 8
33625568 8
33829088 8
33820352 8
33848408 8
33837000 8
33820440 8
33856552 8
33622736 8
33820576 8
33839360 8
33856296 8
33854712 8
33827952 8
33856376 8
33854560 8
33826640 8
33856304 8
33855440 8
33856312 8
33826264 8
33844816 8
33856360 8
33825112 8
33856368 8
33819968 8
33828256 8
33856232 8
33856240 8
33856248 8
33856424 8
33856384 8
33818944 8
33828048 8
33837632 8
33848744 8
33856416 8
33857096 8
33622656 8
33824312 8
33856712 8
33835736 8
33826296 8
33837256 8
33846432 8
33833696 8
33856728 8
33819192 8
33858048 8
33858560 8
33856800 8
33841016 8
33856736 8
33820096 8
33843416 8
33848240 8
33850832 8
33829456 8
33821832 8
33818872 8
33823768 8
33861640 8
33844440 8
33837144 8
33859184 8
33839600 8
33847720 8
33819200 8
33818632 8
33849760 8
33836168 8
33842304 8
33857120 8
33856528 8
33843608 8
33845528 8
33827008 8
33819992 8
33857168 8
33857464 8
33828920 8
33843112 8
33820656 8
33820928 8
33861344 8
33821008 8
33857048 8
33860440 8
33856512 8
33857744 8
33853896 8
33852856 8
33857128 8
33855128 8
33845584 8
33856656 8
33856480 8
33823352 8
33857000 8
33818896 8
33857160 8
33838736 8
33843688 8
33821616 8
33856456 8
33857144 8
33851464 8
33622976 8
33625776 8
33840952 8
33625784 8
33855296 8
33840992 8
33841000 8
33840976 8
33840552 8
33832600 8
33625136 8
33825704 8
33841032 8
33856856 8
33841008 8
33624568 8
33626000 8
33834936 8
33841248 8
33841240 8
33624576 8
33823672 8
33844136 8
33841376 8
33841384 8
33841280 8
33625456 8
33857944 8
33841304 8
33841312 8
33827528 8
33625640 8
33830104 8
33842600 8
33626360 8
33841360 8
33841336 8
33841368 8
33861416 8
33860688 8
33857112 8
33844040 8
33626184 8
33842680 8
33841416 8
33838360 8
33833720 8
33623008 8
33819328 8
33841496 8
33860840 8
33860824 8
33841448 8
33857792 8
33840200 8
33837960 8
33841472 8
33623520 8
33833664 8
33841136 8
33820984 8
33824568 8
33841232 8
33820024 8
33841208 8
33841096 8
33839208 8
33833392 8
33841080 8
33854080 8
33857032 8
33841224 8
33841176 8
33855800 8
33834160 8
33841160 8
33841144 8
33838744 8
33622984 8
33623864 8
33626296 8
33840656 8
33840648 8
33624024 8
33840688 8
33844904 8
33821672 8
33626320 8
33840792 8
33626328 8
33857064 8
33840800 8
33626304 8
33840672 8
33840664 8
33623872 8
33840704 8
33857952 8
33840712 8
33840768 8
33840760 8
33821168 8
33860048 8
33625896 8
33861712 8
33833560 8
33624768 8
33847304 8
33824208 8
33840608 8
33626208 8
33839832 8
33838440 8
33626312 8
33861904 8
33840744 8
33850624 8
33855592 8
33626288 8
33840592 8
33840240 8
33826624 8
33626400 8
33843616 8
33840256 8
33625272 8
33625280 8
33625288 8
33625296 8
33838336 8
33828792 8
33826504 8
33834248 8
33840600 8
33841152 8
33840824 8
33626344 8
33840944 8
33843336 8
33857544 8
33829632 8
33840912 8
33625736 8
33831728 8
33858824 8
33858448 8
33840872 8
33840816 8
33622992 8
33623000 8
33840440 8
33852432 8
33835816 8
33840488 8
33840528 8
33840304 8
33853888 8
33840344 8
33840416 8
33822384 8
33819320 8
33840456 8
33835880 8
33823912 8
33840472 8
33840352 8
33850088 8
33820840 8
33831688 8
33838376 8
33832984 8
33835104 8
33840336 8
33851672 8
33840536 8
33840512 8
33840360 8
33840328 8
33829208 8
33840520 8
33828200 8
33850160 8
33840568 8
33831888 8
33819280 8
33840280 8
33841488 8
33860392 8
33846056 8
33625552 8
33841072 8
33828816 8
33837352 8
37816816 8
38013240 8
33622440 8
33623496 8
37816824 8
38013248 8
33626688 8
33850936 8
33835320 8
33850816 8
33623904 8
33851152 8
33850664 8
33850704 8
33849848 8
33821368 8
33850680 8
33850720 8
33850672 8
33850696 8
33850608 8
33843400 8
33850728 8
33848848 8
33850616 8
33821280 8
33826304 8
33840832 8
33850736 8
33838256 8
33623504 8
33819984 8
33626656 8
33850808 8
37816608 8
38012960 8
33626672 8
33850904 8
33625720 8
33831312 8
33843864 8
33853120 8
33626664 8
33850872 8
33626680 8
33850920 8
33625936 8
33834016 8
37816688 8
38013048 8
33626536 8
33847488 8
33626584 8
33849440 8
37816632 8
38012976 8
37816656 8
38013000 8
33625664 8
33830360 8
33624424 8
33822840 8
33625400 8
33827160 8
33626640 8
33850760 8
33855584 8
33623240 8
33626456 8
33844536 8
33827328 8
33833312 8
37816640 8
38012984 8
33626728 8
33851192 8
33626560 8
33848504 8
33624480 8
33823344 8
33827792 8
33626856 8
33853104 8
33626696 8
33851072 8
33851064 8
37816648 8
38012992 8
33624184 8
33821912 8
33625560 8
33829008 8
33851056 8
33625904 8
33833576 8
33626736 8
33851200 8
33626712 8
33851176 8
33625080 8
33825552 8
33626720 8
33851184 8
33623592 8
33626704 8
33851144 8
33626616 8
33850464 8
33623600 8
33820176 8
33623248 8
33819600 8
33626376 8
33861424 8
33850584 8
33850600 8
33842496 8
33850960 8
33625328 8
33848976 8
33848032 8
33851024 8
33851008 8
33850968 8
33851040 8
33850984 8
33851032 8
33852360 8
33826520 8
33859160 8
33626424 8
33843888 8
33626632 8
33850568 8
33624656 8
33624664 8
33823872 8
33626624 8
33850552 8
33622448 8
33622456 8
33860752 8
33859792 8
33850520 8
33841760 8
33850536 8
33856112 8
33857104 8
33833384 8
33841808 8
33831416 8
33841752 8
33855448 8
33850488 8
33844360 8
33843248 8
33841832 8
33851160 8
33841816 8
33852696 8
33823392 8
33835424 8
33850512 8
33841864 8
33622464 8
33623784 8
33857008 8
33852064 8
33837264 8
33846984 8
33834192 8
33855480 8
33825392 8
33846520 8
33846664 8
33821400 8
33841720 8
33846968 8
33846464 8
33840232 8
33821840 8
33820728 8
33825688 8
33857784 8
33844160 8
33825808 8
33829424 8
33861176 8
33846728 8
33824200 8
33823496 8
33849200 8
33848272 8
33831032 8
33846408 8
33839752 8
33846384 8
33846392 8
33831824 8
33831264 8
33846904 8
33843848 8
33847112 8
33826104 8
33830664 8
33847008 8
33856256 8
33836944 8
33853232 8
33840584 8
33823152 8
33858040 8
33846712 8
33846672 8
33856872 8
33846704 8
33846368 8
33852600 8
33837776 8
33847064 8
33846480 8
33846856 8
33828760 8
33846896 8
33826136 8
33846768 8
33837480 8
33826568 8
33847048 8
33846800 8
33846736 8
33843344 8
33846472 8
33846640 8
33843424 8
33820680 8
33860472 8
33853272 8
33834272 8
33820752 8
33827240 8
33843920 8
33846760 8
33858392 8
33852048 8
33846792 8
33829192 8
33846632 8
33860616 8
33846776 8
33846816 8
33846680 8
33846344 8
33830112 8
33852080 8
33851352 8
33843136 8
33852800 8
33858568 8
33855120 8
33821592 8
33839936 8
33846688 8
33847104 8
33836568 8
33624192 8
33849792 8
33822808 8
33829592 8
33850208 8
33857480 8
33850136 8
33850264 8
33834960 8
33850112 8
33850152 8
33824392 8
33849736 8
33858984 8
33850184 8
33849776 8
33850336 8
33823472 8
33849880 8
33850192 8
33849280 8
33845776 8
33836184 8
33849000 8
33860912 8
33847296 8
33844368 8
33847896 8
33830840 8
33822016 8
33850232 8
33849016 8
33826920 8
33828936 8
33859128 8
33831136 8
33856488 8
33838544 8
33841888 8
33831520 8
33849720 8
33849800 8
33850064 8
33851400 8
33853368 8
33850104 8
33850712 8
33850392 8
33850360 8
33857520 8
33826728 8
33851624 8
33825272 8
33850288 8
33853176 8
33830000 8
33830536 8
33849968 8
33858664 8
33849816 8
33852264 8
33821928 8
33823288 8
33838064 8
33849896 8
33841112 8
33850168 8
33856192 8
33830856 8
33824496 8
33828536 8
33849752 8
33849824 8
33849992 8
33828880 8
33847432 8
33850176 8
33849904 8
33823760 8
33861672 8
33838904 8
33850296 8
33822280 8
33861432 8
33856128 8
33848128 8
33840312 8
33824592 8
33858512 8
33623016 8
33626800 8
33626808 8
33819352 8
33824640 8
33834808 8
33848544 8
33847288 8
33847440 8
33847776 8
33847768 8
33847136 8
33853624 8
33847160 8
33847888 8
33835144 8
33826368 8
33847752 8
33826256 8
33854912 8
33847984 8
33847152 8
33847840 8
33850040 8
33847448 8
33847168 8
33851048 8
33828608 8
33859984 8
33850368 8
33845648 8
33852736 8
33840264 8
33850096 8
33847376 8
33844048 8
33848008 8
33829992 8
33832952 8
33847400 8
33822552 8
33861848 8
33847736 8
33847480 8
33843496 8
33851344 8
33839736 8
33848040 8
33847208 8
33858840 8
33830312 8
33847256 8
33838568 8
33847960 8
33853128 8
33847808 8
33844352 8
33847368 8
33847472 8
33847584 8
33860872 8
33823784 8
33849528 8
33847600 8
33853648 8
33846112 8
33847920 8
33827576 8
33847240 8
33853992 8
33844968 8
33846096 8
33847280 8
33847816 8
33843368 8
33826000 8
33861472 8
33847712 8
33842328 8
33847640 8
33828800 8
33825192 8
33823512 8
33858000 8
33824584 8
33847856 8
33845608 8
33847336 8
33842544 8
33857072 8
33848024 8
33822992 8
33839272 8
33847416 8
33827872 8
33847944 8
33819848 8
33847464 8
33855360 8
33828512 8
33821944 8
33847656 8
33824712 8
33847680 8
33842584 8
33848048 8
33847952 8
33849552 8
33848760 8
33847688 8
33847200 8
33830128 8
33843704 8
33824344 8
33825560 8
33847968 8
33847872 8
33837064 8
33623352 8
33848224 8
33848144 8
33848488 8
33848616 8
33848712 8
33823904 8
33845936 8
33844312 8
33848672 8
33827016 8
33848320 8
33825936 8
33845128 8
33850016 8
33832624 8
33825064 8
33856992 8
33848296 8
33830656 8
33833464 8
33854736 8
33848728 8
33852304 8
33855792 8
33848608 8
33848536 8
33848152 8
33820792 8
33848832 8
33848416 8
33848472 8
33848696 8
33848120 8
33848464 8
33829168 8
33856040 8
33848704 8
33858768 8
33834480 8
33858864 8
33819736 8
33857992 8
33822728 8
33848552 8
33848344 8
33848448 8
33824160 8
33819832 8
33848632 8
33822568 8
33857704 8
33852608 8
33836584 8
33833256 8
33857728 8
33848640 8
33843960 8
33860384 8
33832352 8
33848136 8
33848176 8
33842104 8
33855880 8
33848392 8
33842088 8
33848624 8
33853752 8
33829928 8
33848680 8
33837336 8
33848376 8
33821608 8
33845792 8
33848072 8
33848560 8
33848352 8
33848368 8
33822520 8
33855056 8
33861392 8
33824864 8
33841520 8
33828840 8
33832672 8
33850648 8
33848264 8
33848216 8
33821016 8
33859696 8
33847576 8
33858856 8
33851904 8
33848784 8
33848816 8
33838960 8
33848304 8
33838424 8
33855664 8
33848256 8
33832192 8
33827432 8
33623144 8
33626912 8
33626920 8
33846040 8
33847632 8
33842640 8
33842800 8
33842712 8
33826632 8
33842000 8
33853576 8
33826488 8
33842008 8
33859480 8
33842320 8
33842792 8
33841920 8
33842936 8
33843152 8
33842744 8
33821576 8
33841936 8
33836592 8
33843904 8
33842048 8
33842184 8
33840680 8
33842592 8
33842608 8
33859256 8
33857552 8
33839128 8
33842464 8
33827736 8
33821136 8
33842280 8
33857880 8
33842688 8
33855528 8
33824944 8
33842080 8
33842248 8
33850032 8
33823416 8
33839928 8
33843288 8
33848000 8
33842624 8
33842376 8
33833792 8
33821664 8
33842736 8
33842384 8
33842504 8
33842024 8
33842568 8
33842400 8
33830624 8
33837296 8
33842520 8
33832584 8
33839744 8
33819888 8
33849872 8
33850272 8
33844456 8
33834392 8
33842784 8
33843392 8
33836928 8
33842472 8
33842200 8
33861552 8
33861088 8
33831240 8
33861096 8
33842432 8
33842776 8
33822200 8
33860600 8
33824304 8
33842720 8
33821024 8
33828072 8
33847608 8
33842704 8
33827096 8
33842272 8
33842296 8
33819480 8
33842208 8
33842168 8
33846848 8
33824688 8
33842360 8
33825976 8
33820912 8
33842256 8
33842424 8
33831792 8
33848424 8
33842512 8
33830528 8
33839776 8
33855104 8
33842672 8
33851128 8
33842032 8
33824072 8
33841952 8
33842040 8
33842416 8
33842176 8
33842192 8
33861720 8
33836224 8
33623944 8
33824752 8
33838136 8
33848872 8
33859216 8
33843816 8
33845680 8
33846000 8
33846232 8
33845744 8
33845656 8
33846104 8
33846288 8
33847560 8
33845888 8
33846152 8
33851680 8
33845896 8
33846128 8
33861152 8
33827072 8
33829824 8
33854000 8
33824328 8
33845952 8
33844304 8
33846224 8
33854928 8
33846240 8
33854216 8
33846064 8
33846280 8
33846080 8
33841440 8
33821440 8
33853216 8
33845160 8
33846176 8
33845312 8
33840384 8
33846136 8
33822432 8
33822376 8
33845928 8
33824720 8
33847408 8
33824880 8
33861544 8
33845872 8
33829848 8
33846296 8
33845632 8
33846256 8
33856888 8
33859312 8
33837736 8
33823056 8
33852536 8
33829984 8
33845712 8
33834920 8
33861144 8
33845784 8
33840576 8
33858008 8
33840008 8
33825608 8
33847224 8
33858936 8
33845856 8
33846016 8
33845824 8
33853872 8
33860480 8
33838272 8
33823184 8
33845984 8
33848088 8
33845880 8
33856968 8
33827560 8
33846024 8
33834072 8
33845640 8
33833248 8
33837376 8
33845688 8
33845416 8
33845800 8
33845664 8
33845904 8
33622848 8
33626880 8
33626888 8
33843976 8
33844192 8
33823400 8
33836296 8
33844512 8
33838808 8
33835120 8
33844032 8
33844080 8
33849304 8
33849888 8
33849480 8
33850880 8
33853488 8
33857584 8
33843880 8
33826384 8
33854280 8
33844264 8
33854664 8
33833184 8
33843968 8
33844152 8
33844280 8
33844208 8
33847072 8
33844296 8
33859200 8
33843936 8
33843992 8
33854576 8
33844288 8
33860960 8
33846720 8
33824448 8
33845440 8
33857088 8
33856896 8
33844416 8
33851088 8
33844464 8
33847024 8
33853840 8
33844240 8
33850496 8
33843984 8
33836328 8
33827352 8
33844424 8
33836984 8
33834384 8
33844112 8
33843040 8
33835792 8
33844632 8
33821192 8
33842352 8
33844064 8
33836040 8
33843840 8
33844448 8
33848688 8
33854168 8
33841688 8
33844000 8
33844176 8
33844624 8
33843928 8
33854472 8
33843768 8
33844104 8
33843744 8
33858272 8
33843944 8
33844096 8
33857272 8
33828248 8
33844336 8
33832800 8
33844024 8
33820384 8
33858384 8
33825752 8
33821872 8
33844472 8
33854056 8
33843832 8
33843824 8
33834720 8
33844016 8
33832736 8
33844008 8
33842912 8
33833904 8
33843896 8
33848328 8
33844088 8
33853304 8
33819104 8
33827632 8
33844616 8
33844256 8
33853592 8
33826992 8
33841392 8
33847144 8
33856568 8
33847976 8
33844216 8
33849856 8
33843776 8
33828856 8
33843912 8
33844648 8
33822368 8
33844320 8
33844640 8
33846192 8
33622680 8
33626944 8
33626952 8
33849048 8
33852240 8
33849680 8
33849232 8
33854368 8
33854072 8
33849640 8
33844944 8
33858456 8
33849416 8
33836192 8
33830976 8
33820392 8
33849672 8
33848992 8
33849312 8
33849160 8
33821760 8
33823040 8
33849064 8
33836304 8
33854232 8
33849120 8
33861480 8
33840632 8
33849184 8
33849272 8
33849712 8
33854488 8
33856400 8
33849376 8
33849152 8
33849328 8
33847424 8
33848880 8
33831184 8
33849080 8
33849696 8
33849296 8
33849104 8
33830848 8
33860576 8
33822968 8
33849568 8
33857912 8
33852208 8
33849456 8
33859408 8
33848960 8
33849168 8
33849208 8
33849384 8
33849392 8
33859464 8
33846808 8
33849560 8
33849448 8
33831176 8
33830800 8
33830096 8
33849400 8
33854744 8
33851832 8
33821312 8
33860312 8
33840184 8
33829880 8
33849360 8
33820256 8
33849336 8
33849704 8
33849128 8
33849584 8
33840864 8
33832120 8
33849248 8
33849536 8
33842824 8
33843008 8
33848920 8
33833408 8
33849112 8
33849032 8
33823528 8
33849008 8
33837672 8
33845752 8
33849352 8
33848864 8
33859648 8
33846168 8
33820032 8
33851944 8
33845696 8
33834184 8
33849432 8
33849056 8
33849616 8
33829696 8
33820688 8
33818888 8
33849240 8
33849600 8
33829968 8
33825640 8
33848944 8
33848984 8
33622472 8
33626928 8
33626936 8
33843168 8
33849024 8
33822680 8
33843464 8
33843488 8
33856664 8
33823336 8
33842920 8
33842872 8
33843640 8
33842816 8
33843536 8
33839296 8
33858992 8
33843144 8
33835488 8
33823120 8
33858648 8
33839792 8
33843440 8
33856544 8
33843376 8
33856960 8
33842856 8
33847936 8
33843184 8
33842456 8
33842944 8
33842880 8
33828768 8
33820064 8
33833672 8
33843264 8
33823176 8
33824320 8
33845024 8
33843024 8
33832032 8
33858136 8
33829248 8
33843296 8
33838624 8
33860952 8
33846376 8
33843128 8
33828976 8
33859272 8
33845448 8
33843280 8
33822408 8
33821728 8
33843048 8
33856808 8
33847120 8
33843216 8
33842848 8
33843512 8
33855368 8
33835152 8
33861224 8
33825032 8
33822624 8
33843352 8
33843656 8
33828776 8
33832712 8
33819400 8
33821264 8
33819336 8
33826816 8
33843544 8
33818784 8
33843072 8
33842232 8
33831080 8
33842832 8
33843080 8
33840248 8
33843304 8
33837656 8
33842968 8
33822816 8
33852136 8
33843200 8
33842840 8
33825520 8
33829368 8
33833968 8
33841576 8
33843504 8
33831800 8
33857200 8
33847704 8
33818936 8
33837968 8
33840752 8
33825424 8
33832792 8
33843328 8
33819344 8
33843360 8
33861592 8
33843064 8
33842896 8
33843408 8
33835016 8
33843176 8
33860016 8
33850440 8
33843384 8
33843456 8
33842928 8
33834464 8
33622480 8
33626832 8
33626840 8
33859264 8
33845280 8
33844688 8
33858912 8
33845288 8
33844800 8
33845240 8
33844976 8
33845592 8
33840208 8
33845248 8
33821824 8
33845376 8
33825712 8
33838104 8
33851640 8
33836352 8
33850928 8
33861776 8
33827344 8
33834944 8
33855152 8
33845424 8
33831704 8
33824480 8
33848432 8
33852976 8
33832816 8
33833456 8
33843672 8
33845496 8
33844696 8
33845296 8
33822240 8
33854568 8
33837096 8
33855560 8
33844808 8
33824520 8
33844712 8
33821784 8
33839144 8
33843272 8
33849576 8
33819096 8
33840928 8
33845560 8
33846072 8
33847992 8
33821208 8
33830832 8
33845432 8
33845576 8
33831712 8
33861768 8
33844936 8
33844848 8
33834840 8
33824424 8
33857352 8
33853112 8
33822504 8
33829448 8
33835552 8
33846608 8
33835928 8
33844952 8
33844744 8
33844776 8
33856208 8
33819408 8
33859616 8
33854256 8
33823328 8
33845408 8
33845032 8
33845320 8
33845152 8
33832528 8
33844760 8
33846216 8
33833592 8
33847760 8
33846248 8
33840696 8
33844824 8
33818920 8
33824368 8
33823456 8
33842344 8
33845168 8
33840152 8
33838040 8
33845368 8
33855752 8
33840160 8
33852592 8
33825472 8
33844992 8
33845120 8
33861256 8
33818792 8
33861016 8
33829600 8
33845544 8
33854896 8
33845304 8
33852864 8
33857640 8
33833984 8
33841320 8
33833840 8
33845256 8
33847824 8
33844792 8
33844720 8
33824608 8
33827544 8
33858520 8
33851656 8
33845472 8
33851936 8
33841656 8
33841784 8
33855672 8
33832568 8
33834296 8
33859056 8
33849096 8
33850256 8
33824152 8
33841664 8
33824112 8
33824624 8
33841856 8
33841712 8
33844576 8
33841680 8
33832608 8
33831808 8
33842448 8
33834664 8
33847128 8
33825288 8
33826096 8
33624896 8
33824768 8
33853032 8
33861368 8
33841600 8
33834928 8
33852112 8
33846360 8
33841552 8
33846576 8
33841560 8
33848824 8
33841512 8
33840112 8
33841632 8
33841616 8
33839656 8
33832840 8
33824992 8
33857768 8
33837416 8
33624360 8
33839064 8
33856912 8
33861336 8
33861320 8
33861312 8
33861352 8
33822632 8
33819008 8
33622576 8
33851480 8
33851472 8
33622584 8
33625336 8
33625392 8
33841088 8
33833416 8
33851600 8
33835728 8
33845464 8
33851688 8
33854120 8
33826880 8
33840392 8
33834736 8
33851664 8
33848856 8
33851696 8
33838944 8
33850352 8
33625344 8
33625352 8
33625360 8
33859528 8
33851536 8
33851520 8
33832408 8
33835200 8
33626600 8
33849592 8
33851496 8
33852816 8
33851096 8
33851560 8
33826616 8
33851568 8
33622592 8
33622600 8
33622608 8
33622616 8
33818856 8
33857376 8
33851728 8
33824256 8
33849840 8
33851720 8
33822656 8
33622488 8
33624880 8
33625032 8
33841944 8
33855784 8
33836632 8
33825400 8
33824680 8
33840960 8
33623136 8
33625096 8
33625104 8
33625112 8
33826576 8
33856000 8
33826552 8
33853456 8
33826544 8
33837392 8
33825648 8
33826592 8
33819472 8
33843480 8
33826528 8
33622624 8
33622632 8
33622640 8
33623264 8
33829744 8
33845512 8
33825528 8
33843528 8
33825504 8
33825720 8
33843584 8
33819616 8
33847352 8
33847864 8
33825600 8
33825488 8
33852944 8
33825496 8
33829656 8
33825536 8
33825576 8
33825584 8
33838352 8
33858832 8
33825624 8
33825456 8
33830560 8
33830368 8
33825464 8
33622648 8
33833936 8
33846936 8
33820144 8
33828528 8
33822832 8
33825368 8
33818864 8
33825344 8
33825328 8
33858288 8
33826032 8
33825320 8
33825384 8
33825360 8
33856696 8
33829176 8
33847672 8
33826128 8
33623640 8
33623648 8
33820264 8
33623664 8
33623672 8
33820288 8
33858784 8
33623680 8
33820304 8
33835664 8
33833928 8
33626544 8
33847592 8
33860520 8
33625160 8
33625168 8
33825832 8
33833624 8
33826760 8
33623608 8
33623616 8
33623624 8
33820216 8
33820208 8
33623632 8
33820224 8
33823248 8
33820240 8
33823944 8
33820608 8
33625224 8
33826824 8
33843560 8
33829528 8
33826832 8
33848312 8
33831272 8
33826792 8
33826056 8
33623416 8
33819824 8
33830048 8
33859296 8
33820072 8
33623464 8
33625752 8
33843232 8
33831912 8
33623472 8
33819944 8
33626648 8
33850800 8
33626016 8
33835168 8
33625544 8
33828640 8
33626568 8
33848776 8
33833160 8
33856336 8
33820016 8
33820008 8
33849344 8
33820104 8
33829056 8
33842984 8
33820088 8
33849936 8
33623424 8
33819840 8
33849472 8
33860552 8
33819896 8
33832696 8
33819936 8
33837520 8
33819880 8
33860304 8
33819912 8
33819872 8
33847912 8
33819904 8
33848568 8
33856784 8
33826688 8
33830024 8
33623984 8
33623992 8
33625480 8
33827936 8
33857304 8
33624000 8
33846120 8
33821624 8
33850768 8
33849512 8
33623760 8
33623768 8
33623776 8
33824272 8
33859488 8
33851736 8
33822856 8
33861760 8
33836696 8
33822136 8
33822160 8
33822184 8
33820640 8
33822176 8
33854800 8
33824136 8
33834648 8
33824096 8
33624112 8
33624120 8
33624128 8
33841544 8
33821800 8
33821808 8
33861664 8
33850320 8
33624792 8
33624800 8
33624816 8
33859712 8
33824400 8
33827272 8
33624808 8
33824384 8
33624824 8
33836512 8
33824416 8
33824440 8
33855768 8
33845480 8
33848456 8
33824376 8
33831192 8
33623160 8
33841464 8
33824144 8
33861448 8
33854008 8
33852680 8
33846160 8
33824360 8
33835648 8
33824176 8
33834552 8
33840624 8
33822224 8
33824192 8
33842056 8
33824296 8
33842616 8
33624784 8
33824336 8
33827680 8
33825872 8
33859864 8
33829808 8
33848360 8
33822216 8
33839568 8
33626104 8
33626112 8
33836456 8
33626416 8
33843680 8
33819496 8
33824264 8
33623320 8
33623328 8
33623336 8
33849768 8
33824560 8
33847728 8
33841104 8
33824576 8
33819704 8
33845096 8
33838832 8
33855624 8
33624136 8
33824088 8
33850408 8
33624144 8
33838816 8
33821888 8
33855224 8
33821880 8
33821856 8
33847272 8
33821816 8
33840064 8
33624152 8
33821864 8
33857904 8
33626448 8
33844400 8
33624232 8
33822064 8
33822040 8
33822056 8
33831632 8
33822032 8
33626336 8
33840920 8
33822080 8
33837408 8
33857960 8
33822096 8
33626824 8
33852312 8
33624176 8
33821976 8
33624200 8
33821936 8
33821968 8
33833304 8
33837688 8
33833752 8
33821904 8
33836576 8
33626592 8
33849488 8
33829664 8
33826584 8
33821920 8
33827656 8
33625440 8
33827472 8
33625840 8
33860640 8
33846832 8
33833144 8
33623792 8
33623912 8
33830592 8
33850632 8
33821296 8
33623800 8
33623928 8
33832592 8
33854288 8
33821344 8
33821352 8
33850056 8
33821320 8
33833296 8
33623808 8
33830824 8
33821376 8
33834368 8
33829536 8
33821384 8
33827800 8
33821424 8
33821392 8
33820896 8
33846200 8
33834952 8
33842976 8
33623920 8
33821304 8
33623432 8
33623440 8
33623448 8
33859920 8
33841648 8
33819864 8
33825000 8
33624944 8
33825040 8
33842240 8
33825016 8
33847616 8
33825048 8
33825728 8
33855656 8
33624864 8
33824664 8
33828296 8
33624872 8
33824656 8
33824648 8
33625928 8
33834000 8
33625712 8
33841696 8
33831304 8
33622688 8
33624456 8
33830176 8
33860928 8
33823048 8
33841184 8
33622696 8
33623840 8
33842144 8
33821032 8
33848440 8
33622704 8
33831088 8
33818904 8
33821056 8
33836976 8
33821072 8
33821040 8
33821064 8
33820960 8
33623816 8
33855736 8
33820952 8
33854112 8
33623832 8
33821000 8
33856936 8
33623208 8
33625208 8
33836504 8
33861240 8
33625256 8
33851632 8
33826440 8
33826400 8
33837808 8
33826424 8
33826408 8
33826416 8
33826392 8
33844392 8
33825912 8
33826376 8
33826464 8
33625264 8
33826456 8
33855040 8
33825928 8
33623216 8
33623480 8
33849920 8
33625232 8
33826224 8
33826216 8
33826208 8
33826200 8
33827152 8
33625240 8
33846048 8
33848016 8
33826248 8
33826232 8
33625248 8
33826352 8
33623488 8
33828064 8
33826336 8
33829976 8
33826280 8
33826272 8
33861112 8
33819960 8
33828360 8
33829160 8
33823688 8
33820520 8
33826176 8
33826088 8
33623224 8
33623232 8
33819592 8
33837216 8
33841776 8
33853160 8
33852872 8
33826152 8
33828456 8
33826168 8
33825128 8
33831208 8
33623656 8
33820280 8
33625216 8
33851136 8
33828224 8
33825944 8
33624312 8
33624320 8
33825960 8
33826040 8
33826808 8
33834216 8
33846624 8
33826016 8
33826024 8
33859560 8
33834120 8
33822424 8
33843760 8
33823560 8
33826048 8
33625704 8
33832176 8
33836968 8
33831296 8
33623544 8
33820128 8
33820400 8
33820120 8
33850128 8
33623088 8
33623360 8
33824784 8
33849040 8
33819784 8
33821792 8
33836152 8
33824800 8
33838328 8
33824792 8
33623096 8
33623104 8
33835712 8
33859360 8
33848520 8
33830960 8
33824896 8
33835472 8
33819432 8
33824840 8
33624776 8
33824904 8
33829920 8
33824240 8
33838072 8
33824912 8
33837248 8
33840024 8
33824936 8
33861696 8
33843056 8
33624912 8
33824832 8
33824824 8
33824808 8
33824816 8
33623368 8
33623376 8
33623384 8
33819800 8
33839456 8
33820184 8
33830456 8
33820152 8
33851864 8
33622552 8
33624272 8
33822272 8
33837232 8
33822264 8
33622560 8
33624288 8
33854752 8
33822304 8
33622568 8
33822456 8
33843808 8
33824672 8
33828696 8
33859016 8
33822344 8
33843648 8
33818840 8
33822480 8
33846184 8
33822320 8
33822400 8
33822440 8
33827176 8
33858016 8
33840376 8
33822312 8
33822336 8
33828440 8
33825992 8
33859208 8
33822464 8
33822360 8
33624328 8
33845216 8
33857416 8
33822512 8
33822496 8
33822528 8
33822248 8
33844912 8
33624280 8
33822288 8
33850384 8
33622496 8
33622504 8
33847216 8
33622512 8
33823208 8
33624384 8
33850248 8
33823160 8
33822744 8
33825416 8
33835456 8
33856168 8
33853256 8
33834336 8
33833240 8
33822824 8
33624400 8
33839488 8
33852016 8
33822768 8
33834656 8
33852832 8
33822560 8
33832464 8
33819232 8
33849504 8
33850448 8
33823376 8
33624536 8
33823696 8
33624544 8
33855400 8
33859240 8
33845808 8
33832384 8
33839000 8
33849320 8
33823616 8
33823624 8
33852928 8
33823600 8
33855248 8
33826312 8
33823656 8
33823584 8
33823664 8
33837760 8
33823608 8
33860160 8
33855928 8
33832768 8
33823360 8
33823232 8
33623968 8
33828520 8
33846440 8
33823312 8
33860424 8
33845264 8
33821496 8
33823264 8
33830296 8
33823280 8
33823320 8
33823256 8
33860512 8
33834064 8
33624512 8
33823464 8
33845144 8
33624520 8
33846656 8
33823480 8
33823504 8
33823488 8
33850856 8
33830600 8
33828832 8
33823200 8
33624336 8
33624368 8
33859520 8
33822648 8
33822640 8
33860992 8
33848592 8
33823736 8
33822672 8
33845488 8
33822664 8
33831968 8
33822720 8
33843576 8
33859176 8
33822736 8
33843312 8
33847664 8
33822584 8
33624344 8
33860856 8
33822592 8
33822608 8
33822576 8
33834128 8
33823192 8
33624504 8
33852936 8
33841736 8
33831512 8
33853480 8
33823448 8
33854992 8
33849520 8
33823704 8
33845992 8
33624264 8
33861912 8
33841984 8
33846512 8
33823104 8
33823112 8
33858600 8
33851280 8
33834824 8
33859384 8
33833072 8
33823096 8
33854048 8
33846920 8
33849544 8
33838712 8
33847344 8
33822944 8
33822872 8
33829072 8
33850072 8
33853344 8
33845848 8
33856680 8
33840096 8
33822144 8
33822864 8
33827824 8
33823136 8
33856760 8
33853984 8
33822928 8
33823144 8
33827048 8
33822976 8
33823024 8
33856840 8
33822936 8
33851896 8
33823080 8
33842440 8
33823032 8
33833640 8
33622520 8
33818816 8
33822712 8
33823752 8
33823744 8
33823712 8
33856720 8
33823720 8
33820504 8
33854384 8
33829224 8
33856648 8
33822544 8
33831336 8
33623184 8
33623200 8
33833440 8
33819576 8
33860536 8
33623888 8
33623896 8
33626864 8
37816576 8
38012928 8
33821248 8
33842016 8
33819552 8
33626744 8
33626752 8
33626760 8
33626768 8
33626776 8
33851240 8
33623256 8
33843784 8
33819608 8
33835048 8
33823632 8
33819632 8
33822472 8
33849072 8
33625056 8
33625064 8
33625120 8
33825664 8
33825864 8
33825672 8
33836624 8
33851448 8
33625072 8
33825512 8
33841024 8
33845080 8
33825696 8
33826560 8
33826664 8
33624632 8
33624640 8
33624648 8
33823888 8
33823864 8
33823856 8
33823880 8
33850560 8
33823896 8
33852752 8
33624672 8
33853448 8
33860504 8
33823936 8
33840408 8
33854680 8
33823928 8
33848664 8
33823840 8
33823832 8
33839096 8
33624936 8
33625144 8
33855720 8
33836848 8
33829496 8
33825784 8
33825792 8
33844584 8
33825768 8
33825776 8
33846400 8
33825736 8
33824976 8
33623824 8
33624952 8
33839320 8
33825024 8
33833584 8
33624040 8
33624048 8
33821688 8
33624056 8
33821696 8
33860864 8
33820992 8
33624032 8
33821680 8
33625176 8
33825856 8
33835280 8
37816616 8
37816624 8
38012968 8
33625184 8
33846448 8
33625200 8
33829672 8
33826288 8
33829856 8
33825904 8
33625192 8
33834448 8
33829312 8
33825880 8
33625304 8
33625312 8
33625320 8
33850976 8
33826512 8
33857280 8
33857976 8
33623952 8
33821488 8
33854416 8
33821456 8
33834008 8
33847928 8
33623976 8
33835000 8
33821528 8
33821552 8
33821568 8
33838144 8
33821544 8
33821536 8
33821472 8
33623960 8
33821464 8
33851712 8
33859664 8
33821480 8
33821504 8
33624608 8
33624616 8
33624624 8
33823808 8
33826864 8
33849608 8
33624904 8
33824776 8
33859104 8
33847848 8
33623848 8
33852056 8
33859888 8
33833856 8
33821160 8
33623856 8
33847800 8
33821120 8
33845912 8
33821176 8
33821152 8
33821112 8
33838552 8
33623880 8
33821224 8
33829648 8
33844656 8
33821200 8
33821216 8
33843752 8
33821256 8
33828824 8
33835056 8
33821104 8
33624064 8
33624072 8
33821736 8
33843032 8
33624736 8
33624744 8
33856704 8
33824048 8
33849224 8
33821712 8
33624080 8
33821744 8
33821752 8
33624256 8
33624752 8
33624760 8
33824280 8
33824128 8
33841792 8
33822232 8
33824104 8
33822120 8
33624488 8
33825232 8
33831464 8
33625632 8
33858760 8
33829864 8
33858464 8
33825088 8
33825152 8
33856104 8
33836720 8
33829296 8
33854408 8
33825104 8
33828488 8
33825072 8
33825056 8
33825216 8
33825096 8
33847504 8
33826112 8
33624968 8
33624976 8
33624984 8
33825256 8
33829480 8
33828160 8
33625880 8
33625888 8
33837696 8
33833448 8
33825144 8
33825224 8
33825280 8
33823432 8
33841592 8
33838672 8
33622792 8
33622800 8
33623312 8
33827592 8
33835176 8
33819688 8
33844232 8
33830688 8
33819728 8
33860216 8
33848656 8
33829256 8
33622808 8
33857688 8
33819760 8
33861576 8
33846328 8
33838248 8
33819032 8
33858336 8
33833704 8
33820744 8
33623296 8
33623304 8
33819664 8
33836704 8
33624160 8
33624168 8
33844432 8
33821896 8
33824504 8
33845176 8
33832576 8
33844520 8
33832904 8
33824224 8
33824472 8
33831536 8
33622856 8
33622864 8
33623112 8
33820528 8
33820472 8
33856672 8
33855888 8
33820568 8
33836712 8
33820136 8
33839952 8
33819448 8
33847552 8
33820512 8
33857384 8
33831368 8
33820448 8
33835720 8
33830520 8
33820536 8
33825592 8
33837120 8
33843520 8
33820192 8
33849176 8
33858320 8
33820376 8
33830344 8
33858696 8
33820600 8
33820368 8
33845960 8
33826328 8
33820456 8
33820480 8
33831152 8
33833216 8
33622872 8
33859992 8
33820904 8
33820888 8
33820872 8
33820856 8
33857016 8
33820824 8
33820672 8
33838592 8
33820808 8
33820768 8
33827944 8
33819672 8
33822168 8
33822448 8
33842528 8
33842768 8
33852656 8
33828656 8
33846912 8
33829376 8
33820816 8
33820720 8
33848808 8
33820784 8
33860560 8
33820880 8
33820760 8
33834832 8
33846880 8
33829216 8
33849624 8
33828480 8
33819152 8
33820736 8
33828344 8
33820776 8
33833872 8
33828784 8
33861488 8
33829736 8
33624088 8
33624680 8
33624688 8
33823976 8
33830136 8
33836656 8
33824000 8
33624096 8
33624712 8
33824008 8
33824056 8
33624104 8
33824024 8
33824016 8
33861728 8
33821768 8
33834088 8
33823968 8
33823960 8
33623712 8
33841992 8
33820416 8
33824064 8
33830864 8
33623392 8
33623400 8
33623408 8
33851768 8
33826712 8
33826704 8
33856320 8
33854192 8
33826656 8
33826696 8
33849256 8
33856096 8
33826784 8
33831656 8
33832488 8
33826680 8
33826768 8
33850024 8
33819816 8
33826744 8
33824632 8
33826648 8
33826736 8
33840272 8
33851576 8
33622408 8
33859496 8
33859456 8
33856224 8
33842648 8
33843872 8
33829328 8
33844888 8
33839896 8
33626792 8
33851336 8
33859440 8
33858160 8
33859432 8
33624208 8
33624216 8
33859376 8
33831776 8
33859344 8
33821952 8
33853080 8
33824216 8
37816784 8
38013152 8
33859336 8
33622416 8
33623936 8
33825352 8
33848160 8
33856944 8
33857608 8
33837448 8
33857680 8
33857616 8
33857696 8
33833920 8
33857568 8
33839888 8
33837784 8
33857664 8
33626136 8
33836752 8
33857592 8
33844272 8
33857576 8
33857656 8
33857752 8
33821416 8
33626496 8
33852560 8
33845400 8
33857712 8
33852352 8
33826856 8
37816712 8
38013072 8
33849144 8
33622424 8
33831928 8
33622432 8
33818768 8
33858344 8
33846560 8
33858312 8
33858360 8
33837496 8
33840640 8
33844184 8
33623752 8
33850752 8
33820616 8
33858328 8
33837176 8
33623552 8
33858256 8
33623560 8
33858248 8
33623568 8
33853288 8
33623576 8
33625648 8
33838632 8
33830232 8
33858192 8
33858200 8
33623584 8
33820168 8
33831072 8
33858224 8
33831248 8
33858264 8
33625016 8
33844376 8
33625024 8
33858280 8
33825376 8
33828624 8
33625584 8
33857336 8
33835568 8
33837664 8
37816696 8
38013056 8
33625592 8
33857328 8
33857312 8
33625600 8
33829352 8
33622832 8
33839448 8
33858968 8
33858608 8
33858640 8
33837136 8
33858704 8
33858920 8
33828560 8
33845704 8
33826184 8
33858888 8
33831056 8
33858624 8
33858728 8
33822904 8
33858944 8
33833352 8
33837624 8
33860336 8
33858712 8
33843224 8
33827968 8
33847040 8
33835824 8
33852568 8
33858584 8
33819072 8
33845016 8
33834080 8
33858904 8
33861024 8
33836208 8
33827448 8
33858656 8
33837456 8
33858680 8
33858976 8
33858848 8
33845328 8
33846568 8
33839464 8
33858800 8
33851616 8
33858880 8
33855088 8
33858720 8
33858816 8
33853920 8
33820296 8
33834152 8
33852712 8
33835096 8
33625504 8
33836240 8
33625512 8
33828416 8
33858064 8
33622752 8
33859048 8
33818960 8
33625760 8
33831920 8
33820968 8
33847056 8
33855816 8
33623728 8
33857504 8
33857512 8
33857368 8
33820496 8
33625376 8
33857488 8
33828736 8
33857392 8
33855016 8
33625384 8
33826800 8
33857408 8
33837640 8
33841976 8
33857448 8
33842368 8
33857432 8
33857456 8
33857424 8
33837280 8
33857360 8
33851704 8
33626096 8
33836376 8
33841640 8
37816704 8
38013064 8
37816744 8
38013112 8
38013104 8
37816752 8
38013096 8
33625792 8
33841960 8
33832784 8
37816768 8
38013128 8
33626224 8
33857528 8
33839104 8
33626488 8
33845384 8
33857536 8
33840176 8
33622528 8
33824248 8
37816760 8
38013120 8
33818824 8
33626520 8
33847192 8
33856504 8
37816736 8
38013088 8
33626080 8
33849728 8
33849688 8
33858440 8
33858408 8
33836264 8
33836832 8
33858424 8
33624008 8
33858088 8
33858104 8
33826064 8
33624016 8
33846144 8
33821632 8
33830608 8
33829960 8
33853928 8
33624240 8
33848736 8
33624832 8
33857864 8
33829904 8
33831408 8
33857848 8
33857856 8
33837160 8
33857808 8
33857824 8
33852072 8
33857936 8
33624840 8
33857920 8
33845360 8
33851504 8
33857896 8
33857888 8
33824512 8
33857840 8
33624248 8
33822088 8
33859840 8
33830944 8
33826496 8
33855848 8
33840720 8
33841288 8
33626504 8
33846304 8
33857800 8
33626512 8
33846992 8
33852488 8
33626256 8
33851456 8
33852824 8
33626264 8
33840432 8
33845944 8
33626240 8
33853824 8
37816776 8
38013136 8
38013144 8
33840144 8
33626024 8
33835608 8
33846352 8
33858032 8
37816600 8
38012952 8
33625912 8
33859424 8
33843600 8
33833656 8
33860784 8
33835560 8
33859088 8
33859328 8
33833888 8
33843000 8
33822192 8
33853376 8
33625576 8
33829152 8
33857184 8
33624296 8
33859224 8
33624304 8
33859024 8
33860248 8
33829080 8
33839304 8
33844544 8
33860008 8
33853360 8
33859120 8
33859136 8
33825840 8
33845208 8
33859032 8
33822352 8
33829280 8
33850992 8
33841896 8
33859112 8
33831896 8
33829760 8
33841704 8
33859168 8
33859192 8
33856880 8
33826960 8
33823792 8
33841040 8
33859008 8
33842264 8
33844680 8
33625608 8
33849664 8
33829384 8
37816800 8
38013168 8
33626392 8
33843568 8
33625008 8
33858576 8
33837856 8
33844528 8
33853024 8
33825336 8
33861208 8
33625856 8
33833168 8
33857240 8
33857208 8
33857224 8
33857216 8
33843088 8
33857232 8
33857264 8
33857288 8
33626368 8
33854320 8
33859248 8
33842312 8
33856120 8
33622760 8
33626072 8
33851392 8
33838448 8
33851376 8
33836176 8
33851384 8
33826080 8
33836416 8
33847320 8
33831584 8
33818992 8
33851264 8
33846592 8
33858616 8
33835400 8
33861000 8
33851416 8
33831640 8
33834344 8
33851408 8
33625800 8
33839056 8
33625808 8
33851304 8
33833024 8
33851288 8
33851272 8
33854464 8
33851256 8
33825656 8
33622296 8
33626280 8
33622328 8
33625672 8
33626872 8
33625872 8
33626472 8
33625680 8
33626272 8
33625768 8
33626552 8
33836792 8
33831040 8
33852576 8
33832152 8
33833944 8
33833272 8
33839536 8
33861824 8
33831200 8
33834688 8
33833064 8
33830424 8
33831864 8
33850912 8
33832216 8
33832248 8
33854272 8
33836080 8
33829912 8
33830872 8
33831680 8
33832536 8
33835024 8
33839816 8
33861440 8
33832296 8
33843552 8
33819920 8
33837320 8
33839608 8
33856792 8
33848104 8
33844600 8
33832504 8
33841744 8
33860136 8
33860072 8
33830192 8
33835368 8
33834032 8
33832360 8
33824184 8
33833632 8
33831432 8
33832480 8
33844784 8
33830160 8
33844248 8
33832864 8
33830568 8
33838776 8
33820800 8
33831024 8
33834968 8
33835272 8
33858120 8
33845000 8
33834536 8
33835872 8
33830576 8
33839072 8
33832016 8
33828928 8
33848792 8
33833432 8
33824856 8
33853832 8
33819440 8
33830120 8
33838976 8
33845008 8
33820864 8
33826928 8
33831360 8
33850656 8
33861328 8
33828080 8
33821432 8
33859280 8
33825968 8
33831856 8
33851432 8
33836032 8
33842864 8
33842664 8
33851584 8
33860096 8
33845104 8
33820704 8
33820432 8
33830496 8
33819144 8
33820696 8
33852464 8
33823296 8
33858144 8
33847904 8
33827696 8
33833608 8
33832720 8
33834984 8
33832304 8
33841048 8
33834240 8
33833736 8
33853056 8
33837368 8
33834512 8
33853408 8
33832960 8
33832224 8
33833080 8
33820080 8
33831392 8
33833376 8
33858400 8
33847568 8
33835592 8
33832272 8
33832552 8
33841800 8
33833776 8
33827360 8
33841608 8
33830272 8
33834728 8
33835184 8
33831992 8
33831848 8
33842288 8
33842224 8
33831352 8
33847016 8
33834360 8
33820936 8
33845232 8
33831224 8
33843432 8
33860344 8
33833760 8
33821992 8
33859368 8
33832048 8
33834416 8
33825440 8
33824464 8
33859960 8
33835328 8
33847328 8
33859928 8
33830952 8
33833648 8
33832112 8
33823088 8
33829504 8
33861136 8
33841216 8
33830320 8
33843192 8
33833088 8
33821656 8
33826144 8
33858472 8
33844856 8
33848168 8
33831904 8
33834784 8
33860056 8
33819040 8
33829016 8
33834208 8
33836024 8
33833512 8
33831480 8
33842152 8
33847792 8
33854840 8
33851232 8
33853136 8
33819048 8
33856592 8
33831608 8
33848840 8
33833496 8
33822752 8
33819224 8
33827024 8
33842552 8
33831784 8
33833504 8
33835744 8
33845344 8
33835856 8
33832424 8
33852776 8
33856160 8
33821960 8
33844496 8
33834472 8
33831568 8
33834096 8
33825744 8
33834896 8
33859584 8
33851928 8
33840368 8
33831096 8
33831496 8
33861584 8
33842752 8
33852672 8
33835896 8
33834592 8
33830256 8
33844224 8
33833232 8
33819712 8
33855608 8
33852288 8
33847392 8
33854016 8
33839840 8
33833768 8
33832000 8
33841168 8
33835576 8
33835920 8
33837168 8
33830144 8
33854176 8
33859472 8
33833808 8
33850000 8
33822128 8
33830240 8
33856864 8
33830336 8
33833912 8
33850312 8
33845864 8
33821520 8
33818800 8
33855272 8
33841200 8
33830504 8
33855744 8
33835040 8
33835080 8
33835448 8
33833328 8
33835680 8
33856816 8
33850200 8
33861920 8
33835296 8
33855048 8
33848096 8
33832912 8
33860592 8
33840728 8
33821600 8
33623344 8
33830680 8
33828864 8
33826608 8
33839200 8
33819720 8
33827384 8
33834576 8
33857968 8
33858872 8
33821408 8
33838840 8
33830984 8
33835864 8
33856600 8
33846976 8
33835408 8
33859072 8
33854768 8
33833552 8
33834872 8
33835032 8
33822256 8
33856744 8
33839288 8
33858528 8
33833880 8
33833816 8
33826072 8
33833960 8
33831064 8
33834408 8
33836560 8
33831120 8
33835240 8
33832760 8
33833136 8
33850224 8
33853192 8
33823520 8
33850120 8
33830304 8
33832704 8
33834880 8
33834856 8
33855320 8
33824952 8
33855136 8
33858952 8
33819056 8
33842096 8
33819416 8
33821776 8
33835912 8
33833712 8
33857984 8
33824968 8
33831232 8
33833200 8
33833056 8
33820248 8
33831320 8
33844504 8
33824488 8
33831128 8
33832208 8
33836936 8
33834232 8
33819808 8
33835440 8
33834320 8
33860832 8
33834616 8
33832136 8
33830248 8
33830880 8
33831744 8
33829752 8
33832656 8
33822104 8
33846872 8
33824040 8
33835688 8
33823536 8
33821336 8
33824080 8
33834456 8
33835640 8
33833424 8
33830912 8
33835208 8
33833616 8
33856576 8
33840544 8
33856984 8
33840040 8
33835432 8
33829344 8
33832520 8
33840848 8
33859656 8
33830808 8
33835496 8
33858184 8
33835520 8
33835392 8
33831048 8
33840808 8
33830736 8
33833680 8
33830584 8
33831552 8
33861656 8
33835784 8
33834288 8
33830768 8
33832616 8
33858496 8
33827904 8
33853400 8
33851360 8
33832632 8
33830384 8
33860632 8
33830392 8
33820632 8
33851544 8
33834424 8
33861056 8
33841872 8
33822688 8
33839240 8
33846528 8
33824960 8
33830464 8
33824168 8
33836336 8
33832872 8
33834672 8
33838920 8
33840504 8
33834776 8
33833528 8
33848600 8
33838872 8
33861744 8
33831144 8
33858216 8
33859608 8
33834912 8
33830280 8
33851784 8
33834992 8
33840880 8
33860112 8
33820312 8
33850840 8
33845056 8
33821272 8
33825952 8
33849648 8
33834768 8
33852688 8
33848936 8
33819304 8
33821448 8
33833688 8
33831488 8
33850848 8
33861600 8
33844840 8
33832128 8
33845760 8
33827168 8
33841056 8
33860264 8
33819744 8
33822800 8
33850528 8
33834696 8
33856752 8
33830448 8
33830616 8
33825184 8
33830512 8
33846944 8
33856352 8
33830784 8
33835848 8
33825120 8
33857872 8
33824696 8
33832448 8
33832400 8
33847032 8
33835304 8
33832320 8
33851976 8
33832416 8
33835136 8
33835224 8
33832776 8
33832088 8
33839168 8
33625000 8
33832968 8
33832936 8
33845520 8
33860624 8
33825312 8
33845728 8
33828280 8
33832976 8
33827864 8
33853704 8
33832992 8
33836784 8
33843592 8
33835624 8
33834888 8
33844488 8
33847456 8
33828272 8
33832056 8
33834640 8
33826752 8
33852200 8
33818680 8
33834376 8
33835768 8
33832256 8
33834488 8
33830552 8
33831736 8
33835376 8
33855776 8
33825448 8
33833728 8
33836824 8
33834568 8
33846784 8
33845568 8
33832664 8
33837328 8
33832392 8
33835632 8
33860528 8
33834632 8
33851440 8
33832824 8
33833824 8
33836912 8
33835312 8
33837088 8
33842136 8
33831960 8
33831448 8
33832240 8
33832848 8
33842072 8
33830032 8
33833016 8
33834608 8
33853392 8
33820160 8
33832808 8
33845352 8
33832856 8
33859400 8
33845200 8
33833120 8
33829792 8
33855976 8
33835416 8
33836256 8
33836856 8
33837304 8
33827392 8
33844168 8
33822880 8
33835536 8
33834704 8
33834136 8
33830288 8
33857672 8
33831288 8
33834256 8
33838752 8
33818656 8
33829800 8
33854528 8
33831600 8
33818976 8
33836608 8
33836072 8
33858632 8
33830888 8
33830208 8
33834440 8
33856408 8
33861752 8
33831384 8
33835008 8
33832312 8
33858128 8
33822848 8
33838576 8
33830216 8
33831616 8
33834744 8
33830920 8
33846416 8
33831944 8
33826984 8
33830720 8
33853432 8
33860768 8
33824888 8
33831160 8
33858896 8
33851488 8
33832096 8
33844752 8
33856432 8
33831000 8
33847496 8
33839992 8
33827064 8
33835696 8
33835544 8
33835232 8
33834176 8
33849464 8
33830472 8
33824528 8
33844672 8
33822784 8
33831400 8
33819568 8
33851216 8
33854584 8
33830400 8
33842992 8
33840968 8
33851648 8
33848208 8
33844768 8
33845920 8
33832232 8
33843696 8
33852848 8
33827912 8
33852480 8
33822112 8
33833288 8
33840080 8
33834304 8
33832008 8
33824456 8
33835384 8
33854096 8
33858232 8
33835600 8
33822616 8
33861784 8
33833264 8
33846960 8
33851528 8
33854688 8
33842216 8
33837832 8
33854960 8
33855416 8
33835704 8
33853736 8
33835888 8
33833520 8
33830968 8
33854784 8
33823424 8
33834504 8
33831016 8
33833952 8
33852192 8
33824552 8
33830224 8
33830712 8
33841824 8
33831696 8
33822536 8
33832144 8
33840888 8
33860848 8
33848280 8
33855840 8
33834056 8
33833104 8
33850080 8
33831280 8
33831376 8
33830744 8
33838888 8
33834752 8
33854312 8
33854864 8
33858544 8
33831752 8
33834496 8
33830936 8
33843792 8
33831544 8
33835160 8
33861200 8
33830376 8
33819584 8
33830816 8
33833568 8
33834264 8
33849864 8
33850544 8
33855704 8
33850416 8
33827608 8
33832544 8
33834048 8
33831720 8
33845456 8
33821144 8
33857440 8
33848952 8
33821640 8
33835504 8
33836000 8
33842120 8
33830200 8
33844056 8
33852152 8
33851112 8
33822952 8
33848400 8
33831440 8
33834600 8
33833320 8
33831872 8
33832560 8
33831760 8
33839624 8
33835256 8
33831840 8
33831168 8
33845832 8
33830184 8
33820424 8
33844896 8
33849424 8
33834624 8
33820408 8
33846600 8
33826848 8
33827256 8
33831112 8
33825208 8
33831576 8
33822488 8
33832064 8
33835480 8
33842696 8
33832184 8
33832328 8
33821328 8
33852544 8
33827568 8
33857152 8
33832160 8
33838984 8
33836472 8
33831216 8
33832640 8
33834144 8
33818760 8
33839904 8
33839592 8
33833048 8
33840296 8
33837528 8
33834400 8
33835344 8
33622744 8
33845816 8
33838008 8
33830088 8
33839880 8
33830480 8
33821088 8
33853568 8
33839712 8
33827112 8
33842728 8
33839864 8
33831560 8
33825632 8
33839648 8
33849808 8
33836064 8
33843208 8
33839680 8
33625984 8
33845336 8
33834792 8
33857472 8
33846928 8
33859232 8
33839912 8
33856904 8
33833744 8
33827992 8
33821648 8
33861160 8
33839472 8
33839808 8
33839584 8
33818952 8
33859624 8
33839576 8
33841296 8
33858776 8
33822008 8
33834200 8
33844608 8
33839728 8
33851920 8
33837712 8
33839872 8
33820712 8
33829776 8
33839480 8
33838048 8
33840056 8
33829032 8
33839800 8
33836952 8
33839496 8
33827496 8
33860288 8
33843240 8
33828600 8
33625696 8
33857176 8
33840016 8
33839984 8
33848904 8
33840000 8
33831008 8
33821288 8
33841584 8
33822792 8
33859968 8
33839768 8
33839784 8
33860168 8
33841256 8
33840168 8
33858368 8
33839848 8
33840120 8
33829360 8
33852768 8
33839720 8
33859000 8
33830072 8
33841568 8
33839696 8
33846552 8
33832880 8
33852880 8
33839824 8
33625520 8
33837384 8
33835336 8
33839512 8
33849960 8
33837944 8
33850504 8
33829944 8
33839504 8
33828448 8
33625496 8
33828320 8
33828584 8
33858688 8
33828576 8
33828544 8
33853504 8
33840856 8
33625536 8
33828592 8
33835616 8
33855488 8
33622336 8
33827688 8
33856216 8
33854456 8
33847784 8
33827480 8
33860320 8
33826872 8
33837072 8
33851608 8
33848232 8
33835808 8
33827456 8
33827104 8
33827896 8
33827120 8
33827648 8
33622344 8
33827304 8
33851120 8
33831984 8
33848192 8
33845048 8
33850896 8
33826120 8
33818664 8
33827264 8
33827336 8
33838456 8
33832376 8
33832104 8
33860232 8
33840776 8
33818720 8
33827200 8
33827216 8
33852512 8
33838392 8
33827880 8
33858960 8
33827192 8
33827320 8
33827208 8
33827288 8
33827224 8
33843728 8
33843320 8
33851984 8
33838768 8
33827512 8
33826904 8
33827000 8
33854872 8
33827552 8
33847696 8
33858480 8
33833000 8
33827128 8
33838648 8
33827464 8
33827600 8
33852024 8
33827056 8
33857928 8
33827440 8
33848080 8
33826952 8
33836736 8
33853064 8
33827488 8
33837488 8
33830760 8
33827640 8
33842576 8
33819128 8
33834024 8
33838608 8
33827624 8
33821360 8
33823816 8
33857648 8
33839976 8
33855904 8
33840048 8
33839520 8
33860120 8
33834712 8
33830648 8
33827768 8
33827144 8
33823224 8
33827616 8
33836128 8
33824120 8
33827424 8
33848752 8
33827408 8
33828704 8
33827776 8
33831328 8
33827136 8
33850144 8
33827664 8
33835264 8
33860544 8
33827088 8
33624992 8
33827728 8
33828312 8
33842112 8
33827704 8
33845672 8
33827744 8
33825296 8
33827032 8
33827040 8
33827784 8
33838656 8
33827080 8
33625432 8
33829624 8
33827832 8
33856536 8
33835112 8
33832336 8
33836640 8
33853808 8
33860880 8
33851104 8
33827848 8
33856280 8
33850008 8
33827888 8
33850744 8
33827376 8
33622968 8
33829640 8
33829232 8
33829392 8
33829264 8
33819272 8
33846544 8
33823800 8
33830168 8
33826320 8
33850328 8
33829416 8
33831664 8
33859512 8
33854088 8
33835512 8
33853904 8
33829144 8
33829464 8
33829064 8
33851168 8
33829472 8
33828720 8
33846336 8
33857056 8
33821848 8
33840840 8
33828744 8
33828944 8
33829024 8
33829544 8
33833040 8
33828952 8
33854792 8
33832168 8
33836464 8
33843120 8
33837424 8
33831424 8
33846616 8
33836448 8
33828912 8
33829000 8
33826192 8
33830408 8
33829616 8
33829688 8
33829432 8
33859936 8
33822000 8
33853672 8
33848720 8
33828664 8
33828984 8
33829704 8
33830792 8
33820664 8
33829096 8
33828968 8
33857192 8
33858432 8
33829104 8
33838240 8
33842536 8
33837432 8
33853440 8
33857624 8
33842952 8
33828872 8
33829520 8
33829120 8
33855160 8
33829512 8
33841768 8
33830992 8
33850776 8
33829128 8
33833896 8
33856344 8
33829040 8
33844144 8
33825888 8
33826976 8
33856952 8
33825264 8
33828632 8
33837616 8
33828808 8
33829400 8
33832024 8
33829560 8
33829608 8
33826480 8
33829240 8
33846744 8
33821240 8
33829136 8
33854512 8
33847264 8
33821232 8
33829200 8
33842888 8
33839616 8
33838992 8
33829576 8
33833224 8
33860064 8
33819464 8
33859448 8
33829272 8
33828616 8
33819640 8
33835064 8
33838880 8
33831592 8
33822984 8
33829488 8
33839640 8
33829288 8
33825304 8
33829336 8
33829584 8
33858296 8
33829680 8
33824728 8
33841064 8
33820320 8
33851888 8
33854376 8
33820232 8
33840448 8
33845184 8
33829048 8
33860032 8
33819952 8
33840088 8
33828680 8
33846424 8
33834848 8
33828848 8
33622768 8
33839136 8
33825816 8
33819312 8
33838600 8
33838688 8
33833600 8
33838784 8
33858208 8
33861128 8
33819696 8
33824848 8
33838368 8
33823008 8
33624856 8
33838928 8
33844872 8
33860680 8
33838896 8
33835904 8
33861808 8
33838968 8
33832040 8
33838912 8
33838720 8
33851592 8
33824600 8
33624472 8
33841672 8
33823168 8
33838936 8
33838728 8
33861248 8
33841880 8
33855600 8
33622776 8
33839544 8
33860272 8
33625408 8
33838464 8
33832264 8
33827184 8
33856640 8
33838504 8
33626192 8
33838384 8
33836808 8
33838520 8
33838480 8
33837080 8
33820832 8
33856448 8
33861856 8
33835288 8
33855520 8
33821096 8
33838488 8
33859288 8
33848768 8
33826600 8
33827312 8
33819016 8
33855352 8
33859904 8
33836424 8
33838856 8
33624848 8
33839224 8
33824544 8
33849368 8
33839216 8
33831832 8
33838760 8
33839264 8
33839232 8
33841624 8
33847184 8
33839256 8
33825544 8
33823848 8
33840896 8
33838344 8
33834800 8
33623120 8
33838152 8
33829304 8
33832440 8
33836840 8
33838176 8
33821128 8
33860104 8
33852344 8
33838216 8
33838296 8
33860368 8
33859976 8
33821560 8
33832928 8
33838232 8
33838128 8
33623128 8
33838280 8
33846032 8
33819456 8
33850640 8
33838184 8
33839392 8
33830696 8
33838224 8
33839032 8
33838616 8
33839040 8
33838312 8
33838680 8
33841408 8
33839184 8
33625088 8
33825568 8
33839016 8
33834528 8
33839024 8
33857320 8
33831504 8
33839192 8
33839688 8
33838664 8
33819000 8
33843016 8
33834112 8
33626528 8
33847384 8
33826896 8
33838824 8
33829320 8
33846312 8
33838208 8
33828176 8
33844832 8
33839048 8
33844568 8
33828672 8
33820976 8
33838792 8
33838640 8
33839088 8
33844920 8
33828896 8
33838696 8
33825200 8
33839176 8
33838704 8
33861304 8
33850576 8
33850688 8
33839248 8
33834520 8
33824352 8
33823824 8
33839112 8
33622664 8
33625848 8
33833152 8
33836344 8
33626088 8
33836360 8
33851320 8
33622880 8
33832080 8
33859704 8
33622888 8
33837288 8
33819216 8
33626168 8
33859416 8
33837648 8
33838584 8
33623056 8
33819392 8
33834168 8
33827920 8
33833176 8
33850376 8
33836600 8
33625128 8
33825680 8
33860968 8
33836112 8
33623024 8
33840616 8
33839920 8
33844960 8
33848248 8
33623032 8
33819360 8
33834584 8
33822072 8
33825432 8
33837112 8
33837104 8
33820488 8
33826936 8
33623280 8
33860184 8
33858928 8
33837560 8
33859816 8
33837464 8
33837552 8
33832920 8
33839760 8
33837512 8
33819648 8
33826840 8
33837504 8
33856272 8
33837592 8
33841432 8
33854136 8
33858352 8
33857720 8
33837472 8
33821512 8
33860456 8
33841928 8
33837584 8
33623528 8
33837184 8
33846536 8
33861072 8
33836008 8
33830776 8
33846488 8
33837192 8
33830416 8
33837200 8
33837240 8
33837208 8
33820048 8
33625624 8
33838512 8
33829568 8
33848584 8
33835352 8
33847312 8
33848528 8
33858304 8
33837312 8
33859504 8
33839704 8
33837440 8
33832512 8
33837400 8
33836432 8
33837344 8
33837152 8
33833536 8
33837360 8
33626056 8
33835992 8
33857816 8
33622672 8
33836528 8
33836496 8
33836392 8
33835656 8
33835192 8
33830704 8
33839528 8
33818880 8
33836408 8
33855168 8
33844200 8
33846840 8
33836552 8
33836440 8
33826472 8
33821984 8
33836520 8
33836368 8
33858808 8
33836384 8
33836544 8
33844120 8
33823128 8
33838560 8
33854648 8
33825984 8
33624464 8
33848288 8
33836312 8
33841912 8
33836888 8
33839376 8
33847648 8
33836272 8
33843856 8
33836144 8
33836200 8
33836096 8
33836280 8
33836216 8
33851368 8
33854536 8
33836248 8
33824744 8
33858416 8
33845064 8
33848648 8
33827400 8
33858096 8
33848912 8
33858072 8
33854672 8
33842160 8
33836288 8
33837984 8
33836232 8
33823072 8
33861888 8
33623704 8
33820360 8
33861192 8
33851840 8
33825176 8
33836960 8
33836864 8
33836800 8
33836776 8
33824616 8
33836728 8
33846496 8
33838168 8
33852624 8
33842488 8
33836768 8
33842336 8
33840072 8
33836760 8
33859144 8
33836648 8
33857600 8
33836744 8
33834352 8
33860648 8
33837008 8
33848968 8
33624392 8
33836920 8
33842632 8
33841352 8
33822760 8
33837224 8
33843712 8
33837032 8
33845040 8
33836880 8
33836896 8
33855512 8
33836816 8
33836680 8
33837016 8
33836992 8
33837720 8
33837056 8
33837040 8
33836872 8
33837568 8
33828472 8
33856976 8
33832432 8
33851968 8
33836688 8
33832368 8
33623272 8
33819624 8
33830440 8
33828464 8
33859896 8
33828056 8
33839120 8
33845392 8
33828552 8
33828032 8
33828496 8
33836664 8
33827984 8
33858056 8
33856392 8
33827856 8
33828432 8
33828016 8
33821704 8
33837600 8
33828024 8
33832688 8
33828408 8
33852176 8
33822888 8
33827928 8
33828424 8
33839552 8
33848480 8
33828008 8
33825136 8
33623536 8
33820056 8
33828384 8
33828128 8
33828144 8
33857496 8
33843720 8
33828096 8
33827280 8
33850400 8
33839312 8
33828184 8
33856928 8
33827752 8
33825248 8
33828208 8
33826344 8
33830904 8
33852968 8
33840224 8
33856328 8
33828136 8
33828392 8
33828152 8
33857632 8
33855264 8
33828240 8
33828288 8
33828232 8
33828352 8
33828568 8
33825480 8
33837728 8
33852424 8
33828192 8
33835088 8
33830632 8
33828112 8
33828168 8
33828336 8
33861536 8
33820920 8
33822328 8
33827976 8
33827960 8
33833848 8
33828040 8
33626784 8
33851328 8
33857560 8
33623512 8
33827808 8
33837680 8
33837936 8
33859544 8
33826448 8
33853240 8
33837752 8
33833336 8
33820560 8
33837864 8
33860296 8
33837800 8
33857296 8
33837840 8
33841456 8
33837992 8
33837912 8
33838056 8
33845720 8
33825240 8
33846648 8
33838112 8
33837824 8
33838096 8
33823592 8
33837976 8
33838032 8
33836320 8
33839960 8
33857344 8
33823304 8
33837816 8
33840104 8
33845088 8
33623736 8
33837704 8
33837744 8
33845840 8
33820552 8
33823984 8
33828400 8
33860664 8
33837896 8
33838080 8
33842808 8
33838016 8
33837888 8
33857024 8
33837848 8
33837768 8
33838088 8
33840464 8
33828104 8
33853224 8
33837952 8
33837872 8
33827712 8
33837904 8
33820000 8
33626232 8
33839416 8
33839432 8
33839424 8
33839440 8
33624432 8
33849088 8
33849984 8
33829832 8
33822912 8
33830080 8
33830016 8
33829768 8
33829840 8
33826944 8
33847248 8
33830040 8
33846456 8
33827536 8
33841264 8
33858080 8
33825896 8
33852272 8
33849656 8
33829952 8
33839664 8
33861616 8
33829784 8
33835984 8
33857832 8
33846696 8
33834816 8
33834432 8
33829712 8
33857256 8
33845768 8
33832944 8
33829720 8
33830896 8
33830064 8
33825616 8
33840904 8
33829896 8
33855536 8
33824928 8
33829888 8
33849928 8
33829816 8
33829936 8
33833344 8
33860936 8
33859064 8
33833544 8
33830056 8
33835968 8
33826240 8
33843104 8
33622304 8
33839408 8
33835936 8
33820112 8
33836160 8
33839352 8
33839336 8
33859152 8
33818640 8
33839368 8
33856632 8
33839400 8
33842408 8
33839384 8
33839328 8
33626816 8
33851752 8
33839344 8
33841192 8
33857040 8
33849832 8
