block round
0 90
15 90
16 90
17 90
18 90
19 90
20 90
21 90
22 90
23 90
24 90
25 90
26 90
27 90
28 90
29 90
30 90
191 90
192 90
193 90
194 90
195 90
196 90
197 90
198 90
199 90
200 90
201 90
202 90
203 90
204 90
205 90
206 90
207 90
208 90
209 90
210 90
211 90
212 90
213 90
214 90
215 90
216 90
217 90
218 90
219 90
220 90
221 90
222 90
511 90
512 90
513 90
514 90
515 90
516 90
517 90
518 90
519 90
520 90
521 90
621 90
631 90
641 90
651 90
660 90
1535 90
1536 90
1537 90
1538 90
1539 90
1540 90
1541 90
1542 90
1543 90
1544 90
1545 90
1546 90
1547 90
1548 90
1549 90
1550 90
1551 90
1552 90
1553 90
1554 90
1555 90
1556 90
1557 90
1558 90
1559 90
1560 90
1561 90
1562 90
1563 90
1564 90
1565 90
1566 90
1567 90
1568 90
1569 90
1570 90
1571 90
