block round
3 100
1025 100
1033 100
1043 100
1053 100
1063 100
1071 100
1081 100
1091 100
1101 100
1111 100
1121 100
1131 100
1141 100
1151 100
1160 100
1170 100
63 100
64 100
65 100
66 100
67 100
68 100
69 100
70 100
71 100
72 100
73 100
74 100
75 100
76 100
77 100
78 100
287 100
288 100
289 100
290 100
291 100
292 100
293 100
294 100
295 100
296 100
297 100
298 100
299 100
300 100
301 100
302 100
303 100
304 100
305 100
306 100
307 100
308 100
309 100
310 100
311 100
312 100
313 100
314 100
315 100
316 100
317 100
318 100
2239 100
2240 100
2241 100
2242 100
2243 100
2244 100
2245 100
2246 100
2247 100
2248 100
2249 100
2250 100
2251 100
2252 100
2253 100
2254 100
2255 100
2256 100
2257 100
2258 100
2259 100
2260 100
2261 100
2262 100
2263 100
2264 100
2265 100
2266 100
2267 100
2268 100
2269 100
2270 100
2271 100
2272 100
2273 100
2274 100
2275 100
