block round
448 40
449 40
450 40
451 40
452 40
453 40
454 40
455 40
456 40
457 40
458 40
459 40
460 40
461 40
462 40
463 40
464 40
465 40
466 40
467 40
468 40
469 40
470 40
471 40
472 40
473 40
474 40
475 40
476 40
477 40
478 40
479 40
480 40
481 40
482 40
483 40
484 40
485 40
486 40
487 40
488 40
489 40
490 40
491 40
492 40
493 40
494 40
495 40
496 40
497 40
498 40
499 40
500 40
501 40
502 40
503 40
504 40
505 40
506 40
507 40
508 40
509 40
510 40
511 40
1088 40
1089 40
1090 40
1091 40
1092 40
1093 40
1094 40
1095 40
1096 40
1097 40
1098 40
1099 40
1100 40
1101 40
1102 40
1103 40
1104 40
1105 40
1106 40
1107 40
1108 40
1109 40
1110 40
1111 40
1112 40
1113 40
1114 40
1115 40
1116 40
1117 40
1118 40
1119 40
1120 40
1121 40
1122 40
1123 40
1124 40
