block round
384 40
385 40
386 40
387 40
388 40
389 40
390 40
391 40
392 40
393 40
394 40
395 40
396 40
397 40
398 40
399 40
400 40
401 40
402 40
403 40
404 40
405 40
406 40
407 40
408 40
409 40
410 40
411 40
412 40
413 40
414 40
415 40
416 40
417 40
418 40
419 40
420 40
421 40
422 40
423 40
424 40
425 40
426 40
427 40
428 40
429 40
430 40
431 40
432 40
433 40
434 40
435 40
436 40
437 40
438 40
439 40
440 40
441 40
442 40
443 40
444 40
445 40
446 40
447 40
1024 40
1025 40
1026 40
1027 40
1028 40
1029 40
1030 40
1031 40
1032 40
1033 40
1034 40
1035 40
1036 40
1037 40
1038 40
1039 40
1040 40
1041 40
1042 40
1043 40
1044 40
1045 40
1046 40
1047 40
1048 40
1049 40
1050 40
1051 40
1052 40
1053 40
1054 40
1055 40
1056 40
1057 40
1058 40
1059 40
1060 40
