block round
160 80
161 80
162 80
163 80
164 80
165 80
166 80
167 80
168 80
169 80
170 80
171 80
172 80
173 80
174 80
175 80
176 80
177 80
178 80
179 80
180 80
181 80
182 80
183 80
184 80
185 80
186 80
187 80
188 80
189 80
190 80
191 80
480 80
481 80
482 80
483 80
484 80
485 80
486 80
487 80
488 80
489 80
490 80
491 80
492 80
493 80
494 80
495 80
496 80
497 80
498 80
499 80
500 80
501 80
502 80
503 80
504 80
505 80
506 80
507 80
508 80
509 80
510 80
511 80
992 80
993 80
994 80
995 80
996 80
997 80
998 80
999 80
1000 80
1001 80
1002 80
1003 80
1004 80
1005 80
1006 80
1007 80
1008 80
1009 80
1010 80
1011 80
1012 80
1013 80
1014 80
1015 80
1016 80
1017 80
1018 80
1019 80
1020 80
1021 80
1022 80
1023 80
1024 80
1025 80
1026 80
1027 80
1028 80
