block round
1 100
1023 100
1031 100
1041 100
1051 100
1061 100
1069 100
1079 100
1089 100
1099 100
1109 100
1119 100
1129 100
1139 100
1149 100
1159 100
1168 100
31 100
32 100
33 100
34 100
35 100
36 100
37 100
38 100
39 100
40 100
41 100
42 100
43 100
44 100
45 100
46 100
223 100
224 100
225 100
226 100
227 100
228 100
229 100
230 100
231 100
232 100
233 100
234 100
235 100
236 100
237 100
238 100
239 100
240 100
241 100
242 100
243 100
244 100
245 100
246 100
247 100
248 100
249 100
250 100
251 100
252 100
253 100
254 100
2111 100
2112 100
2113 100
2114 100
2115 100
2116 100
2117 100
2118 100
2119 100
2120 100
2121 100
2122 100
2123 100
2124 100
2125 100
2126 100
2127 100
2128 100
2129 100
2130 100
2131 100
2132 100
2133 100
2134 100
2135 100
2136 100
2137 100
2138 100
2139 100
2140 100
2141 100
2142 100
2143 100
2144 100
2145 100
2146 100
2147 100
