block round
256 40
257 40
258 40
259 40
260 40
261 40
262 40
263 40
264 40
265 40
266 40
267 40
268 40
269 40
270 40
271 40
272 40
273 40
274 40
275 40
276 40
277 40
278 40
279 40
280 40
281 40
282 40
283 40
284 40
285 40
286 40
287 40
288 40
289 40
290 40
291 40
292 40
293 40
294 40
295 40
296 40
297 40
298 40
299 40
300 40
301 40
302 40
303 40
304 40
305 40
306 40
307 40
308 40
309 40
310 40
311 40
312 40
313 40
314 40
315 40
316 40
317 40
318 40
319 40
896 40
897 40
898 40
899 40
900 40
901 40
902 40
903 40
904 40
905 40
906 40
907 40
908 40
909 40
910 40
911 40
912 40
913 40
914 40
915 40
916 40
917 40
918 40
919 40
920 40
921 40
922 40
923 40
924 40
925 40
926 40
927 40
928 40
929 40
930 40
931 40
932 40
