block round
64 70
65 70
66 70
67 70
68 70
69 70
70 70
71 70
72 70
73 70
74 70
75 70
76 70
77 70
78 70
79 70
80 70
81 70
82 70
83 70
84 70
85 70
86 70
87 70
88 70
89 70
90 70
91 70
92 70
93 70
94 70
95 70
384 70
385 70
386 70
387 70
388 70
389 70
390 70
391 70
392 70
393 70
394 70
395 70
396 70
397 70
398 70
399 70
400 70
401 70
402 70
403 70
404 70
405 70
406 70
407 70
408 70
409 70
410 70
411 70
412 70
413 70
414 70
415 70
800 70
801 70
802 70
803 70
804 70
805 70
806 70
807 70
808 70
809 70
810 70
811 70
812 70
813 70
814 70
815 70
816 70
817 70
818 70
819 70
820 70
821 70
822 70
823 70
824 70
825 70
826 70
827 70
828 70
829 70
830 70
831 70
832 70
833 70
834 70
835 70
836 70
