block round
768 30
769 30
770 30
771 30
772 30
773 30
774 30
775 30
776 30
777 30
778 30
779 30
780 30
781 30
782 30
783 30
784 30
785 30
786 30
787 30
788 30
789 30
790 30
791 30
792 30
793 30
794 30
795 30
796 30
797 30
798 30
799 30
800 30
801 30
802 30
803 30
804 30
805 30
806 30
807 30
808 30
809 30
810 30
811 30
812 30
813 30
814 30
815 30
816 30
817 30
818 30
819 30
820 30
821 30
822 30
823 30
824 30
825 30
826 30
827 30
828 30
829 30
830 30
831 30
832 30
833 30
834 30
835 30
836 30
837 30
838 30
839 30
840 30
841 30
842 30
843 30
844 30
845 30
846 30
847 30
848 30
849 30
850 30
851 30
852 30
853 30
854 30
855 30
856 30
857 30
858 30
859 30
860 30
861 30
862 30
863 30
864 30
865 30
866 30
867 30
868 30
