block round
256 80
257 80
258 80
259 80
260 80
261 80
262 80
263 80
264 80
265 80
266 80
267 80
268 80
269 80
270 80
271 80
272 80
273 80
274 80
275 80
276 80
277 80
278 80
279 80
280 80
281 80
282 80
283 80
284 80
285 80
286 80
287 80
576 80
577 80
578 80
579 80
580 80
581 80
582 80
583 80
584 80
585 80
586 80
587 80
588 80
589 80
590 80
591 80
592 80
593 80
594 80
595 80
596 80
597 80
598 80
599 80
600 80
601 80
602 80
603 80
604 80
605 80
606 80
607 80
1184 80
1185 80
1186 80
1187 80
1188 80
1189 80
1190 80
1191 80
1192 80
1193 80
1194 80
1195 80
1196 80
1197 80
1198 80
1199 80
1200 80
1201 80
1202 80
1203 80
1204 80
1205 80
1206 80
1207 80
1208 80
1209 80
1210 80
1211 80
1212 80
1213 80
1214 80
1215 80
1216 80
1217 80
1218 80
1219 80
1220 80
