block round
192 80
193 80
194 80
195 80
196 80
197 80
198 80
199 80
200 80
201 80
202 80
203 80
204 80
205 80
206 80
207 80
208 80
209 80
210 80
211 80
212 80
213 80
214 80
215 80
216 80
217 80
218 80
219 80
220 80
221 80
222 80
223 80
512 80
513 80
514 80
515 80
516 80
517 80
518 80
519 80
520 80
521 80
522 80
523 80
524 80
525 80
526 80
527 80
528 80
529 80
530 80
531 80
532 80
533 80
534 80
535 80
536 80
537 80
538 80
539 80
540 80
541 80
542 80
543 80
1056 80
1057 80
1058 80
1059 80
1060 80
1061 80
1062 80
1063 80
1064 80
1065 80
1066 80
1067 80
1068 80
1069 80
1070 80
1071 80
1072 80
1073 80
1074 80
1075 80
1076 80
1077 80
1078 80
1079 80
1080 80
1081 80
1082 80
1083 80
1084 80
1085 80
1086 80
1087 80
1088 80
1089 80
1090 80
1091 80
1092 80
