block round
896 20
897 20
898 20
899 20
900 20
901 20
902 20
903 20
904 20
905 20
906 20
907 20
908 20
909 20
910 20
911 20
912 20
913 20
914 20
915 20
916 20
917 20
918 20
919 20
920 20
921 20
922 20
923 20
924 20
925 20
926 20
927 20
928 20
929 20
930 20
931 20
932 20
933 20
934 20
935 20
936 20
937 20
938 20
939 20
940 20
941 20
942 20
943 20
944 20
945 20
946 20
947 20
948 20
949 20
950 20
951 20
952 20
953 20
954 20
955 20
956 20
957 20
958 20
959 20
960 20
961 20
962 20
963 20
964 20
965 20
966 20
967 20
968 20
969 20
970 20
971 20
972 20
973 20
974 20
975 20
976 20
977 20
978 20
979 20
980 20
981 20
982 20
983 20
984 20
985 20
986 20
987 20
988 20
989 20
990 20
991 20
992 20
993 20
994 20
995 20
996 20
