block round
512 60
513 60
514 60
515 60
516 60
517 60
518 60
519 60
520 60
521 60
522 60
523 60
524 60
525 60
526 60
527 60
528 60
529 60
530 60
531 60
532 60
533 60
534 60
535 60
536 60
537 60
538 60
539 60
540 60
541 60
542 60
543 60
544 60
545 60
546 60
547 60
548 60
549 60
550 60
551 60
552 60
553 60
554 60
555 60
556 60
557 60
558 60
559 60
560 60
561 60
562 60
563 60
564 60
565 60
566 60
567 60
568 60
569 60
570 60
571 60
572 60
573 60
574 60
575 60
1152 60
1153 60
1154 60
1155 60
1156 60
1157 60
1158 60
1159 60
1160 60
1161 60
1162 60
1163 60
1164 60
1165 60
1166 60
1167 60
1168 60
1169 60
1170 60
1171 60
1172 60
1173 60
1174 60
1175 60
1176 60
1177 60
1178 60
1179 60
1180 60
1181 60
1182 60
1183 60
1184 60
1185 60
1186 60
1187 60
1188 60
