block round
9 90
159 90
160 90
161 90
162 90
163 90
164 90
165 90
166 90
167 90
168 90
169 90
170 90
171 90
172 90
173 90
174 90
479 90
480 90
481 90
482 90
483 90
484 90
485 90
486 90
487 90
488 90
489 90
490 90
491 90
492 90
493 90
494 90
495 90
496 90
497 90
498 90
499 90
500 90
501 90
502 90
503 90
504 90
505 90
506 90
507 90
508 90
509 90
510 90
610 90
611 90
612 90
613 90
614 90
615 90
616 90
617 90
618 90
619 90
620 90
630 90
640 90
650 90
669 90
1023 90
2111 90
2112 90
2113 90
2114 90
2115 90
2116 90
2117 90
2118 90
2119 90
2120 90
2121 90
2122 90
2123 90
2124 90
2125 90
2126 90
2127 90
2128 90
2129 90
2130 90
2131 90
2132 90
2133 90
2134 90
2135 90
2136 90
2137 90
2138 90
2139 90
2140 90
2141 90
2142 90
2143 90
2144 90
2145 90
2146 90
2147 90
