file block round
0 0 100
0 15 100
0 16 100
0 17 100
0 18 100
0 19 100
0 20 100
0 21 100
0 22 100
0 23 100
0 24 100
0 25 100
0 26 100
0 27 100
0 28 100
0 29 100
0 30 100
0 511 100
0 512 100
0 1030 100
0 1040 100
0 1050 100
0 1060 100
0 1078 100
0 1088 100
0 1098 100
0 1108 100
0 1118 100
0 1128 100
0 1138 100
0 1148 100
0 1158 100
0 1167 100
0 191 100
0 192 100
0 193 100
0 194 100
0 195 100
0 196 100
0 197 100
0 198 100
0 199 100
0 200 100
0 201 100
0 202 100
0 203 100
0 204 100
0 205 100
0 206 100
0 207 100
0 208 100
0 209 100
0 210 100
0 211 100
0 212 100
0 213 100
0 214 100
0 215 100
0 216 100
0 217 100
0 218 100
0 219 100
0 220 100
0 221 100
0 222 100
0 2047 100
0 2048 100
0 2049 100
0 2050 100
0 2051 100
0 2052 100
0 2053 100
0 2054 100
0 2055 100
0 2056 100
0 2057 100
0 2058 100
0 2059 100
0 2060 100
0 2061 100
0 2062 100
0 2063 100
0 2064 100
0 2065 100
0 2066 100
0 2067 100
0 2068 100
0 2069 100
0 2070 100
0 2071 100
0 2072 100
0 2073 100
0 2074 100
0 2075 100
0 2076 100
0 2077 100
0 2078 100
0 2079 100
0 2080 100
0 2081 100
0 2082 100
0 2083 100
1 1 100
1 1023 100
1 1031 100
1 1041 100
1 1051 100
1 1061 100
1 1069 100
1 1079 100
1 1089 100
1 1099 100
1 1109 100
1 1119 100
1 1129 100
1 1139 100
1 1149 100
1 1159 100
1 1168 100
1 31 100
1 32 100
1 33 100
1 34 100
1 35 100
1 36 100
1 37 100
1 38 100
1 39 100
1 40 100
1 41 100
1 42 100
1 43 100
1 44 100
1 45 100
1 46 100
1 223 100
1 224 100
1 225 100
1 226 100
1 227 100
1 228 100
1 229 100
1 230 100
1 231 100
1 232 100
1 233 100
1 234 100
1 235 100
1 236 100
1 237 100
1 238 100
1 239 100
1 240 100
1 241 100
1 242 100
1 243 100
1 244 100
1 245 100
1 246 100
1 247 100
1 248 100
1 249 100
1 250 100
1 251 100
1 252 100
1 253 100
1 254 100
1 2111 100
1 2112 100
1 2113 100
1 2114 100
1 2115 100
1 2116 100
1 2117 100
1 2118 100
1 2119 100
1 2120 100
1 2121 100
1 2122 100
1 2123 100
1 2124 100
1 2125 100
1 2126 100
1 2127 100
1 2128 100
1 2129 100
1 2130 100
1 2131 100
1 2132 100
1 2133 100
1 2134 100
1 2135 100
1 2136 100
1 2137 100
1 2138 100
1 2139 100
1 2140 100
1 2141 100
1 2142 100
1 2143 100
1 2144 100
1 2145 100
1 2146 100
1 2147 100
2 2 100
2 1024 100
2 1032 100
2 1042 100
2 1052 100
2 1062 100
2 1070 100
2 1080 100
2 1090 100
2 1100 100
2 1110 100
2 1120 100
2 1130 100
2 1140 100
2 1150 100
2 1169 100
2 1538 100
2 47 100
2 48 100
2 49 100
2 50 100
2 51 100
2 52 100
2 53 100
2 54 100
2 55 100
2 56 100
2 57 100
2 58 100
2 59 100
2 60 100
2 61 100
2 62 100
2 255 100
2 256 100
2 257 100
2 258 100
2 259 100
2 260 100
2 261 100
2 262 100
2 263 100
2 264 100
2 265 100
2 266 100
2 267 100
2 268 100
2 269 100
2 270 100
2 271 100
2 272 100
2 273 100
2 274 100
2 275 100
2 276 100
2 277 100
2 278 100
2 279 100
2 280 100
2 281 100
2 282 100
2 283 100
2 284 100
2 285 100
2 286 100
2 2175 100
2 2176 100
2 2177 100
2 2178 100
2 2179 100
2 2180 100
2 2181 100
2 2182 100
2 2183 100
2 2184 100
2 2185 100
2 2186 100
2 2187 100
2 2188 100
2 2189 100
2 2190 100
2 2191 100
2 2192 100
2 2193 100
2 2194 100
2 2195 100
2 2196 100
2 2197 100
2 2198 100
2 2199 100
2 2200 100
2 2201 100
2 2202 100
2 2203 100
2 2204 100
2 2205 100
2 2206 100
2 2207 100
2 2208 100
2 2209 100
2 2210 100
2 2211 100
3 3 100
3 1025 100
3 1033 100
3 1043 100
3 1053 100
3 1063 100
3 1071 100
3 1081 100
3 1091 100
3 1101 100
3 1111 100
3 1121 100
3 1131 100
3 1141 100
3 1151 100
3 1160 100
3 1170 100
3 63 100
3 64 100
3 65 100
3 66 100
3 67 100
3 68 100
3 69 100
3 70 100
3 71 100
3 72 100
3 73 100
3 74 100
3 75 100
3 76 100
3 77 100
3 78 100
3 287 100
3 288 100
3 289 100
3 290 100
3 291 100
3 292 100
3 293 100
3 294 100
3 295 100
3 296 100
3 297 100
3 298 100
3 299 100
3 300 100
3 301 100
3 302 100
3 303 100
3 304 100
3 305 100
3 306 100
3 307 100
3 308 100
3 309 100
3 310 100
3 311 100
3 312 100
3 313 100
3 314 100
3 315 100
3 316 100
3 317 100
3 318 100
3 2239 100
3 2240 100
3 2241 100
3 2242 100
3 2243 100
3 2244 100
3 2245 100
3 2246 100
3 2247 100
3 2248 100
3 2249 100
3 2250 100
3 2251 100
3 2252 100
3 2253 100
3 2254 100
3 2255 100
3 2256 100
3 2257 100
3 2258 100
3 2259 100
3 2260 100
3 2261 100
3 2262 100
3 2263 100
3 2264 100
3 2265 100
3 2266 100
3 2267 100
3 2268 100
3 2269 100
3 2270 100
3 2271 100
3 2272 100
3 2273 100
3 2274 100
3 2275 100
4 4 100
4 1026 100
4 1034 100
4 1044 100
4 1054 100
4 1064 100
4 1072 100
4 1082 100
4 1092 100
4 1102 100
4 1112 100
4 1122 100
4 1132 100
4 1142 100
4 1152 100
4 1161 100
4 1171 100
4 79 100
4 80 100
4 81 100
4 82 100
4 83 100
4 84 100
4 85 100
4 86 100
4 87 100
4 88 100
4 89 100
4 90 100
4 91 100
4 92 100
4 93 100
4 94 100
4 319 100
4 320 100
4 321 100
4 322 100
4 323 100
4 324 100
4 325 100
4 326 100
4 327 100
4 328 100
4 329 100
4 330 100
4 331 100
4 332 100
4 333 100
4 334 100
4 335 100
4 336 100
4 337 100
4 338 100
4 339 100
4 340 100
4 341 100
4 342 100
4 343 100
4 344 100
4 345 100
4 346 100
4 347 100
4 348 100
4 349 100
4 350 100
4 2303 100
4 2304 100
4 2305 100
4 2306 100
4 2307 100
4 2308 100
4 2309 100
4 2310 100
4 2311 100
4 2312 100
4 2313 100
4 2314 100
4 2315 100
4 2316 100
4 2317 100
4 2318 100
4 2319 100
4 2320 100
4 2321 100
4 2322 100
4 2323 100
4 2324 100
4 2325 100
4 2326 100
4 2327 100
4 2328 100
4 2329 100
4 2330 100
4 2331 100
4 2332 100
4 2333 100
4 2334 100
4 2335 100
4 2336 100
4 2337 100
4 2338 100
4 2339 100
5 5 100
5 1035 100
5 1045 100
5 1055 100
5 1065 100
5 1073 100
5 1083 100
5 1093 100
5 1103 100
5 1113 100
5 1123 100
5 1133 100
5 1143 100
5 1153 100
5 1162 100
5 1172 100
5 1535 100
5 95 100
5 96 100
5 97 100
5 98 100
5 99 100
5 100 100
5 101 100
5 102 100
5 103 100
5 104 100
5 105 100
5 106 100
5 107 100
5 108 100
5 109 100
5 110 100
5 351 100
5 352 100
5 353 100
5 354 100
5 355 100
5 356 100
5 357 100
5 358 100
5 359 100
5 360 100
5 361 100
5 362 100
5 363 100
5 364 100
5 365 100
5 366 100
5 367 100
5 368 100
5 369 100
5 370 100
5 371 100
5 372 100
5 373 100
5 374 100
5 375 100
5 376 100
5 377 100
5 378 100
5 379 100
5 380 100
5 381 100
5 382 100
5 2367 100
5 2368 100
5 2369 100
5 2370 100
5 2371 100
5 2372 100
5 2373 100
5 2374 100
5 2375 100
5 2376 100
5 2377 100
5 2378 100
5 2379 100
5 2380 100
5 2381 100
5 2382 100
5 2383 100
5 2384 100
5 2385 100
5 2386 100
5 2387 100
5 2388 100
5 2389 100
5 2390 100
5 2391 100
5 2392 100
5 2393 100
5 2394 100
5 2395 100
5 2396 100
5 2397 100
5 2398 100
5 2399 100
5 2400 100
5 2401 100
5 2402 100
5 2403 100
6 6 100
6 1027 100
6 1036 100
6 1046 100
6 1056 100
6 1066 100
6 1074 100
6 1084 100
6 1094 100
6 1104 100
6 1114 100
6 1124 100
6 1134 100
6 1144 100
6 1154 100
6 1163 100
6 1173 100
6 111 100
6 112 100
6 113 100
6 114 100
6 115 100
6 116 100
6 117 100
6 118 100
6 119 100
6 120 100
6 121 100
6 122 100
6 123 100
6 124 100
6 125 100
6 126 100
6 383 100
6 384 100
6 385 100
6 386 100
6 387 100
6 388 100
6 389 100
6 390 100
6 391 100
6 392 100
6 393 100
6 394 100
6 395 100
6 396 100
6 397 100
6 398 100
6 399 100
6 400 100
6 401 100
6 402 100
6 403 100
6 404 100
6 405 100
6 406 100
6 407 100
6 408 100
6 409 100
6 410 100
6 411 100
6 412 100
6 413 100
6 414 100
6 2431 100
6 2432 100
6 2433 100
6 2434 100
6 2435 100
6 2436 100
6 2437 100
6 2438 100
6 2439 100
6 2440 100
6 2441 100
6 2442 100
6 2443 100
6 2444 100
6 2445 100
6 2446 100
6 2447 100
6 2448 100
6 2449 100
6 2450 100
6 2451 100
6 2452 100
6 2453 100
6 2454 100
6 2455 100
6 2456 100
6 2457 100
6 2458 100
6 2459 100
6 2460 100
6 2461 100
6 2462 100
6 2463 100
6 2464 100
6 2465 100
6 2466 100
6 2467 100
7 7 100
7 1037 100
7 1047 100
7 1057 100
7 1067 100
7 1075 100
7 1085 100
7 1095 100
7 1105 100
7 1115 100
7 1125 100
7 1135 100
7 1145 100
7 1155 100
7 1164 100
7 1174 100
7 1536 100
7 127 100
7 128 100
7 129 100
7 130 100
7 131 100
7 132 100
7 133 100
7 134 100
7 135 100
7 136 100
7 137 100
7 138 100
7 139 100
7 140 100
7 141 100
7 142 100
7 415 100
7 416 100
7 417 100
7 418 100
7 419 100
7 420 100
7 421 100
7 422 100
7 423 100
7 424 100
7 425 100
7 426 100
7 427 100
7 428 100
7 429 100
7 430 100
7 431 100
7 432 100
7 433 100
7 434 100
7 435 100
7 436 100
7 437 100
7 438 100
7 439 100
7 440 100
7 441 100
7 442 100
7 443 100
7 444 100
7 445 100
7 446 100
7 2495 100
7 2496 100
7 2497 100
7 2498 100
7 2499 100
7 2500 100
7 2501 100
7 2502 100
7 2503 100
7 2504 100
7 2505 100
7 2506 100
7 2507 100
7 2508 100
7 2509 100
7 2510 100
7 2511 100
7 2512 100
7 2513 100
7 2514 100
7 2515 100
7 2516 100
7 2517 100
7 2518 100
7 2519 100
7 2520 100
7 2521 100
7 2522 100
7 2523 100
7 2524 100
7 2525 100
7 2526 100
7 2527 100
7 2528 100
7 2529 100
7 2530 100
7 2531 100
8 8 100
8 1028 100
8 1038 100
8 1048 100
8 1058 100
8 1068 100
8 1076 100
8 1086 100
8 1096 100
8 1106 100
8 1116 100
8 1126 100
8 1136 100
8 1146 100
8 1156 100
8 1165 100
8 1175 100
8 143 100
8 144 100
8 145 100
8 146 100
8 147 100
8 148 100
8 149 100
8 150 100
8 151 100
8 152 100
8 153 100
8 154 100
8 155 100
8 156 100
8 157 100
8 158 100
8 447 100
8 448 100
8 449 100
8 450 100
8 451 100
8 452 100
8 453 100
8 454 100
8 455 100
8 456 100
8 457 100
8 458 100
8 459 100
8 460 100
8 461 100
8 462 100
8 463 100
8 464 100
8 465 100
8 466 100
8 467 100
8 468 100
8 469 100
8 470 100
8 471 100
8 472 100
8 473 100
8 474 100
8 475 100
8 476 100
8 477 100
8 478 100
8 2559 100
8 2560 100
8 2561 100
8 2562 100
8 2563 100
8 2564 100
8 2565 100
8 2566 100
8 2567 100
8 2568 100
8 2569 100
8 2570 100
8 2571 100
8 2572 100
8 2573 100
8 2574 100
8 2575 100
8 2576 100
8 2577 100
8 2578 100
8 2579 100
8 2580 100
8 2581 100
8 2582 100
8 2583 100
8 2584 100
8 2585 100
8 2586 100
8 2587 100
8 2588 100
8 2589 100
8 2590 100
8 2591 100
8 2592 100
8 2593 100
8 2594 100
8 2595 100
9 9 100
9 1029 100
9 1039 100
9 1049 100
9 1059 100
9 1077 100
9 1087 100
9 1097 100
9 1107 100
9 1117 100
9 1127 100
9 1137 100
9 1147 100
9 1157 100
9 1166 100
9 1176 100
9 1537 100
9 159 100
9 160 100
9 161 100
9 162 100
9 163 100
9 164 100
9 165 100
9 166 100
9 167 100
9 168 100
9 169 100
9 170 100
9 171 100
9 172 100
9 173 100
9 174 100
9 479 100
9 480 100
9 481 100
9 482 100
9 483 100
9 484 100
9 485 100
9 486 100
9 487 100
9 488 100
9 489 100
9 490 100
9 491 100
9 492 100
9 493 100
9 494 100
9 495 100
9 496 100
9 497 100
9 498 100
9 499 100
9 500 100
9 501 100
9 502 100
9 503 100
9 504 100
9 505 100
9 506 100
9 507 100
9 508 100
9 509 100
9 510 100
9 2623 100
9 2624 100
9 2625 100
9 2626 100
9 2627 100
9 2628 100
9 2629 100
9 2630 100
9 2631 100
9 2632 100
9 2633 100
9 2634 100
9 2635 100
9 2636 100
9 2637 100
9 2638 100
9 2639 100
9 2640 100
9 2641 100
9 2642 100
9 2643 100
9 2644 100
9 2645 100
9 2646 100
9 2647 100
9 2648 100
9 2649 100
9 2650 100
9 2651 100
9 2652 100
9 2653 100
9 2654 100
9 2655 100
9 2656 100
9 2657 100
9 2658 100
9 2659 100
