block round
5 90
95 90
96 90
97 90
98 90
99 90
100 90
101 90
102 90
103 90
104 90
105 90
106 90
107 90
108 90
109 90
110 90
351 90
352 90
353 90
354 90
355 90
356 90
357 90
358 90
359 90
360 90
361 90
362 90
363 90
364 90
365 90
366 90
367 90
368 90
369 90
370 90
371 90
372 90
373 90
374 90
375 90
376 90
377 90
378 90
379 90
380 90
381 90
382 90
566 90
567 90
568 90
569 90
570 90
571 90
572 90
573 90
574 90
575 90
576 90
626 90
636 90
646 90
656 90
665 90
1855 90
1856 90
1857 90
1858 90
1859 90
1860 90
1861 90
1862 90
1863 90
1864 90
1865 90
1866 90
1867 90
1868 90
1869 90
1870 90
1871 90
1872 90
1873 90
1874 90
1875 90
1876 90
1877 90
1878 90
1879 90
1880 90
1881 90
1882 90
1883 90
1884 90
1885 90
1886 90
1887 90
1888 90
1889 90
1890 90
1891 90
