block round
576 40
577 40
578 40
579 40
580 40
581 40
582 40
583 40
584 40
585 40
586 40
587 40
588 40
589 40
590 40
591 40
592 40
593 40
594 40
595 40
596 40
597 40
598 40
599 40
600 40
601 40
602 40
603 40
604 40
605 40
606 40
607 40
608 40
609 40
610 40
611 40
612 40
613 40
614 40
615 40
616 40
617 40
618 40
619 40
620 40
621 40
622 40
623 40
624 40
625 40
626 40
627 40
628 40
629 40
630 40
631 40
632 40
633 40
634 40
635 40
636 40
637 40
638 40
639 40
1216 40
1217 40
1218 40
1219 40
1220 40
1221 40
1222 40
1223 40
1224 40
1225 40
1226 40
1227 40
1228 40
1229 40
1230 40
1231 40
1232 40
1233 40
1234 40
1235 40
1236 40
1237 40
1238 40
1239 40
1240 40
1241 40
1242 40
1243 40
1244 40
1245 40
1246 40
1247 40
1248 40
1249 40
1250 40
1251 40
1252 40
