block round
384 30
385 30
386 30
387 30
388 30
389 30
390 30
391 30
392 30
393 30
394 30
395 30
396 30
397 30
398 30
399 30
400 30
401 30
402 30
403 30
404 30
405 30
406 30
407 30
408 30
409 30
410 30
411 30
412 30
413 30
414 30
415 30
416 30
417 30
418 30
419 30
420 30
421 30
422 30
423 30
424 30
425 30
426 30
427 30
428 30
429 30
430 30
431 30
432 30
433 30
434 30
435 30
436 30
437 30
438 30
439 30
440 30
441 30
442 30
443 30
444 30
445 30
446 30
447 30
448 30
449 30
450 30
451 30
452 30
453 30
454 30
455 30
456 30
457 30
458 30
459 30
460 30
461 30
462 30
463 30
464 30
465 30
466 30
467 30
468 30
469 30
470 30
471 30
472 30
473 30
474 30
475 30
476 30
477 30
478 30
479 30
480 30
481 30
482 30
483 30
484 30
