block round
256 20
257 20
258 20
259 20
260 20
261 20
262 20
263 20
264 20
265 20
266 20
267 20
268 20
269 20
270 20
271 20
272 20
273 20
274 20
275 20
276 20
277 20
278 20
279 20
280 20
281 20
282 20
283 20
284 20
285 20
286 20
287 20
288 20
289 20
290 20
291 20
292 20
293 20
294 20
295 20
296 20
297 20
298 20
299 20
300 20
301 20
302 20
303 20
304 20
305 20
306 20
307 20
308 20
309 20
310 20
311 20
312 20
313 20
314 20
315 20
316 20
317 20
318 20
319 20
320 20
321 20
322 20
323 20
324 20
325 20
326 20
327 20
328 20
329 20
330 20
331 20
332 20
333 20
334 20
335 20
336 20
337 20
338 20
339 20
340 20
341 20
342 20
343 20
344 20
345 20
346 20
347 20
348 20
349 20
350 20
351 20
352 20
353 20
354 20
355 20
356 20
