block round
4 100
1026 100
1034 100
1044 100
1054 100
1064 100
1072 100
1082 100
1092 100
1102 100
1112 100
1122 100
1132 100
1142 100
1152 100
1161 100
1171 100
79 100
80 100
81 100
82 100
83 100
84 100
85 100
86 100
87 100
88 100
89 100
90 100
91 100
92 100
93 100
94 100
319 100
320 100
321 100
322 100
323 100
324 100
325 100
326 100
327 100
328 100
329 100
330 100
331 100
332 100
333 100
334 100
335 100
336 100
337 100
338 100
339 100
340 100
341 100
342 100
343 100
344 100
345 100
346 100
347 100
348 100
349 100
350 100
2303 100
2304 100
2305 100
2306 100
2307 100
2308 100
2309 100
2310 100
2311 100
2312 100
2313 100
2314 100
2315 100
2316 100
2317 100
2318 100
2319 100
2320 100
2321 100
2322 100
2323 100
2324 100
2325 100
2326 100
2327 100
2328 100
2329 100
2330 100
2331 100
2332 100
2333 100
2334 100
2335 100
2336 100
2337 100
2338 100
2339 100
