block round
192 40
193 40
194 40
195 40
196 40
197 40
198 40
199 40
200 40
201 40
202 40
203 40
204 40
205 40
206 40
207 40
208 40
209 40
210 40
211 40
212 40
213 40
214 40
215 40
216 40
217 40
218 40
219 40
220 40
221 40
222 40
223 40
224 40
225 40
226 40
227 40
228 40
229 40
230 40
231 40
232 40
233 40
234 40
235 40
236 40
237 40
238 40
239 40
240 40
241 40
242 40
243 40
244 40
245 40
246 40
247 40
248 40
249 40
250 40
251 40
252 40
253 40
254 40
255 40
832 40
833 40
834 40
835 40
836 40
837 40
838 40
839 40
840 40
841 40
842 40
843 40
844 40
845 40
846 40
847 40
848 40
849 40
850 40
851 40
852 40
853 40
854 40
855 40
856 40
857 40
858 40
859 40
860 40
861 40
862 40
863 40
864 40
865 40
866 40
867 40
868 40
