block round
3 90
63 90
64 90
65 90
66 90
67 90
68 90
69 90
70 90
71 90
72 90
73 90
74 90
75 90
76 90
77 90
78 90
287 90
288 90
289 90
290 90
291 90
292 90
293 90
294 90
295 90
296 90
297 90
298 90
299 90
300 90
301 90
302 90
303 90
304 90
305 90
306 90
307 90
308 90
309 90
310 90
311 90
312 90
313 90
314 90
315 90
316 90
317 90
318 90
544 90
545 90
546 90
547 90
548 90
549 90
550 90
551 90
552 90
553 90
554 90
624 90
634 90
644 90
654 90
663 90
1727 90
1728 90
1729 90
1730 90
1731 90
1732 90
1733 90
1734 90
1735 90
1736 90
1737 90
1738 90
1739 90
1740 90
1741 90
1742 90
1743 90
1744 90
1745 90
1746 90
1747 90
1748 90
1749 90
1750 90
1751 90
1752 90
1753 90
1754 90
1755 90
1756 90
1757 90
1758 90
1759 90
1760 90
1761 90
1762 90
1763 90
