file block round
0 0 10
0 1 10
0 2 10
0 3 10
0 4 10
0 5 10
0 6 10
0 7 10
0 8 10
0 9 10
0 10 10
0 11 10
0 12 10
0 13 10
0 14 10
0 15 10
0 16 10
0 17 10
0 18 10
0 19 10
0 20 10
0 21 10
0 22 10
0 23 10
0 24 10
0 25 10
0 26 10
0 27 10
0 28 10
0 29 10
0 30 10
0 31 10
0 32 10
0 33 10
0 34 10
0 35 10
0 36 10
0 37 10
0 38 10
0 39 10
0 40 10
0 41 10
0 42 10
0 43 10
0 44 10
0 45 10
0 46 10
0 47 10
0 48 10
0 49 10
0 50 10
0 51 10
0 52 10
0 53 10
0 54 10
0 55 10
0 56 10
0 57 10
0 58 10
0 59 10
0 60 10
0 61 10
0 62 10
0 63 10
0 64 10
0 65 10
0 66 10
0 67 10
0 68 10
0 69 10
0 70 10
0 71 10
0 72 10
0 73 10
0 74 10
0 75 10
0 76 10
0 77 10
0 78 10
0 79 10
0 80 10
0 81 10
0 82 10
0 83 10
0 84 10
0 85 10
0 86 10
0 87 10
0 88 10
0 89 10
0 90 10
0 91 10
0 92 10
0 93 10
0 94 10
0 95 10
0 96 10
0 97 10
0 98 10
0 99 10
0 100 10
1 128 10
1 129 10
1 130 10
1 131 10
1 132 10
1 133 10
1 134 10
1 135 10
1 136 10
1 137 10
1 138 10
1 139 10
1 140 10
1 141 10
1 142 10
1 143 10
1 144 10
1 145 10
1 146 10
1 147 10
1 148 10
1 149 10
1 150 10
1 151 10
1 152 10
1 153 10
1 154 10
1 155 10
1 156 10
1 157 10
1 158 10
1 159 10
1 160 10
1 161 10
1 162 10
1 163 10
1 164 10
1 165 10
1 166 10
1 167 10
1 168 10
1 169 10
1 170 10
1 171 10
1 172 10
1 173 10
1 174 10
1 175 10
1 176 10
1 177 10
1 178 10
1 179 10
1 180 10
1 181 10
1 182 10
1 183 10
1 184 10
1 185 10
1 186 10
1 187 10
1 188 10
1 189 10
1 190 10
1 191 10
1 192 10
1 193 10
1 194 10
1 195 10
1 196 10
1 197 10
1 198 10
1 199 10
1 200 10
1 201 10
1 202 10
1 203 10
1 204 10
1 205 10
1 206 10
1 207 10
1 208 10
1 209 10
1 210 10
1 211 10
1 212 10
1 213 10
1 214 10
1 215 10
1 216 10
1 217 10
1 218 10
1 219 10
1 220 10
1 221 10
1 222 10
1 223 10
1 224 10
1 225 10
1 226 10
1 227 10
1 228 10
2 256 10
2 257 10
2 258 10
2 259 10
2 260 10
2 261 10
2 262 10
2 263 10
2 264 10
2 265 10
2 266 10
2 267 10
2 268 10
2 269 10
2 270 10
2 271 10
2 272 10
2 273 10
2 274 10
2 275 10
2 276 10
2 277 10
2 278 10
2 279 10
2 280 10
2 281 10
2 282 10
2 283 10
2 284 10
2 285 10
2 286 10
2 287 10
2 288 10
2 289 10
2 290 10
2 291 10
2 292 10
2 293 10
2 294 10
2 295 10
2 296 10
2 297 10
2 298 10
2 299 10
2 300 10
2 301 10
2 302 10
2 303 10
2 304 10
2 305 10
2 306 10
2 307 10
2 308 10
2 309 10
2 310 10
2 311 10
2 312 10
2 313 10
2 314 10
2 315 10
2 316 10
2 317 10
2 318 10
2 319 10
2 320 10
2 321 10
2 322 10
2 323 10
2 324 10
2 325 10
2 326 10
2 327 10
2 328 10
2 329 10
2 330 10
2 331 10
2 332 10
2 333 10
2 334 10
2 335 10
2 336 10
2 337 10
2 338 10
2 339 10
2 340 10
2 341 10
2 342 10
2 343 10
2 344 10
2 345 10
2 346 10
2 347 10
2 348 10
2 349 10
2 350 10
2 351 10
2 352 10
2 353 10
2 354 10
2 355 10
2 356 10
3 384 10
3 385 10
3 386 10
3 387 10
3 388 10
3 389 10
3 390 10
3 391 10
3 392 10
3 393 10
3 394 10
3 395 10
3 396 10
3 397 10
3 398 10
3 399 10
3 400 10
3 401 10
3 402 10
3 403 10
3 404 10
3 405 10
3 406 10
3 407 10
3 408 10
3 409 10
3 410 10
3 411 10
3 412 10
3 413 10
3 414 10
3 415 10
3 416 10
3 417 10
3 418 10
3 419 10
3 420 10
3 421 10
3 422 10
3 423 10
3 424 10
3 425 10
3 426 10
3 427 10
3 428 10
3 429 10
3 430 10
3 431 10
3 432 10
3 433 10
3 434 10
3 435 10
3 436 10
3 437 10
3 438 10
3 439 10
3 440 10
3 441 10
3 442 10
3 443 10
3 444 10
3 445 10
3 446 10
3 447 10
3 448 10
3 449 10
3 450 10
3 451 10
3 452 10
3 453 10
3 454 10
3 455 10
3 456 10
3 457 10
3 458 10
3 459 10
3 460 10
3 461 10
3 462 10
3 463 10
3 464 10
3 465 10
3 466 10
3 467 10
3 468 10
3 469 10
3 470 10
3 471 10
3 472 10
3 473 10
3 474 10
3 475 10
3 476 10
3 477 10
3 478 10
3 479 10
3 480 10
3 481 10
3 482 10
3 483 10
3 484 10
4 512 10
4 513 10
4 514 10
4 515 10
4 516 10
4 517 10
4 518 10
4 519 10
4 520 10
4 521 10
4 522 10
4 523 10
4 524 10
4 525 10
4 526 10
4 527 10
4 528 10
4 529 10
4 530 10
4 531 10
4 532 10
4 533 10
4 534 10
4 535 10
4 536 10
4 537 10
4 538 10
4 539 10
4 540 10
4 541 10
4 542 10
4 543 10
4 544 10
4 545 10
4 546 10
4 547 10
4 548 10
4 549 10
4 550 10
4 551 10
4 552 10
4 553 10
4 554 10
4 555 10
4 556 10
4 557 10
4 558 10
4 559 10
4 560 10
4 561 10
4 562 10
4 563 10
4 564 10
4 565 10
4 566 10
4 567 10
4 568 10
4 569 10
4 570 10
4 571 10
4 572 10
4 573 10
4 574 10
4 575 10
4 576 10
4 577 10
4 578 10
4 579 10
4 580 10
4 581 10
4 582 10
4 583 10
4 584 10
4 585 10
4 586 10
4 587 10
4 588 10
4 589 10
4 590 10
4 591 10
4 592 10
4 593 10
4 594 10
4 595 10
4 596 10
4 597 10
4 598 10
4 599 10
4 600 10
4 601 10
4 602 10
4 603 10
4 604 10
4 605 10
4 606 10
4 607 10
4 608 10
4 609 10
4 610 10
4 611 10
4 612 10
5 640 10
5 641 10
5 642 10
5 643 10
5 644 10
5 645 10
5 646 10
5 647 10
5 648 10
5 649 10
5 650 10
5 651 10
5 652 10
5 653 10
5 654 10
5 655 10
5 656 10
5 657 10
5 658 10
5 659 10
5 660 10
5 661 10
5 662 10
5 663 10
5 664 10
5 665 10
5 666 10
5 667 10
5 668 10
5 669 10
5 670 10
5 671 10
5 672 10
5 673 10
5 674 10
5 675 10
5 676 10
5 677 10
5 678 10
5 679 10
5 680 10
5 681 10
5 682 10
5 683 10
5 684 10
5 685 10
5 686 10
5 687 10
5 688 10
5 689 10
5 690 10
5 691 10
5 692 10
5 693 10
5 694 10
5 695 10
5 696 10
5 697 10
5 698 10
5 699 10
5 700 10
5 701 10
5 702 10
5 703 10
5 704 10
5 705 10
5 706 10
5 707 10
5 708 10
5 709 10
5 710 10
5 711 10
5 712 10
5 713 10
5 714 10
5 715 10
5 716 10
5 717 10
5 718 10
5 719 10
5 720 10
5 721 10
5 722 10
5 723 10
5 724 10
5 725 10
5 726 10
5 727 10
5 728 10
5 729 10
5 730 10
5 731 10
5 732 10
5 733 10
5 734 10
5 735 10
5 736 10
5 737 10
5 738 10
5 739 10
5 740 10
6 768 10
6 769 10
6 770 10
6 771 10
6 772 10
6 773 10
6 774 10
6 775 10
6 776 10
6 777 10
6 778 10
6 779 10
6 780 10
6 781 10
6 782 10
6 783 10
6 784 10
6 785 10
6 786 10
6 787 10
6 788 10
6 789 10
6 790 10
6 791 10
6 792 10
6 793 10
6 794 10
6 795 10
6 796 10
6 797 10
6 798 10
6 799 10
6 800 10
6 801 10
6 802 10
6 803 10
6 804 10
6 805 10
6 806 10
6 807 10
6 808 10
6 809 10
6 810 10
6 811 10
6 812 10
6 813 10
6 814 10
6 815 10
6 816 10
6 817 10
6 818 10
6 819 10
6 820 10
6 821 10
6 822 10
6 823 10
6 824 10
6 825 10
6 826 10
6 827 10
6 828 10
6 829 10
6 830 10
6 831 10
6 832 10
6 833 10
6 834 10
6 835 10
6 836 10
6 837 10
6 838 10
6 839 10
6 840 10
6 841 10
6 842 10
6 843 10
6 844 10
6 845 10
6 846 10
6 847 10
6 848 10
6 849 10
6 850 10
6 851 10
6 852 10
6 853 10
6 854 10
6 855 10
6 856 10
6 857 10
6 858 10
6 859 10
6 860 10
6 861 10
6 862 10
6 863 10
6 864 10
6 865 10
6 866 10
6 867 10
6 868 10
7 896 10
7 897 10
7 898 10
7 899 10
7 900 10
7 901 10
7 902 10
7 903 10
7 904 10
7 905 10
7 906 10
7 907 10
7 908 10
7 909 10
7 910 10
7 911 10
7 912 10
7 913 10
7 914 10
7 915 10
7 916 10
7 917 10
7 918 10
7 919 10
7 920 10
7 921 10
7 922 10
7 923 10
7 924 10
7 925 10
7 926 10
7 927 10
7 928 10
7 929 10
7 930 10
7 931 10
7 932 10
7 933 10
7 934 10
7 935 10
7 936 10
7 937 10
7 938 10
7 939 10
7 940 10
7 941 10
7 942 10
7 943 10
7 944 10
7 945 10
7 946 10
7 947 10
7 948 10
7 949 10
7 950 10
7 951 10
7 952 10
7 953 10
7 954 10
7 955 10
7 956 10
7 957 10
7 958 10
7 959 10
7 960 10
7 961 10
7 962 10
7 963 10
7 964 10
7 965 10
7 966 10
7 967 10
7 968 10
7 969 10
7 970 10
7 971 10
7 972 10
7 973 10
7 974 10
7 975 10
7 976 10
7 977 10
7 978 10
7 979 10
7 980 10
7 981 10
7 982 10
7 983 10
7 984 10
7 985 10
7 986 10
7 987 10
7 988 10
7 989 10
7 990 10
7 991 10
7 992 10
7 993 10
7 994 10
7 995 10
7 996 10
8 1024 10
8 1025 10
8 1026 10
8 1027 10
8 1028 10
8 1029 10
8 1030 10
8 1031 10
8 1032 10
8 1033 10
8 1034 10
8 1035 10
8 1036 10
8 1037 10
8 1038 10
8 1039 10
8 1040 10
8 1041 10
8 1042 10
8 1043 10
8 1044 10
8 1045 10
8 1046 10
8 1047 10
8 1048 10
8 1049 10
8 1050 10
8 1051 10
8 1052 10
8 1053 10
8 1054 10
8 1055 10
8 1056 10
8 1057 10
8 1058 10
8 1059 10
8 1060 10
8 1061 10
8 1062 10
8 1063 10
8 1064 10
8 1065 10
8 1066 10
8 1067 10
8 1068 10
8 1069 10
8 1070 10
8 1071 10
8 1072 10
8 1073 10
8 1074 10
8 1075 10
8 1076 10
8 1077 10
8 1078 10
8 1079 10
8 1080 10
8 1081 10
8 1082 10
8 1083 10
8 1084 10
8 1085 10
8 1086 10
8 1087 10
8 1088 10
8 1089 10
8 1090 10
8 1091 10
8 1092 10
8 1093 10
8 1094 10
8 1095 10
8 1096 10
8 1097 10
8 1098 10
8 1099 10
8 1100 10
8 1101 10
8 1102 10
8 1103 10
8 1104 10
8 1105 10
8 1106 10
8 1107 10
8 1108 10
8 1109 10
8 1110 10
8 1111 10
8 1112 10
8 1113 10
8 1114 10
8 1115 10
8 1116 10
8 1117 10
8 1118 10
8 1119 10
8 1120 10
8 1121 10
8 1122 10
8 1123 10
8 1124 10
9 1152 10
9 1153 10
9 1154 10
9 1155 10
9 1156 10
9 1157 10
9 1158 10
9 1159 10
9 1160 10
9 1161 10
9 1162 10
9 1163 10
9 1164 10
9 1165 10
9 1166 10
9 1167 10
9 1168 10
9 1169 10
9 1170 10
9 1171 10
9 1172 10
9 1173 10
9 1174 10
9 1175 10
9 1176 10
9 1177 10
9 1178 10
9 1179 10
9 1180 10
9 1181 10
9 1182 10
9 1183 10
9 1184 10
9 1185 10
9 1186 10
9 1187 10
9 1188 10
9 1189 10
9 1190 10
9 1191 10
9 1192 10
9 1193 10
9 1194 10
9 1195 10
9 1196 10
9 1197 10
9 1198 10
9 1199 10
9 1200 10
9 1201 10
9 1202 10
9 1203 10
9 1204 10
9 1205 10
9 1206 10
9 1207 10
9 1208 10
9 1209 10
9 1210 10
9 1211 10
9 1212 10
9 1213 10
9 1214 10
9 1215 10
9 1216 10
9 1217 10
9 1218 10
9 1219 10
9 1220 10
9 1221 10
9 1222 10
9 1223 10
9 1224 10
9 1225 10
9 1226 10
9 1227 10
9 1228 10
9 1229 10
9 1230 10
9 1231 10
9 1232 10
9 1233 10
9 1234 10
9 1235 10
9 1236 10
9 1237 10
9 1238 10
9 1239 10
9 1240 10
9 1241 10
9 1242 10
9 1243 10
9 1244 10
9 1245 10
9 1246 10
9 1247 10
9 1248 10
9 1249 10
9 1250 10
9 1251 10
9 1252 10
