block round
256 50
257 50
258 50
259 50
260 50
261 50
262 50
263 50
264 50
265 50
266 50
267 50
268 50
269 50
270 50
271 50
272 50
273 50
274 50
275 50
276 50
277 50
278 50
279 50
280 50
281 50
282 50
283 50
284 50
285 50
286 50
287 50
288 50
289 50
290 50
291 50
292 50
293 50
294 50
295 50
296 50
297 50
298 50
299 50
300 50
301 50
302 50
303 50
304 50
305 50
306 50
307 50
308 50
309 50
310 50
311 50
312 50
313 50
314 50
315 50
316 50
317 50
318 50
319 50
896 50
897 50
898 50
899 50
900 50
901 50
902 50
903 50
904 50
905 50
906 50
907 50
908 50
909 50
910 50
911 50
912 50
913 50
914 50
915 50
916 50
917 50
918 50
919 50
920 50
921 50
922 50
923 50
924 50
925 50
926 50
927 50
928 50
929 50
930 50
931 50
932 50
