block round
288 80
289 80
290 80
291 80
292 80
293 80
294 80
295 80
296 80
297 80
298 80
299 80
300 80
301 80
302 80
303 80
304 80
305 80
306 80
307 80
308 80
309 80
310 80
311 80
312 80
313 80
314 80
315 80
316 80
317 80
318 80
319 80
608 80
609 80
610 80
611 80
612 80
613 80
614 80
615 80
616 80
617 80
618 80
619 80
620 80
621 80
622 80
623 80
624 80
625 80
626 80
627 80
628 80
629 80
630 80
631 80
632 80
633 80
634 80
635 80
636 80
637 80
638 80
639 80
1248 80
1249 80
1250 80
1251 80
1252 80
1253 80
1254 80
1255 80
1256 80
1257 80
1258 80
1259 80
1260 80
1261 80
1262 80
1263 80
1264 80
1265 80
1266 80
1267 80
1268 80
1269 80
1270 80
1271 80
1272 80
1273 80
1274 80
1275 80
1276 80
1277 80
1278 80
1279 80
1280 80
1281 80
1282 80
1283 80
1284 80
