block round
1024 30
1025 30
1026 30
1027 30
1028 30
1029 30
1030 30
1031 30
1032 30
1033 30
1034 30
1035 30
1036 30
1037 30
1038 30
1039 30
1040 30
1041 30
1042 30
1043 30
1044 30
1045 30
1046 30
1047 30
1048 30
1049 30
1050 30
1051 30
1052 30
1053 30
1054 30
1055 30
1056 30
1057 30
1058 30
1059 30
1060 30
1061 30
1062 30
1063 30
1064 30
1065 30
1066 30
1067 30
1068 30
1069 30
1070 30
1071 30
1072 30
1073 30
1074 30
1075 30
1076 30
1077 30
1078 30
1079 30
1080 30
1081 30
1082 30
1083 30
1084 30
1085 30
1086 30
1087 30
1088 30
1089 30
1090 30
1091 30
1092 30
1093 30
1094 30
1095 30
1096 30
1097 30
1098 30
1099 30
1100 30
1101 30
1102 30
1103 30
1104 30
1105 30
1106 30
1107 30
1108 30
1109 30
1110 30
1111 30
1112 30
1113 30
1114 30
1115 30
1116 30
1117 30
1118 30
1119 30
1120 30
1121 30
1122 30
1123 30
1124 30
