block round
6 90
111 90
112 90
113 90
114 90
115 90
116 90
117 90
118 90
119 90
120 90
121 90
122 90
123 90
124 90
125 90
126 90
383 90
384 90
385 90
386 90
387 90
388 90
389 90
390 90
391 90
392 90
393 90
394 90
395 90
396 90
397 90
398 90
399 90
400 90
401 90
402 90
403 90
404 90
405 90
406 90
407 90
408 90
409 90
410 90
411 90
412 90
413 90
414 90
577 90
578 90
579 90
580 90
581 90
582 90
583 90
584 90
585 90
586 90
587 90
627 90
637 90
647 90
657 90
666 90
1919 90
1920 90
1921 90
1922 90
1923 90
1924 90
1925 90
1926 90
1927 90
1928 90
1929 90
1930 90
1931 90
1932 90
1933 90
1934 90
1935 90
1936 90
1937 90
1938 90
1939 90
1940 90
1941 90
1942 90
1943 90
1944 90
1945 90
1946 90
1947 90
1948 90
1949 90
1950 90
1951 90
1952 90
1953 90
1954 90
1955 90
