block round
128 30
129 30
130 30
131 30
132 30
133 30
134 30
135 30
136 30
137 30
138 30
139 30
140 30
141 30
142 30
143 30
144 30
145 30
146 30
147 30
148 30
149 30
150 30
151 30
152 30
153 30
154 30
155 30
156 30
157 30
158 30
159 30
160 30
161 30
162 30
163 30
164 30
165 30
166 30
167 30
168 30
169 30
170 30
171 30
172 30
173 30
174 30
175 30
176 30
177 30
178 30
179 30
180 30
181 30
182 30
183 30
184 30
185 30
186 30
187 30
188 30
189 30
190 30
191 30
192 30
193 30
194 30
195 30
196 30
197 30
198 30
199 30
200 30
201 30
202 30
203 30
204 30
205 30
206 30
207 30
208 30
209 30
210 30
211 30
212 30
213 30
214 30
215 30
216 30
217 30
218 30
219 30
220 30
221 30
222 30
223 30
224 30
225 30
226 30
227 30
228 30
