file block round
0 0 30
0 1 30
0 2 30
0 3 30
0 4 30
0 5 30
0 6 30
0 7 30
0 8 30
0 9 30
0 10 30
0 11 30
0 12 30
0 13 30
0 14 30
0 15 30
0 16 30
0 17 30
0 18 30
0 19 30
0 20 30
0 21 30
0 22 30
0 23 30
0 24 30
0 25 30
0 26 30
0 27 30
0 28 30
0 29 30
0 30 30
0 31 30
0 32 30
0 33 30
0 34 30
0 35 30
0 36 30
0 37 30
0 38 30
0 39 30
0 40 30
0 41 30
0 42 30
0 43 30
0 44 30
0 45 30
0 46 30
0 47 30
0 48 30
0 49 30
0 50 30
0 51 30
0 52 30
0 53 30
0 54 30
0 55 30
0 56 30
0 57 30
0 58 30
0 59 30
0 60 30
0 61 30
0 62 30
0 63 30
0 64 30
0 65 30
0 66 30
0 67 30
0 68 30
0 69 30
0 70 30
0 71 30
0 72 30
0 73 30
0 74 30
0 75 30
0 76 30
0 77 30
0 78 30
0 79 30
0 80 30
0 81 30
0 82 30
0 83 30
0 84 30
0 85 30
0 86 30
0 87 30
0 88 30
0 89 30
0 90 30
0 91 30
0 92 30
0 93 30
0 94 30
0 95 30
0 96 30
0 97 30
0 98 30
0 99 30
0 100 30
1 128 30
1 129 30
1 130 30
1 131 30
1 132 30
1 133 30
1 134 30
1 135 30
1 136 30
1 137 30
1 138 30
1 139 30
1 140 30
1 141 30
1 142 30
1 143 30
1 144 30
1 145 30
1 146 30
1 147 30
1 148 30
1 149 30
1 150 30
1 151 30
1 152 30
1 153 30
1 154 30
1 155 30
1 156 30
1 157 30
1 158 30
1 159 30
1 160 30
1 161 30
1 162 30
1 163 30
1 164 30
1 165 30
1 166 30
1 167 30
1 168 30
1 169 30
1 170 30
1 171 30
1 172 30
1 173 30
1 174 30
1 175 30
1 176 30
1 177 30
1 178 30
1 179 30
1 180 30
1 181 30
1 182 30
1 183 30
1 184 30
1 185 30
1 186 30
1 187 30
1 188 30
1 189 30
1 190 30
1 191 30
1 192 30
1 193 30
1 194 30
1 195 30
1 196 30
1 197 30
1 198 30
1 199 30
1 200 30
1 201 30
1 202 30
1 203 30
1 204 30
1 205 30
1 206 30
1 207 30
1 208 30
1 209 30
1 210 30
1 211 30
1 212 30
1 213 30
1 214 30
1 215 30
1 216 30
1 217 30
1 218 30
1 219 30
1 220 30
1 221 30
1 222 30
1 223 30
1 224 30
1 225 30
1 226 30
1 227 30
1 228 30
2 256 30
2 257 30
2 258 30
2 259 30
2 260 30
2 261 30
2 262 30
2 263 30
2 264 30
2 265 30
2 266 30
2 267 30
2 268 30
2 269 30
2 270 30
2 271 30
2 272 30
2 273 30
2 274 30
2 275 30
2 276 30
2 277 30
2 278 30
2 279 30
2 280 30
2 281 30
2 282 30
2 283 30
2 284 30
2 285 30
2 286 30
2 287 30
2 288 30
2 289 30
2 290 30
2 291 30
2 292 30
2 293 30
2 294 30
2 295 30
2 296 30
2 297 30
2 298 30
2 299 30
2 300 30
2 301 30
2 302 30
2 303 30
2 304 30
2 305 30
2 306 30
2 307 30
2 308 30
2 309 30
2 310 30
2 311 30
2 312 30
2 313 30
2 314 30
2 315 30
2 316 30
2 317 30
2 318 30
2 319 30
2 320 30
2 321 30
2 322 30
2 323 30
2 324 30
2 325 30
2 326 30
2 327 30
2 328 30
2 329 30
2 330 30
2 331 30
2 332 30
2 333 30
2 334 30
2 335 30
2 336 30
2 337 30
2 338 30
2 339 30
2 340 30
2 341 30
2 342 30
2 343 30
2 344 30
2 345 30
2 346 30
2 347 30
2 348 30
2 349 30
2 350 30
2 351 30
2 352 30
2 353 30
2 354 30
2 355 30
2 356 30
3 384 30
3 385 30
3 386 30
3 387 30
3 388 30
3 389 30
3 390 30
3 391 30
3 392 30
3 393 30
3 394 30
3 395 30
3 396 30
3 397 30
3 398 30
3 399 30
3 400 30
3 401 30
3 402 30
3 403 30
3 404 30
3 405 30
3 406 30
3 407 30
3 408 30
3 409 30
3 410 30
3 411 30
3 412 30
3 413 30
3 414 30
3 415 30
3 416 30
3 417 30
3 418 30
3 419 30
3 420 30
3 421 30
3 422 30
3 423 30
3 424 30
3 425 30
3 426 30
3 427 30
3 428 30
3 429 30
3 430 30
3 431 30
3 432 30
3 433 30
3 434 30
3 435 30
3 436 30
3 437 30
3 438 30
3 439 30
3 440 30
3 441 30
3 442 30
3 443 30
3 444 30
3 445 30
3 446 30
3 447 30
3 448 30
3 449 30
3 450 30
3 451 30
3 452 30
3 453 30
3 454 30
3 455 30
3 456 30
3 457 30
3 458 30
3 459 30
3 460 30
3 461 30
3 462 30
3 463 30
3 464 30
3 465 30
3 466 30
3 467 30
3 468 30
3 469 30
3 470 30
3 471 30
3 472 30
3 473 30
3 474 30
3 475 30
3 476 30
3 477 30
3 478 30
3 479 30
3 480 30
3 481 30
3 482 30
3 483 30
3 484 30
4 512 30
4 513 30
4 514 30
4 515 30
4 516 30
4 517 30
4 518 30
4 519 30
4 520 30
4 521 30
4 522 30
4 523 30
4 524 30
4 525 30
4 526 30
4 527 30
4 528 30
4 529 30
4 530 30
4 531 30
4 532 30
4 533 30
4 534 30
4 535 30
4 536 30
4 537 30
4 538 30
4 539 30
4 540 30
4 541 30
4 542 30
4 543 30
4 544 30
4 545 30
4 546 30
4 547 30
4 548 30
4 549 30
4 550 30
4 551 30
4 552 30
4 553 30
4 554 30
4 555 30
4 556 30
4 557 30
4 558 30
4 559 30
4 560 30
4 561 30
4 562 30
4 563 30
4 564 30
4 565 30
4 566 30
4 567 30
4 568 30
4 569 30
4 570 30
4 571 30
4 572 30
4 573 30
4 574 30
4 575 30
4 576 30
4 577 30
4 578 30
4 579 30
4 580 30
4 581 30
4 582 30
4 583 30
4 584 30
4 585 30
4 586 30
4 587 30
4 588 30
4 589 30
4 590 30
4 591 30
4 592 30
4 593 30
4 594 30
4 595 30
4 596 30
4 597 30
4 598 30
4 599 30
4 600 30
4 601 30
4 602 30
4 603 30
4 604 30
4 605 30
4 606 30
4 607 30
4 608 30
4 609 30
4 610 30
4 611 30
4 612 30
5 640 30
5 641 30
5 642 30
5 643 30
5 644 30
5 645 30
5 646 30
5 647 30
5 648 30
5 649 30
5 650 30
5 651 30
5 652 30
5 653 30
5 654 30
5 655 30
5 656 30
5 657 30
5 658 30
5 659 30
5 660 30
5 661 30
5 662 30
5 663 30
5 664 30
5 665 30
5 666 30
5 667 30
5 668 30
5 669 30
5 670 30
5 671 30
5 672 30
5 673 30
5 674 30
5 675 30
5 676 30
5 677 30
5 678 30
5 679 30
5 680 30
5 681 30
5 682 30
5 683 30
5 684 30
5 685 30
5 686 30
5 687 30
5 688 30
5 689 30
5 690 30
5 691 30
5 692 30
5 693 30
5 694 30
5 695 30
5 696 30
5 697 30
5 698 30
5 699 30
5 700 30
5 701 30
5 702 30
5 703 30
5 704 30
5 705 30
5 706 30
5 707 30
5 708 30
5 709 30
5 710 30
5 711 30
5 712 30
5 713 30
5 714 30
5 715 30
5 716 30
5 717 30
5 718 30
5 719 30
5 720 30
5 721 30
5 722 30
5 723 30
5 724 30
5 725 30
5 726 30
5 727 30
5 728 30
5 729 30
5 730 30
5 731 30
5 732 30
5 733 30
5 734 30
5 735 30
5 736 30
5 737 30
5 738 30
5 739 30
5 740 30
6 768 30
6 769 30
6 770 30
6 771 30
6 772 30
6 773 30
6 774 30
6 775 30
6 776 30
6 777 30
6 778 30
6 779 30
6 780 30
6 781 30
6 782 30
6 783 30
6 784 30
6 785 30
6 786 30
6 787 30
6 788 30
6 789 30
6 790 30
6 791 30
6 792 30
6 793 30
6 794 30
6 795 30
6 796 30
6 797 30
6 798 30
6 799 30
6 800 30
6 801 30
6 802 30
6 803 30
6 804 30
6 805 30
6 806 30
6 807 30
6 808 30
6 809 30
6 810 30
6 811 30
6 812 30
6 813 30
6 814 30
6 815 30
6 816 30
6 817 30
6 818 30
6 819 30
6 820 30
6 821 30
6 822 30
6 823 30
6 824 30
6 825 30
6 826 30
6 827 30
6 828 30
6 829 30
6 830 30
6 831 30
6 832 30
6 833 30
6 834 30
6 835 30
6 836 30
6 837 30
6 838 30
6 839 30
6 840 30
6 841 30
6 842 30
6 843 30
6 844 30
6 845 30
6 846 30
6 847 30
6 848 30
6 849 30
6 850 30
6 851 30
6 852 30
6 853 30
6 854 30
6 855 30
6 856 30
6 857 30
6 858 30
6 859 30
6 860 30
6 861 30
6 862 30
6 863 30
6 864 30
6 865 30
6 866 30
6 867 30
6 868 30
7 896 30
7 897 30
7 898 30
7 899 30
7 900 30
7 901 30
7 902 30
7 903 30
7 904 30
7 905 30
7 906 30
7 907 30
7 908 30
7 909 30
7 910 30
7 911 30
7 912 30
7 913 30
7 914 30
7 915 30
7 916 30
7 917 30
7 918 30
7 919 30
7 920 30
7 921 30
7 922 30
7 923 30
7 924 30
7 925 30
7 926 30
7 927 30
7 928 30
7 929 30
7 930 30
7 931 30
7 932 30
7 933 30
7 934 30
7 935 30
7 936 30
7 937 30
7 938 30
7 939 30
7 940 30
7 941 30
7 942 30
7 943 30
7 944 30
7 945 30
7 946 30
7 947 30
7 948 30
7 949 30
7 950 30
7 951 30
7 952 30
7 953 30
7 954 30
7 955 30
7 956 30
7 957 30
7 958 30
7 959 30
7 960 30
7 961 30
7 962 30
7 963 30
7 964 30
7 965 30
7 966 30
7 967 30
7 968 30
7 969 30
7 970 30
7 971 30
7 972 30
7 973 30
7 974 30
7 975 30
7 976 30
7 977 30
7 978 30
7 979 30
7 980 30
7 981 30
7 982 30
7 983 30
7 984 30
7 985 30
7 986 30
7 987 30
7 988 30
7 989 30
7 990 30
7 991 30
7 992 30
7 993 30
7 994 30
7 995 30
7 996 30
8 1024 30
8 1025 30
8 1026 30
8 1027 30
8 1028 30
8 1029 30
8 1030 30
8 1031 30
8 1032 30
8 1033 30
8 1034 30
8 1035 30
8 1036 30
8 1037 30
8 1038 30
8 1039 30
8 1040 30
8 1041 30
8 1042 30
8 1043 30
8 1044 30
8 1045 30
8 1046 30
8 1047 30
8 1048 30
8 1049 30
8 1050 30
8 1051 30
8 1052 30
8 1053 30
8 1054 30
8 1055 30
8 1056 30
8 1057 30
8 1058 30
8 1059 30
8 1060 30
8 1061 30
8 1062 30
8 1063 30
8 1064 30
8 1065 30
8 1066 30
8 1067 30
8 1068 30
8 1069 30
8 1070 30
8 1071 30
8 1072 30
8 1073 30
8 1074 30
8 1075 30
8 1076 30
8 1077 30
8 1078 30
8 1079 30
8 1080 30
8 1081 30
8 1082 30
8 1083 30
8 1084 30
8 1085 30
8 1086 30
8 1087 30
8 1088 30
8 1089 30
8 1090 30
8 1091 30
8 1092 30
8 1093 30
8 1094 30
8 1095 30
8 1096 30
8 1097 30
8 1098 30
8 1099 30
8 1100 30
8 1101 30
8 1102 30
8 1103 30
8 1104 30
8 1105 30
8 1106 30
8 1107 30
8 1108 30
8 1109 30
8 1110 30
8 1111 30
8 1112 30
8 1113 30
8 1114 30
8 1115 30
8 1116 30
8 1117 30
8 1118 30
8 1119 30
8 1120 30
8 1121 30
8 1122 30
8 1123 30
8 1124 30
9 1152 30
9 1153 30
9 1154 30
9 1155 30
9 1156 30
9 1157 30
9 1158 30
9 1159 30
9 1160 30
9 1161 30
9 1162 30
9 1163 30
9 1164 30
9 1165 30
9 1166 30
9 1167 30
9 1168 30
9 1169 30
9 1170 30
9 1171 30
9 1172 30
9 1173 30
9 1174 30
9 1175 30
9 1176 30
9 1177 30
9 1178 30
9 1179 30
9 1180 30
9 1181 30
9 1182 30
9 1183 30
9 1184 30
9 1185 30
9 1186 30
9 1187 30
9 1188 30
9 1189 30
9 1190 30
9 1191 30
9 1192 30
9 1193 30
9 1194 30
9 1195 30
9 1196 30
9 1197 30
9 1198 30
9 1199 30
9 1200 30
9 1201 30
9 1202 30
9 1203 30
9 1204 30
9 1205 30
9 1206 30
9 1207 30
9 1208 30
9 1209 30
9 1210 30
9 1211 30
9 1212 30
9 1213 30
9 1214 30
9 1215 30
9 1216 30
9 1217 30
9 1218 30
9 1219 30
9 1220 30
9 1221 30
9 1222 30
9 1223 30
9 1224 30
9 1225 30
9 1226 30
9 1227 30
9 1228 30
9 1229 30
9 1230 30
9 1231 30
9 1232 30
9 1233 30
9 1234 30
9 1235 30
9 1236 30
9 1237 30
9 1238 30
9 1239 30
9 1240 30
9 1241 30
9 1242 30
9 1243 30
9 1244 30
9 1245 30
9 1246 30
9 1247 30
9 1248 30
9 1249 30
9 1250 30
9 1251 30
9 1252 30
