block round
1152 10
1153 10
1154 10
1155 10
1156 10
1157 10
1158 10
1159 10
1160 10
1161 10
1162 10
1163 10
1164 10
1165 10
1166 10
1167 10
1168 10
1169 10
1170 10
1171 10
1172 10
1173 10
1174 10
1175 10
1176 10
1177 10
1178 10
1179 10
1180 10
1181 10
1182 10
1183 10
1184 10
1185 10
1186 10
1187 10
1188 10
1189 10
1190 10
1191 10
1192 10
1193 10
1194 10
1195 10
1196 10
1197 10
1198 10
1199 10
1200 10
1201 10
1202 10
1203 10
1204 10
1205 10
1206 10
1207 10
1208 10
1209 10
1210 10
1211 10
1212 10
1213 10
1214 10
1215 10
1216 10
1217 10
1218 10
1219 10
1220 10
1221 10
1222 10
1223 10
1224 10
1225 10
1226 10
1227 10
1228 10
1229 10
1230 10
1231 10
1232 10
1233 10
1234 10
1235 10
1236 10
1237 10
1238 10
1239 10
1240 10
1241 10
1242 10
1243 10
1244 10
1245 10
1246 10
1247 10
1248 10
1249 10
1250 10
1251 10
1252 10
