block round
5 100
1035 100
1045 100
1055 100
1065 100
1073 100
1083 100
1093 100
1103 100
1113 100
1123 100
1133 100
1143 100
1153 100
1162 100
1172 100
1535 100
95 100
96 100
97 100
98 100
99 100
100 100
101 100
102 100
103 100
104 100
105 100
106 100
107 100
108 100
109 100
110 100
351 100
352 100
353 100
354 100
355 100
356 100
357 100
358 100
359 100
360 100
361 100
362 100
363 100
364 100
365 100
366 100
367 100
368 100
369 100
370 100
371 100
372 100
373 100
374 100
375 100
376 100
377 100
378 100
379 100
380 100
381 100
382 100
2367 100
2368 100
2369 100
2370 100
2371 100
2372 100
2373 100
2374 100
2375 100
2376 100
2377 100
2378 100
2379 100
2380 100
2381 100
2382 100
2383 100
2384 100
2385 100
2386 100
2387 100
2388 100
2389 100
2390 100
2391 100
2392 100
2393 100
2394 100
2395 100
2396 100
2397 100
2398 100
2399 100
2400 100
2401 100
2402 100
2403 100
