block round
64 80
65 80
66 80
67 80
68 80
69 80
70 80
71 80
72 80
73 80
74 80
75 80
76 80
77 80
78 80
79 80
80 80
81 80
82 80
83 80
84 80
85 80
86 80
87 80
88 80
89 80
90 80
91 80
92 80
93 80
94 80
95 80
384 80
385 80
386 80
387 80
388 80
389 80
390 80
391 80
392 80
393 80
394 80
395 80
396 80
397 80
398 80
399 80
400 80
401 80
402 80
403 80
404 80
405 80
406 80
407 80
408 80
409 80
410 80
411 80
412 80
413 80
414 80
415 80
800 80
801 80
802 80
803 80
804 80
805 80
806 80
807 80
808 80
809 80
810 80
811 80
812 80
813 80
814 80
815 80
816 80
817 80
818 80
819 80
820 80
821 80
822 80
823 80
824 80
825 80
826 80
827 80
828 80
829 80
830 80
831 80
832 80
833 80
834 80
835 80
836 80
