block round
224 70
225 70
226 70
227 70
228 70
229 70
230 70
231 70
232 70
233 70
234 70
235 70
236 70
237 70
238 70
239 70
240 70
241 70
242 70
243 70
244 70
245 70
246 70
247 70
248 70
249 70
250 70
251 70
252 70
253 70
254 70
255 70
544 70
545 70
546 70
547 70
548 70
549 70
550 70
551 70
552 70
553 70
554 70
555 70
556 70
557 70
558 70
559 70
560 70
561 70
562 70
563 70
564 70
565 70
566 70
567 70
568 70
569 70
570 70
571 70
572 70
573 70
574 70
575 70
1120 70
1121 70
1122 70
1123 70
1124 70
1125 70
1126 70
1127 70
1128 70
1129 70
1130 70
1131 70
1132 70
1133 70
1134 70
1135 70
1136 70
1137 70
1138 70
1139 70
1140 70
1141 70
1142 70
1143 70
1144 70
1145 70
1146 70
1147 70
1148 70
1149 70
1150 70
1151 70
1152 70
1153 70
1154 70
1155 70
1156 70
