block round
0 100
15 100
16 100
17 100
18 100
19 100
20 100
21 100
22 100
23 100
24 100
25 100
26 100
27 100
28 100
29 100
30 100
511 100
512 100
1030 100
1040 100
1050 100
1060 100
1078 100
1088 100
1098 100
1108 100
1118 100
1128 100
1138 100
1148 100
1158 100
1167 100
191 100
192 100
193 100
194 100
195 100
196 100
197 100
198 100
199 100
200 100
201 100
202 100
203 100
204 100
205 100
206 100
207 100
208 100
209 100
210 100
211 100
212 100
213 100
214 100
215 100
216 100
217 100
218 100
219 100
220 100
221 100
222 100
2047 100
2048 100
2049 100
2050 100
2051 100
2052 100
2053 100
2054 100
2055 100
2056 100
2057 100
2058 100
2059 100
2060 100
2061 100
2062 100
2063 100
2064 100
2065 100
2066 100
2067 100
2068 100
2069 100
2070 100
2071 100
2072 100
2073 100
2074 100
2075 100
2076 100
2077 100
2078 100
2079 100
2080 100
2081 100
2082 100
2083 100
