file block round
0 0 70
0 1 70
0 2 70
0 3 70
0 4 70
0 5 70
0 6 70
0 7 70
0 8 70
0 9 70
0 10 70
0 11 70
0 12 70
0 13 70
0 14 70
0 15 70
0 16 70
0 17 70
0 18 70
0 19 70
0 20 70
0 21 70
0 22 70
0 23 70
0 24 70
0 25 70
0 26 70
0 27 70
0 28 70
0 29 70
0 30 70
0 31 70
0 320 70
0 321 70
0 322 70
0 323 70
0 324 70
0 325 70
0 326 70
0 327 70
0 328 70
0 329 70
0 330 70
0 331 70
0 332 70
0 333 70
0 334 70
0 335 70
0 336 70
0 337 70
0 338 70
0 339 70
0 340 70
0 341 70
0 342 70
0 343 70
0 344 70
0 345 70
0 346 70
0 347 70
0 348 70
0 349 70
0 350 70
0 351 70
0 672 70
0 673 70
0 674 70
0 675 70
0 676 70
0 677 70
0 678 70
0 679 70
0 680 70
0 681 70
0 682 70
0 683 70
0 684 70
0 685 70
0 686 70
0 687 70
0 688 70
0 689 70
0 690 70
0 691 70
0 692 70
0 693 70
0 694 70
0 695 70
0 696 70
0 697 70
0 698 70
0 699 70
0 700 70
0 701 70
0 702 70
0 703 70
0 704 70
0 705 70
0 706 70
0 707 70
0 708 70
1 32 70
1 33 70
1 34 70
1 35 70
1 36 70
1 37 70
1 38 70
1 39 70
1 40 70
1 41 70
1 42 70
1 43 70
1 44 70
1 45 70
1 46 70
1 47 70
1 48 70
1 49 70
1 50 70
1 51 70
1 52 70
1 53 70
1 54 70
1 55 70
1 56 70
1 57 70
1 58 70
1 59 70
1 60 70
1 61 70
1 62 70
1 63 70
1 352 70
1 353 70
1 354 70
1 355 70
1 356 70
1 357 70
1 358 70
1 359 70
1 360 70
1 361 70
1 362 70
1 363 70
1 364 70
1 365 70
1 366 70
1 367 70
1 368 70
1 369 70
1 370 70
1 371 70
1 372 70
1 373 70
1 374 70
1 375 70
1 376 70
1 377 70
1 378 70
1 379 70
1 380 70
1 381 70
1 382 70
1 383 70
1 736 70
1 737 70
1 738 70
1 739 70
1 740 70
1 741 70
1 742 70
1 743 70
1 744 70
1 745 70
1 746 70
1 747 70
1 748 70
1 749 70
1 750 70
1 751 70
1 752 70
1 753 70
1 754 70
1 755 70
1 756 70
1 757 70
1 758 70
1 759 70
1 760 70
1 761 70
1 762 70
1 763 70
1 764 70
1 765 70
1 766 70
1 767 70
1 768 70
1 769 70
1 770 70
1 771 70
1 772 70
2 64 70
2 65 70
2 66 70
2 67 70
2 68 70
2 69 70
2 70 70
2 71 70
2 72 70
2 73 70
2 74 70
2 75 70
2 76 70
2 77 70
2 78 70
2 79 70
2 80 70
2 81 70
2 82 70
2 83 70
2 84 70
2 85 70
2 86 70
2 87 70
2 88 70
2 89 70
2 90 70
2 91 70
2 92 70
2 93 70
2 94 70
2 95 70
2 384 70
2 385 70
2 386 70
2 387 70
2 388 70
2 389 70
2 390 70
2 391 70
2 392 70
2 393 70
2 394 70
2 395 70
2 396 70
2 397 70
2 398 70
2 399 70
2 400 70
2 401 70
2 402 70
2 403 70
2 404 70
2 405 70
2 406 70
2 407 70
2 408 70
2 409 70
2 410 70
2 411 70
2 412 70
2 413 70
2 414 70
2 415 70
2 800 70
2 801 70
2 802 70
2 803 70
2 804 70
2 805 70
2 806 70
2 807 70
2 808 70
2 809 70
2 810 70
2 811 70
2 812 70
2 813 70
2 814 70
2 815 70
2 816 70
2 817 70
2 818 70
2 819 70
2 820 70
2 821 70
2 822 70
2 823 70
2 824 70
2 825 70
2 826 70
2 827 70
2 828 70
2 829 70
2 830 70
2 831 70
2 832 70
2 833 70
2 834 70
2 835 70
2 836 70
3 96 70
3 97 70
3 98 70
3 99 70
3 100 70
3 101 70
3 102 70
3 103 70
3 104 70
3 105 70
3 106 70
3 107 70
3 108 70
3 109 70
3 110 70
3 111 70
3 112 70
3 113 70
3 114 70
3 115 70
3 116 70
3 117 70
3 118 70
3 119 70
3 120 70
3 121 70
3 122 70
3 123 70
3 124 70
3 125 70
3 126 70
3 127 70
3 416 70
3 417 70
3 418 70
3 419 70
3 420 70
3 421 70
3 422 70
3 423 70
3 424 70
3 425 70
3 426 70
3 427 70
3 428 70
3 429 70
3 430 70
3 431 70
3 432 70
3 433 70
3 434 70
3 435 70
3 436 70
3 437 70
3 438 70
3 439 70
3 440 70
3 441 70
3 442 70
3 443 70
3 444 70
3 445 70
3 446 70
3 447 70
3 864 70
3 865 70
3 866 70
3 867 70
3 868 70
3 869 70
3 870 70
3 871 70
3 872 70
3 873 70
3 874 70
3 875 70
3 876 70
3 877 70
3 878 70
3 879 70
3 880 70
3 881 70
3 882 70
3 883 70
3 884 70
3 885 70
3 886 70
3 887 70
3 888 70
3 889 70
3 890 70
3 891 70
3 892 70
3 893 70
3 894 70
3 895 70
3 896 70
3 897 70
3 898 70
3 899 70
3 900 70
4 128 70
4 129 70
4 130 70
4 131 70
4 132 70
4 133 70
4 134 70
4 135 70
4 136 70
4 137 70
4 138 70
4 139 70
4 140 70
4 141 70
4 142 70
4 143 70
4 144 70
4 145 70
4 146 70
4 147 70
4 148 70
4 149 70
4 150 70
4 151 70
4 152 70
4 153 70
4 154 70
4 155 70
4 156 70
4 157 70
4 158 70
4 159 70
4 448 70
4 449 70
4 450 70
4 451 70
4 452 70
4 453 70
4 454 70
4 455 70
4 456 70
4 457 70
4 458 70
4 459 70
4 460 70
4 461 70
4 462 70
4 463 70
4 464 70
4 465 70
4 466 70
4 467 70
4 468 70
4 469 70
4 470 70
4 471 70
4 472 70
4 473 70
4 474 70
4 475 70
4 476 70
4 477 70
4 478 70
4 479 70
4 928 70
4 929 70
4 930 70
4 931 70
4 932 70
4 933 70
4 934 70
4 935 70
4 936 70
4 937 70
4 938 70
4 939 70
4 940 70
4 941 70
4 942 70
4 943 70
4 944 70
4 945 70
4 946 70
4 947 70
4 948 70
4 949 70
4 950 70
4 951 70
4 952 70
4 953 70
4 954 70
4 955 70
4 956 70
4 957 70
4 958 70
4 959 70
4 960 70
4 961 70
4 962 70
4 963 70
4 964 70
5 160 70
5 161 70
5 162 70
5 163 70
5 164 70
5 165 70
5 166 70
5 167 70
5 168 70
5 169 70
5 170 70
5 171 70
5 172 70
5 173 70
5 174 70
5 175 70
5 176 70
5 177 70
5 178 70
5 179 70
5 180 70
5 181 70
5 182 70
5 183 70
5 184 70
5 185 70
5 186 70
5 187 70
5 188 70
5 189 70
5 190 70
5 191 70
5 480 70
5 481 70
5 482 70
5 483 70
5 484 70
5 485 70
5 486 70
5 487 70
5 488 70
5 489 70
5 490 70
5 491 70
5 492 70
5 493 70
5 494 70
5 495 70
5 496 70
5 497 70
5 498 70
5 499 70
5 500 70
5 501 70
5 502 70
5 503 70
5 504 70
5 505 70
5 506 70
5 507 70
5 508 70
5 509 70
5 510 70
5 511 70
5 992 70
5 993 70
5 994 70
5 995 70
5 996 70
5 997 70
5 998 70
5 999 70
5 1000 70
5 1001 70
5 1002 70
5 1003 70
5 1004 70
5 1005 70
5 1006 70
5 1007 70
5 1008 70
5 1009 70
5 1010 70
5 1011 70
5 1012 70
5 1013 70
5 1014 70
5 1015 70
5 1016 70
5 1017 70
5 1018 70
5 1019 70
5 1020 70
5 1021 70
5 1022 70
5 1023 70
5 1024 70
5 1025 70
5 1026 70
5 1027 70
5 1028 70
6 192 70
6 193 70
6 194 70
6 195 70
6 196 70
6 197 70
6 198 70
6 199 70
6 200 70
6 201 70
6 202 70
6 203 70
6 204 70
6 205 70
6 206 70
6 207 70
6 208 70
6 209 70
6 210 70
6 211 70
6 212 70
6 213 70
6 214 70
6 215 70
6 216 70
6 217 70
6 218 70
6 219 70
6 220 70
6 221 70
6 222 70
6 223 70
6 512 70
6 513 70
6 514 70
6 515 70
6 516 70
6 517 70
6 518 70
6 519 70
6 520 70
6 521 70
6 522 70
6 523 70
6 524 70
6 525 70
6 526 70
6 527 70
6 528 70
6 529 70
6 530 70
6 531 70
6 532 70
6 533 70
6 534 70
6 535 70
6 536 70
6 537 70
6 538 70
6 539 70
6 540 70
6 541 70
6 542 70
6 543 70
6 1056 70
6 1057 70
6 1058 70
6 1059 70
6 1060 70
6 1061 70
6 1062 70
6 1063 70
6 1064 70
6 1065 70
6 1066 70
6 1067 70
6 1068 70
6 1069 70
6 1070 70
6 1071 70
6 1072 70
6 1073 70
6 1074 70
6 1075 70
6 1076 70
6 1077 70
6 1078 70
6 1079 70
6 1080 70
6 1081 70
6 1082 70
6 1083 70
6 1084 70
6 1085 70
6 1086 70
6 1087 70
6 1088 70
6 1089 70
6 1090 70
6 1091 70
6 1092 70
7 224 70
7 225 70
7 226 70
7 227 70
7 228 70
7 229 70
7 230 70
7 231 70
7 232 70
7 233 70
7 234 70
7 235 70
7 236 70
7 237 70
7 238 70
7 239 70
7 240 70
7 241 70
7 242 70
7 243 70
7 244 70
7 245 70
7 246 70
7 247 70
7 248 70
7 249 70
7 250 70
7 251 70
7 252 70
7 253 70
7 254 70
7 255 70
7 544 70
7 545 70
7 546 70
7 547 70
7 548 70
7 549 70
7 550 70
7 551 70
7 552 70
7 553 70
7 554 70
7 555 70
7 556 70
7 557 70
7 558 70
7 559 70
7 560 70
7 561 70
7 562 70
7 563 70
7 564 70
7 565 70
7 566 70
7 567 70
7 568 70
7 569 70
7 570 70
7 571 70
7 572 70
7 573 70
7 574 70
7 575 70
7 1120 70
7 1121 70
7 1122 70
7 1123 70
7 1124 70
7 1125 70
7 1126 70
7 1127 70
7 1128 70
7 1129 70
7 1130 70
7 1131 70
7 1132 70
7 1133 70
7 1134 70
7 1135 70
7 1136 70
7 1137 70
7 1138 70
7 1139 70
7 1140 70
7 1141 70
7 1142 70
7 1143 70
7 1144 70
7 1145 70
7 1146 70
7 1147 70
7 1148 70
7 1149 70
7 1150 70
7 1151 70
7 1152 70
7 1153 70
7 1154 70
7 1155 70
7 1156 70
8 256 70
8 257 70
8 258 70
8 259 70
8 260 70
8 261 70
8 262 70
8 263 70
8 264 70
8 265 70
8 266 70
8 267 70
8 268 70
8 269 70
8 270 70
8 271 70
8 272 70
8 273 70
8 274 70
8 275 70
8 276 70
8 277 70
8 278 70
8 279 70
8 280 70
8 281 70
8 282 70
8 283 70
8 284 70
8 285 70
8 286 70
8 287 70
8 576 70
8 577 70
8 578 70
8 579 70
8 580 70
8 581 70
8 582 70
8 583 70
8 584 70
8 585 70
8 586 70
8 587 70
8 588 70
8 589 70
8 590 70
8 591 70
8 592 70
8 593 70
8 594 70
8 595 70
8 596 70
8 597 70
8 598 70
8 599 70
8 600 70
8 601 70
8 602 70
8 603 70
8 604 70
8 605 70
8 606 70
8 607 70
8 1184 70
8 1185 70
8 1186 70
8 1187 70
8 1188 70
8 1189 70
8 1190 70
8 1191 70
8 1192 70
8 1193 70
8 1194 70
8 1195 70
8 1196 70
8 1197 70
8 1198 70
8 1199 70
8 1200 70
8 1201 70
8 1202 70
8 1203 70
8 1204 70
8 1205 70
8 1206 70
8 1207 70
8 1208 70
8 1209 70
8 1210 70
8 1211 70
8 1212 70
8 1213 70
8 1214 70
8 1215 70
8 1216 70
8 1217 70
8 1218 70
8 1219 70
8 1220 70
9 288 70
9 289 70
9 290 70
9 291 70
9 292 70
9 293 70
9 294 70
9 295 70
9 296 70
9 297 70
9 298 70
9 299 70
9 300 70
9 301 70
9 302 70
9 303 70
9 304 70
9 305 70
9 306 70
9 307 70
9 308 70
9 309 70
9 310 70
9 311 70
9 312 70
9 313 70
9 314 70
9 315 70
9 316 70
9 317 70
9 318 70
9 319 70
9 608 70
9 609 70
9 610 70
9 611 70
9 612 70
9 613 70
9 614 70
9 615 70
9 616 70
9 617 70
9 618 70
9 619 70
9 620 70
9 621 70
9 622 70
9 623 70
9 624 70
9 625 70
9 626 70
9 627 70
9 628 70
9 629 70
9 630 70
9 631 70
9 632 70
9 633 70
9 634 70
9 635 70
9 636 70
9 637 70
9 638 70
9 639 70
9 1248 70
9 1249 70
9 1250 70
9 1251 70
9 1252 70
9 1253 70
9 1254 70
9 1255 70
9 1256 70
9 1257 70
9 1258 70
9 1259 70
9 1260 70
9 1261 70
9 1262 70
9 1263 70
9 1264 70
9 1265 70
9 1266 70
9 1267 70
9 1268 70
9 1269 70
9 1270 70
9 1271 70
9 1272 70
9 1273 70
9 1274 70
9 1275 70
9 1276 70
9 1277 70
9 1278 70
9 1279 70
9 1280 70
9 1281 70
9 1282 70
9 1283 70
9 1284 70
