block round
512 40
513 40
514 40
515 40
516 40
517 40
518 40
519 40
520 40
521 40
522 40
523 40
524 40
525 40
526 40
527 40
528 40
529 40
530 40
531 40
532 40
533 40
534 40
535 40
536 40
537 40
538 40
539 40
540 40
541 40
542 40
543 40
544 40
545 40
546 40
547 40
548 40
549 40
550 40
551 40
552 40
553 40
554 40
555 40
556 40
557 40
558 40
559 40
560 40
561 40
562 40
563 40
564 40
565 40
566 40
567 40
568 40
569 40
570 40
571 40
572 40
573 40
574 40
575 40
1152 40
1153 40
1154 40
1155 40
1156 40
1157 40
1158 40
1159 40
1160 40
1161 40
1162 40
1163 40
1164 40
1165 40
1166 40
1167 40
1168 40
1169 40
1170 40
1171 40
1172 40
1173 40
1174 40
1175 40
1176 40
1177 40
1178 40
1179 40
1180 40
1181 40
1182 40
1183 40
1184 40
1185 40
1186 40
1187 40
1188 40
