block round
576 50
577 50
578 50
579 50
580 50
581 50
582 50
583 50
584 50
585 50
586 50
587 50
588 50
589 50
590 50
591 50
592 50
593 50
594 50
595 50
596 50
597 50
598 50
599 50
600 50
601 50
602 50
603 50
604 50
605 50
606 50
607 50
608 50
609 50
610 50
611 50
612 50
613 50
614 50
615 50
616 50
617 50
618 50
619 50
620 50
621 50
622 50
623 50
624 50
625 50
626 50
627 50
628 50
629 50
630 50
631 50
632 50
633 50
634 50
635 50
636 50
637 50
638 50
639 50
1216 50
1217 50
1218 50
1219 50
1220 50
1221 50
1222 50
1223 50
1224 50
1225 50
1226 50
1227 50
1228 50
1229 50
1230 50
1231 50
1232 50
1233 50
1234 50
1235 50
1236 50
1237 50
1238 50
1239 50
1240 50
1241 50
1242 50
1243 50
1244 50
1245 50
1246 50
1247 50
1248 50
1249 50
1250 50
1251 50
1252 50
