block round
32 80
33 80
34 80
35 80
36 80
37 80
38 80
39 80
40 80
41 80
42 80
43 80
44 80
45 80
46 80
47 80
48 80
49 80
50 80
51 80
52 80
53 80
54 80
55 80
56 80
57 80
58 80
59 80
60 80
61 80
62 80
63 80
352 80
353 80
354 80
355 80
356 80
357 80
358 80
359 80
360 80
361 80
362 80
363 80
364 80
365 80
366 80
367 80
368 80
369 80
370 80
371 80
372 80
373 80
374 80
375 80
376 80
377 80
378 80
379 80
380 80
381 80
382 80
383 80
736 80
737 80
738 80
739 80
740 80
741 80
742 80
743 80
744 80
745 80
746 80
747 80
748 80
749 80
750 80
751 80
752 80
753 80
754 80
755 80
756 80
757 80
758 80
759 80
760 80
761 80
762 80
763 80
764 80
765 80
766 80
767 80
768 80
769 80
770 80
771 80
772 80
