block round
2 90
47 90
48 90
49 90
50 90
51 90
52 90
53 90
54 90
55 90
56 90
57 90
58 90
59 90
60 90
61 90
62 90
255 90
256 90
257 90
258 90
259 90
260 90
261 90
262 90
263 90
264 90
265 90
266 90
267 90
268 90
269 90
270 90
271 90
272 90
273 90
274 90
275 90
276 90
277 90
278 90
279 90
280 90
281 90
282 90
283 90
284 90
285 90
286 90
533 90
534 90
535 90
536 90
537 90
538 90
539 90
540 90
541 90
542 90
543 90
623 90
633 90
643 90
653 90
662 90
1663 90
1664 90
1665 90
1666 90
1667 90
1668 90
1669 90
1670 90
1671 90
1672 90
1673 90
1674 90
1675 90
1676 90
1677 90
1678 90
1679 90
1680 90
1681 90
1682 90
1683 90
1684 90
1685 90
1686 90
1687 90
1688 90
1689 90
1690 90
1691 90
1692 90
1693 90
1694 90
1695 90
1696 90
1697 90
1698 90
1699 90
