block round
1024 20
1025 20
1026 20
1027 20
1028 20
1029 20
1030 20
1031 20
1032 20
1033 20
1034 20
1035 20
1036 20
1037 20
1038 20
1039 20
1040 20
1041 20
1042 20
1043 20
1044 20
1045 20
1046 20
1047 20
1048 20
1049 20
1050 20
1051 20
1052 20
1053 20
1054 20
1055 20
1056 20
1057 20
1058 20
1059 20
1060 20
1061 20
1062 20
1063 20
1064 20
1065 20
1066 20
1067 20
1068 20
1069 20
1070 20
1071 20
1072 20
1073 20
1074 20
1075 20
1076 20
1077 20
1078 20
1079 20
1080 20
1081 20
1082 20
1083 20
1084 20
1085 20
1086 20
1087 20
1088 20
1089 20
1090 20
1091 20
1092 20
1093 20
1094 20
1095 20
1096 20
1097 20
1098 20
1099 20
1100 20
1101 20
1102 20
1103 20
1104 20
1105 20
1106 20
1107 20
1108 20
1109 20
1110 20
1111 20
1112 20
1113 20
1114 20
1115 20
1116 20
1117 20
1118 20
1119 20
1120 20
1121 20
1122 20
1123 20
1124 20
