block round
64 60
65 60
66 60
67 60
68 60
69 60
70 60
71 60
72 60
73 60
74 60
75 60
76 60
77 60
78 60
79 60
80 60
81 60
82 60
83 60
84 60
85 60
86 60
87 60
88 60
89 60
90 60
91 60
92 60
93 60
94 60
95 60
96 60
97 60
98 60
99 60
100 60
101 60
102 60
103 60
104 60
105 60
106 60
107 60
108 60
109 60
110 60
111 60
112 60
113 60
114 60
115 60
116 60
117 60
118 60
119 60
120 60
121 60
122 60
123 60
124 60
125 60
126 60
127 60
704 60
705 60
706 60
707 60
708 60
709 60
710 60
711 60
712 60
713 60
714 60
715 60
716 60
717 60
718 60
719 60
720 60
721 60
722 60
723 60
724 60
725 60
726 60
727 60
728 60
729 60
730 60
731 60
732 60
733 60
734 60
735 60
736 60
737 60
738 60
739 60
740 60
