block round
576 60
577 60
578 60
579 60
580 60
581 60
582 60
583 60
584 60
585 60
586 60
587 60
588 60
589 60
590 60
591 60
592 60
593 60
594 60
595 60
596 60
597 60
598 60
599 60
600 60
601 60
602 60
603 60
604 60
605 60
606 60
607 60
608 60
609 60
610 60
611 60
612 60
613 60
614 60
615 60
616 60
617 60
618 60
619 60
620 60
621 60
622 60
623 60
624 60
625 60
626 60
627 60
628 60
629 60
630 60
631 60
632 60
633 60
634 60
635 60
636 60
637 60
638 60
639 60
1216 60
1217 60
1218 60
1219 60
1220 60
1221 60
1222 60
1223 60
1224 60
1225 60
1226 60
1227 60
1228 60
1229 60
1230 60
1231 60
1232 60
1233 60
1234 60
1235 60
1236 60
1237 60
1238 60
1239 60
1240 60
1241 60
1242 60
1243 60
1244 60
1245 60
1246 60
1247 60
1248 60
1249 60
1250 60
1251 60
1252 60
