block round
160 70
161 70
162 70
163 70
164 70
165 70
166 70
167 70
168 70
169 70
170 70
171 70
172 70
173 70
174 70
175 70
176 70
177 70
178 70
179 70
180 70
181 70
182 70
183 70
184 70
185 70
186 70
187 70
188 70
189 70
190 70
191 70
480 70
481 70
482 70
483 70
484 70
485 70
486 70
487 70
488 70
489 70
490 70
491 70
492 70
493 70
494 70
495 70
496 70
497 70
498 70
499 70
500 70
501 70
502 70
503 70
504 70
505 70
506 70
507 70
508 70
509 70
510 70
511 70
992 70
993 70
994 70
995 70
996 70
997 70
998 70
999 70
1000 70
1001 70
1002 70
1003 70
1004 70
1005 70
1006 70
1007 70
1008 70
1009 70
1010 70
1011 70
1012 70
1013 70
1014 70
1015 70
1016 70
1017 70
1018 70
1019 70
1020 70
1021 70
1022 70
1023 70
1024 70
1025 70
1026 70
1027 70
1028 70
