block round
128 80
129 80
130 80
131 80
132 80
133 80
134 80
135 80
136 80
137 80
138 80
139 80
140 80
141 80
142 80
143 80
144 80
145 80
146 80
147 80
148 80
149 80
150 80
151 80
152 80
153 80
154 80
155 80
156 80
157 80
158 80
159 80
448 80
449 80
450 80
451 80
452 80
453 80
454 80
455 80
456 80
457 80
458 80
459 80
460 80
461 80
462 80
463 80
464 80
465 80
466 80
467 80
468 80
469 80
470 80
471 80
472 80
473 80
474 80
475 80
476 80
477 80
478 80
479 80
928 80
929 80
930 80
931 80
932 80
933 80
934 80
935 80
936 80
937 80
938 80
939 80
940 80
941 80
942 80
943 80
944 80
945 80
946 80
947 80
948 80
949 80
950 80
951 80
952 80
953 80
954 80
955 80
956 80
957 80
958 80
959 80
960 80
961 80
962 80
963 80
964 80
