block round
96 70
97 70
98 70
99 70
100 70
101 70
102 70
103 70
104 70
105 70
106 70
107 70
108 70
109 70
110 70
111 70
112 70
113 70
114 70
115 70
116 70
117 70
118 70
119 70
120 70
121 70
122 70
123 70
124 70
125 70
126 70
127 70
416 70
417 70
418 70
419 70
420 70
421 70
422 70
423 70
424 70
425 70
426 70
427 70
428 70
429 70
430 70
431 70
432 70
433 70
434 70
435 70
436 70
437 70
438 70
439 70
440 70
441 70
442 70
443 70
444 70
445 70
446 70
447 70
864 70
865 70
866 70
867 70
868 70
869 70
870 70
871 70
872 70
873 70
874 70
875 70
876 70
877 70
878 70
879 70
880 70
881 70
882 70
883 70
884 70
885 70
886 70
887 70
888 70
889 70
890 70
891 70
892 70
893 70
894 70
895 70
896 70
897 70
898 70
899 70
900 70
