block round
64 40
65 40
66 40
67 40
68 40
69 40
70 40
71 40
72 40
73 40
74 40
75 40
76 40
77 40
78 40
79 40
80 40
81 40
82 40
83 40
84 40
85 40
86 40
87 40
88 40
89 40
90 40
91 40
92 40
93 40
94 40
95 40
96 40
97 40
98 40
99 40
100 40
101 40
102 40
103 40
104 40
105 40
106 40
107 40
108 40
109 40
110 40
111 40
112 40
113 40
114 40
115 40
116 40
117 40
118 40
119 40
120 40
121 40
122 40
123 40
124 40
125 40
126 40
127 40
704 40
705 40
706 40
707 40
708 40
709 40
710 40
711 40
712 40
713 40
714 40
715 40
716 40
717 40
718 40
719 40
720 40
721 40
722 40
723 40
724 40
725 40
726 40
727 40
728 40
729 40
730 40
731 40
732 40
733 40
734 40
735 40
736 40
737 40
738 40
739 40
740 40
