block round
6 100
1027 100
1036 100
1046 100
1056 100
1066 100
1074 100
1084 100
1094 100
1104 100
1114 100
1124 100
1134 100
1144 100
1154 100
1163 100
1173 100
111 100
112 100
113 100
114 100
115 100
116 100
117 100
118 100
119 100
120 100
121 100
122 100
123 100
124 100
125 100
126 100
383 100
384 100
385 100
386 100
387 100
388 100
389 100
390 100
391 100
392 100
393 100
394 100
395 100
396 100
397 100
398 100
399 100
400 100
401 100
402 100
403 100
404 100
405 100
406 100
407 100
408 100
409 100
410 100
411 100
412 100
413 100
414 100
2431 100
2432 100
2433 100
2434 100
2435 100
2436 100
2437 100
2438 100
2439 100
2440 100
2441 100
2442 100
2443 100
2444 100
2445 100
2446 100
2447 100
2448 100
2449 100
2450 100
2451 100
2452 100
2453 100
2454 100
2455 100
2456 100
2457 100
2458 100
2459 100
2460 100
2461 100
2462 100
2463 100
2464 100
2465 100
2466 100
2467 100
