file block round
0 0 50
0 1 50
0 2 50
0 3 50
0 4 50
0 5 50
0 6 50
0 7 50
0 8 50
0 9 50
0 10 50
0 11 50
0 12 50
0 13 50
0 14 50
0 15 50
0 16 50
0 17 50
0 18 50
0 19 50
0 20 50
0 21 50
0 22 50
0 23 50
0 24 50
0 25 50
0 26 50
0 27 50
0 28 50
0 29 50
0 30 50
0 31 50
0 32 50
0 33 50
0 34 50
0 35 50
0 36 50
0 37 50
0 38 50
0 39 50
0 40 50
0 41 50
0 42 50
0 43 50
0 44 50
0 45 50
0 46 50
0 47 50
0 48 50
0 49 50
0 50 50
0 51 50
0 52 50
0 53 50
0 54 50
0 55 50
0 56 50
0 57 50
0 58 50
0 59 50
0 60 50
0 61 50
0 62 50
0 63 50
0 640 50
0 641 50
0 642 50
0 643 50
0 644 50
0 645 50
0 646 50
0 647 50
0 648 50
0 649 50
0 650 50
0 651 50
0 652 50
0 653 50
0 654 50
0 655 50
0 656 50
0 657 50
0 658 50
0 659 50
0 660 50
0 661 50
0 662 50
0 663 50
0 664 50
0 665 50
0 666 50
0 667 50
0 668 50
0 669 50
0 670 50
0 671 50
0 672 50
0 673 50
0 674 50
0 675 50
0 676 50
1 64 50
1 65 50
1 66 50
1 67 50
1 68 50
1 69 50
1 70 50
1 71 50
1 72 50
1 73 50
1 74 50
1 75 50
1 76 50
1 77 50
1 78 50
1 79 50
1 80 50
1 81 50
1 82 50
1 83 50
1 84 50
1 85 50
1 86 50
1 87 50
1 88 50
1 89 50
1 90 50
1 91 50
1 92 50
1 93 50
1 94 50
1 95 50
1 96 50
1 97 50
1 98 50
1 99 50
1 100 50
1 101 50
1 102 50
1 103 50
1 104 50
1 105 50
1 106 50
1 107 50
1 108 50
1 109 50
1 110 50
1 111 50
1 112 50
1 113 50
1 114 50
1 115 50
1 116 50
1 117 50
1 118 50
1 119 50
1 120 50
1 121 50
1 122 50
1 123 50
1 124 50
1 125 50
1 126 50
1 127 50
1 704 50
1 705 50
1 706 50
1 707 50
1 708 50
1 709 50
1 710 50
1 711 50
1 712 50
1 713 50
1 714 50
1 715 50
1 716 50
1 717 50
1 718 50
1 719 50
1 720 50
1 721 50
1 722 50
1 723 50
1 724 50
1 725 50
1 726 50
1 727 50
1 728 50
1 729 50
1 730 50
1 731 50
1 732 50
1 733 50
1 734 50
1 735 50
1 736 50
1 737 50
1 738 50
1 739 50
1 740 50
2 128 50
2 129 50
2 130 50
2 131 50
2 132 50
2 133 50
2 134 50
2 135 50
2 136 50
2 137 50
2 138 50
2 139 50
2 140 50
2 141 50
2 142 50
2 143 50
2 144 50
2 145 50
2 146 50
2 147 50
2 148 50
2 149 50
2 150 50
2 151 50
2 152 50
2 153 50
2 154 50
2 155 50
2 156 50
2 157 50
2 158 50
2 159 50
2 160 50
2 161 50
2 162 50
2 163 50
2 164 50
2 165 50
2 166 50
2 167 50
2 168 50
2 169 50
2 170 50
2 171 50
2 172 50
2 173 50
2 174 50
2 175 50
2 176 50
2 177 50
2 178 50
2 179 50
2 180 50
2 181 50
2 182 50
2 183 50
2 184 50
2 185 50
2 186 50
2 187 50
2 188 50
2 189 50
2 190 50
2 191 50
2 768 50
2 769 50
2 770 50
2 771 50
2 772 50
2 773 50
2 774 50
2 775 50
2 776 50
2 777 50
2 778 50
2 779 50
2 780 50
2 781 50
2 782 50
2 783 50
2 784 50
2 785 50
2 786 50
2 787 50
2 788 50
2 789 50
2 790 50
2 791 50
2 792 50
2 793 50
2 794 50
2 795 50
2 796 50
2 797 50
2 798 50
2 799 50
2 800 50
2 801 50
2 802 50
2 803 50
2 804 50
3 192 50
3 193 50
3 194 50
3 195 50
3 196 50
3 197 50
3 198 50
3 199 50
3 200 50
3 201 50
3 202 50
3 203 50
3 204 50
3 205 50
3 206 50
3 207 50
3 208 50
3 209 50
3 210 50
3 211 50
3 212 50
3 213 50
3 214 50
3 215 50
3 216 50
3 217 50
3 218 50
3 219 50
3 220 50
3 221 50
3 222 50
3 223 50
3 224 50
3 225 50
3 226 50
3 227 50
3 228 50
3 229 50
3 230 50
3 231 50
3 232 50
3 233 50
3 234 50
3 235 50
3 236 50
3 237 50
3 238 50
3 239 50
3 240 50
3 241 50
3 242 50
3 243 50
3 244 50
3 245 50
3 246 50
3 247 50
3 248 50
3 249 50
3 250 50
3 251 50
3 252 50
3 253 50
3 254 50
3 255 50
3 832 50
3 833 50
3 834 50
3 835 50
3 836 50
3 837 50
3 838 50
3 839 50
3 840 50
3 841 50
3 842 50
3 843 50
3 844 50
3 845 50
3 846 50
3 847 50
3 848 50
3 849 50
3 850 50
3 851 50
3 852 50
3 853 50
3 854 50
3 855 50
3 856 50
3 857 50
3 858 50
3 859 50
3 860 50
3 861 50
3 862 50
3 863 50
3 864 50
3 865 50
3 866 50
3 867 50
3 868 50
4 256 50
4 257 50
4 258 50
4 259 50
4 260 50
4 261 50
4 262 50
4 263 50
4 264 50
4 265 50
4 266 50
4 267 50
4 268 50
4 269 50
4 270 50
4 271 50
4 272 50
4 273 50
4 274 50
4 275 50
4 276 50
4 277 50
4 278 50
4 279 50
4 280 50
4 281 50
4 282 50
4 283 50
4 284 50
4 285 50
4 286 50
4 287 50
4 288 50
4 289 50
4 290 50
4 291 50
4 292 50
4 293 50
4 294 50
4 295 50
4 296 50
4 297 50
4 298 50
4 299 50
4 300 50
4 301 50
4 302 50
4 303 50
4 304 50
4 305 50
4 306 50
4 307 50
4 308 50
4 309 50
4 310 50
4 311 50
4 312 50
4 313 50
4 314 50
4 315 50
4 316 50
4 317 50
4 318 50
4 319 50
4 896 50
4 897 50
4 898 50
4 899 50
4 900 50
4 901 50
4 902 50
4 903 50
4 904 50
4 905 50
4 906 50
4 907 50
4 908 50
4 909 50
4 910 50
4 911 50
4 912 50
4 913 50
4 914 50
4 915 50
4 916 50
4 917 50
4 918 50
4 919 50
4 920 50
4 921 50
4 922 50
4 923 50
4 924 50
4 925 50
4 926 50
4 927 50
4 928 50
4 929 50
4 930 50
4 931 50
4 932 50
5 320 50
5 321 50
5 322 50
5 323 50
5 324 50
5 325 50
5 326 50
5 327 50
5 328 50
5 329 50
5 330 50
5 331 50
5 332 50
5 333 50
5 334 50
5 335 50
5 336 50
5 337 50
5 338 50
5 339 50
5 340 50
5 341 50
5 342 50
5 343 50
5 344 50
5 345 50
5 346 50
5 347 50
5 348 50
5 349 50
5 350 50
5 351 50
5 352 50
5 353 50
5 354 50
5 355 50
5 356 50
5 357 50
5 358 50
5 359 50
5 360 50
5 361 50
5 362 50
5 363 50
5 364 50
5 365 50
5 366 50
5 367 50
5 368 50
5 369 50
5 370 50
5 371 50
5 372 50
5 373 50
5 374 50
5 375 50
5 376 50
5 377 50
5 378 50
5 379 50
5 380 50
5 381 50
5 382 50
5 383 50
5 960 50
5 961 50
5 962 50
5 963 50
5 964 50
5 965 50
5 966 50
5 967 50
5 968 50
5 969 50
5 970 50
5 971 50
5 972 50
5 973 50
5 974 50
5 975 50
5 976 50
5 977 50
5 978 50
5 979 50
5 980 50
5 981 50
5 982 50
5 983 50
5 984 50
5 985 50
5 986 50
5 987 50
5 988 50
5 989 50
5 990 50
5 991 50
5 992 50
5 993 50
5 994 50
5 995 50
5 996 50
6 384 50
6 385 50
6 386 50
6 387 50
6 388 50
6 389 50
6 390 50
6 391 50
6 392 50
6 393 50
6 394 50
6 395 50
6 396 50
6 397 50
6 398 50
6 399 50
6 400 50
6 401 50
6 402 50
6 403 50
6 404 50
6 405 50
6 406 50
6 407 50
6 408 50
6 409 50
6 410 50
6 411 50
6 412 50
6 413 50
6 414 50
6 415 50
6 416 50
6 417 50
6 418 50
6 419 50
6 420 50
6 421 50
6 422 50
6 423 50
6 424 50
6 425 50
6 426 50
6 427 50
6 428 50
6 429 50
6 430 50
6 431 50
6 432 50
6 433 50
6 434 50
6 435 50
6 436 50
6 437 50
6 438 50
6 439 50
6 440 50
6 441 50
6 442 50
6 443 50
6 444 50
6 445 50
6 446 50
6 447 50
6 1024 50
6 1025 50
6 1026 50
6 1027 50
6 1028 50
6 1029 50
6 1030 50
6 1031 50
6 1032 50
6 1033 50
6 1034 50
6 1035 50
6 1036 50
6 1037 50
6 1038 50
6 1039 50
6 1040 50
6 1041 50
6 1042 50
6 1043 50
6 1044 50
6 1045 50
6 1046 50
6 1047 50
6 1048 50
6 1049 50
6 1050 50
6 1051 50
6 1052 50
6 1053 50
6 1054 50
6 1055 50
6 1056 50
6 1057 50
6 1058 50
6 1059 50
6 1060 50
7 448 50
7 449 50
7 450 50
7 451 50
7 452 50
7 453 50
7 454 50
7 455 50
7 456 50
7 457 50
7 458 50
7 459 50
7 460 50
7 461 50
7 462 50
7 463 50
7 464 50
7 465 50
7 466 50
7 467 50
7 468 50
7 469 50
7 470 50
7 471 50
7 472 50
7 473 50
7 474 50
7 475 50
7 476 50
7 477 50
7 478 50
7 479 50
7 480 50
7 481 50
7 482 50
7 483 50
7 484 50
7 485 50
7 486 50
7 487 50
7 488 50
7 489 50
7 490 50
7 491 50
7 492 50
7 493 50
7 494 50
7 495 50
7 496 50
7 497 50
7 498 50
7 499 50
7 500 50
7 501 50
7 502 50
7 503 50
7 504 50
7 505 50
7 506 50
7 507 50
7 508 50
7 509 50
7 510 50
7 511 50
7 1088 50
7 1089 50
7 1090 50
7 1091 50
7 1092 50
7 1093 50
7 1094 50
7 1095 50
7 1096 50
7 1097 50
7 1098 50
7 1099 50
7 1100 50
7 1101 50
7 1102 50
7 1103 50
7 1104 50
7 1105 50
7 1106 50
7 1107 50
7 1108 50
7 1109 50
7 1110 50
7 1111 50
7 1112 50
7 1113 50
7 1114 50
7 1115 50
7 1116 50
7 1117 50
7 1118 50
7 1119 50
7 1120 50
7 1121 50
7 1122 50
7 1123 50
7 1124 50
8 512 50
8 513 50
8 514 50
8 515 50
8 516 50
8 517 50
8 518 50
8 519 50
8 520 50
8 521 50
8 522 50
8 523 50
8 524 50
8 525 50
8 526 50
8 527 50
8 528 50
8 529 50
8 530 50
8 531 50
8 532 50
8 533 50
8 534 50
8 535 50
8 536 50
8 537 50
8 538 50
8 539 50
8 540 50
8 541 50
8 542 50
8 543 50
8 544 50
8 545 50
8 546 50
8 547 50
8 548 50
8 549 50
8 550 50
8 551 50
8 552 50
8 553 50
8 554 50
8 555 50
8 556 50
8 557 50
8 558 50
8 559 50
8 560 50
8 561 50
8 562 50
8 563 50
8 564 50
8 565 50
8 566 50
8 567 50
8 568 50
8 569 50
8 570 50
8 571 50
8 572 50
8 573 50
8 574 50
8 575 50
8 1152 50
8 1153 50
8 1154 50
8 1155 50
8 1156 50
8 1157 50
8 1158 50
8 1159 50
8 1160 50
8 1161 50
8 1162 50
8 1163 50
8 1164 50
8 1165 50
8 1166 50
8 1167 50
8 1168 50
8 1169 50
8 1170 50
8 1171 50
8 1172 50
8 1173 50
8 1174 50
8 1175 50
8 1176 50
8 1177 50
8 1178 50
8 1179 50
8 1180 50
8 1181 50
8 1182 50
8 1183 50
8 1184 50
8 1185 50
8 1186 50
8 1187 50
8 1188 50
9 576 50
9 577 50
9 578 50
9 579 50
9 580 50
9 581 50
9 582 50
9 583 50
9 584 50
9 585 50
9 586 50
9 587 50
9 588 50
9 589 50
9 590 50
9 591 50
9 592 50
9 593 50
9 594 50
9 595 50
9 596 50
9 597 50
9 598 50
9 599 50
9 600 50
9 601 50
9 602 50
9 603 50
9 604 50
9 605 50
9 606 50
9 607 50
9 608 50
9 609 50
9 610 50
9 611 50
9 612 50
9 613 50
9 614 50
9 615 50
9 616 50
9 617 50
9 618 50
9 619 50
9 620 50
9 621 50
9 622 50
9 623 50
9 624 50
9 625 50
9 626 50
9 627 50
9 628 50
9 629 50
9 630 50
9 631 50
9 632 50
9 633 50
9 634 50
9 635 50
9 636 50
9 637 50
9 638 50
9 639 50
9 1216 50
9 1217 50
9 1218 50
9 1219 50
9 1220 50
9 1221 50
9 1222 50
9 1223 50
9 1224 50
9 1225 50
9 1226 50
9 1227 50
9 1228 50
9 1229 50
9 1230 50
9 1231 50
9 1232 50
9 1233 50
9 1234 50
9 1235 50
9 1236 50
9 1237 50
9 1238 50
9 1239 50
9 1240 50
9 1241 50
9 1242 50
9 1243 50
9 1244 50
9 1245 50
9 1246 50
9 1247 50
9 1248 50
9 1249 50
9 1250 50
9 1251 50
9 1252 50
