block round
896 30
897 30
898 30
899 30
900 30
901 30
902 30
903 30
904 30
905 30
906 30
907 30
908 30
909 30
910 30
911 30
912 30
913 30
914 30
915 30
916 30
917 30
918 30
919 30
920 30
921 30
922 30
923 30
924 30
925 30
926 30
927 30
928 30
929 30
930 30
931 30
932 30
933 30
934 30
935 30
936 30
937 30
938 30
939 30
940 30
941 30
942 30
943 30
944 30
945 30
946 30
947 30
948 30
949 30
950 30
951 30
952 30
953 30
954 30
955 30
956 30
957 30
958 30
959 30
960 30
961 30
962 30
963 30
964 30
965 30
966 30
967 30
968 30
969 30
970 30
971 30
972 30
973 30
974 30
975 30
976 30
977 30
978 30
979 30
980 30
981 30
982 30
983 30
984 30
985 30
986 30
987 30
988 30
989 30
990 30
991 30
992 30
993 30
994 30
995 30
996 30
