block round
224 80
225 80
226 80
227 80
228 80
229 80
230 80
231 80
232 80
233 80
234 80
235 80
236 80
237 80
238 80
239 80
240 80
241 80
242 80
243 80
244 80
245 80
246 80
247 80
248 80
249 80
250 80
251 80
252 80
253 80
254 80
255 80
544 80
545 80
546 80
547 80
548 80
549 80
550 80
551 80
552 80
553 80
554 80
555 80
556 80
557 80
558 80
559 80
560 80
561 80
562 80
563 80
564 80
565 80
566 80
567 80
568 80
569 80
570 80
571 80
572 80
573 80
574 80
575 80
1120 80
1121 80
1122 80
1123 80
1124 80
1125 80
1126 80
1127 80
1128 80
1129 80
1130 80
1131 80
1132 80
1133 80
1134 80
1135 80
1136 80
1137 80
1138 80
1139 80
1140 80
1141 80
1142 80
1143 80
1144 80
1145 80
1146 80
1147 80
1148 80
1149 80
1150 80
1151 80
1152 80
1153 80
1154 80
1155 80
1156 80
