block round
1152 30
1153 30
1154 30
1155 30
1156 30
1157 30
1158 30
1159 30
1160 30
1161 30
1162 30
1163 30
1164 30
1165 30
1166 30
1167 30
1168 30
1169 30
1170 30
1171 30
1172 30
1173 30
1174 30
1175 30
1176 30
1177 30
1178 30
1179 30
1180 30
1181 30
1182 30
1183 30
1184 30
1185 30
1186 30
1187 30
1188 30
1189 30
1190 30
1191 30
1192 30
1193 30
1194 30
1195 30
1196 30
1197 30
1198 30
1199 30
1200 30
1201 30
1202 30
1203 30
1204 30
1205 30
1206 30
1207 30
1208 30
1209 30
1210 30
1211 30
1212 30
1213 30
1214 30
1215 30
1216 30
1217 30
1218 30
1219 30
1220 30
1221 30
1222 30
1223 30
1224 30
1225 30
1226 30
1227 30
1228 30
1229 30
1230 30
1231 30
1232 30
1233 30
1234 30
1235 30
1236 30
1237 30
1238 30
1239 30
1240 30
1241 30
1242 30
1243 30
1244 30
1245 30
1246 30
1247 30
1248 30
1249 30
1250 30
1251 30
1252 30
