block round
512 20
513 20
514 20
515 20
516 20
517 20
518 20
519 20
520 20
521 20
522 20
523 20
524 20
525 20
526 20
527 20
528 20
529 20
530 20
531 20
532 20
533 20
534 20
535 20
536 20
537 20
538 20
539 20
540 20
541 20
542 20
543 20
544 20
545 20
546 20
547 20
548 20
549 20
550 20
551 20
552 20
553 20
554 20
555 20
556 20
557 20
558 20
559 20
560 20
561 20
562 20
563 20
564 20
565 20
566 20
567 20
568 20
569 20
570 20
571 20
572 20
573 20
574 20
575 20
576 20
577 20
578 20
579 20
580 20
581 20
582 20
583 20
584 20
585 20
586 20
587 20
588 20
589 20
590 20
591 20
592 20
593 20
594 20
595 20
596 20
597 20
598 20
599 20
600 20
601 20
602 20
603 20
604 20
605 20
606 20
607 20
608 20
609 20
610 20
611 20
612 20
