block round
8 100
1028 100
1038 100
1048 100
1058 100
1068 100
1076 100
1086 100
1096 100
1106 100
1116 100
1126 100
1136 100
1146 100
1156 100
1165 100
1175 100
143 100
144 100
145 100
146 100
147 100
148 100
149 100
150 100
151 100
152 100
153 100
154 100
155 100
156 100
157 100
158 100
447 100
448 100
449 100
450 100
451 100
452 100
453 100
454 100
455 100
456 100
457 100
458 100
459 100
460 100
461 100
462 100
463 100
464 100
465 100
466 100
467 100
468 100
469 100
470 100
471 100
472 100
473 100
474 100
475 100
476 100
477 100
478 100
2559 100
2560 100
2561 100
2562 100
2563 100
2564 100
2565 100
2566 100
2567 100
2568 100
2569 100
2570 100
2571 100
2572 100
2573 100
2574 100
2575 100
2576 100
2577 100
2578 100
2579 100
2580 100
2581 100
2582 100
2583 100
2584 100
2585 100
2586 100
2587 100
2588 100
2589 100
2590 100
2591 100
2592 100
2593 100
2594 100
2595 100
