block round
128 40
129 40
130 40
131 40
132 40
133 40
134 40
135 40
136 40
137 40
138 40
139 40
140 40
141 40
142 40
143 40
144 40
145 40
146 40
147 40
148 40
149 40
150 40
151 40
152 40
153 40
154 40
155 40
156 40
157 40
158 40
159 40
160 40
161 40
162 40
163 40
164 40
165 40
166 40
167 40
168 40
169 40
170 40
171 40
172 40
173 40
174 40
175 40
176 40
177 40
178 40
179 40
180 40
181 40
182 40
183 40
184 40
185 40
186 40
187 40
188 40
189 40
190 40
191 40
768 40
769 40
770 40
771 40
772 40
773 40
774 40
775 40
776 40
777 40
778 40
779 40
780 40
781 40
782 40
783 40
784 40
785 40
786 40
787 40
788 40
789 40
790 40
791 40
792 40
793 40
794 40
795 40
796 40
797 40
798 40
799 40
800 40
801 40
802 40
803 40
804 40
