block round
2 100
1024 100
1032 100
1042 100
1052 100
1062 100
1070 100
1080 100
1090 100
1100 100
1110 100
1120 100
1130 100
1140 100
1150 100
1169 100
1538 100
47 100
48 100
49 100
50 100
51 100
52 100
53 100
54 100
55 100
56 100
57 100
58 100
59 100
60 100
61 100
62 100
255 100
256 100
257 100
258 100
259 100
260 100
261 100
262 100
263 100
264 100
265 100
266 100
267 100
268 100
269 100
270 100
271 100
272 100
273 100
274 100
275 100
276 100
277 100
278 100
279 100
280 100
281 100
282 100
283 100
284 100
285 100
286 100
2175 100
2176 100
2177 100
2178 100
2179 100
2180 100
2181 100
2182 100
2183 100
2184 100
2185 100
2186 100
2187 100
2188 100
2189 100
2190 100
2191 100
2192 100
2193 100
2194 100
2195 100
2196 100
2197 100
2198 100
2199 100
2200 100
2201 100
2202 100
2203 100
2204 100
2205 100
2206 100
2207 100
2208 100
2209 100
2210 100
2211 100
