block round
1 90
31 90
32 90
33 90
34 90
35 90
36 90
37 90
38 90
39 90
40 90
41 90
42 90
43 90
44 90
45 90
46 90
223 90
224 90
225 90
226 90
227 90
228 90
229 90
230 90
231 90
232 90
233 90
234 90
235 90
236 90
237 90
238 90
239 90
240 90
241 90
242 90
243 90
244 90
245 90
246 90
247 90
248 90
249 90
250 90
251 90
252 90
253 90
254 90
522 90
523 90
524 90
525 90
526 90
527 90
528 90
529 90
530 90
531 90
532 90
622 90
632 90
642 90
652 90
661 90
1599 90
1600 90
1601 90
1602 90
1603 90
1604 90
1605 90
1606 90
1607 90
1608 90
1609 90
1610 90
1611 90
1612 90
1613 90
1614 90
1615 90
1616 90
1617 90
1618 90
1619 90
1620 90
1621 90
1622 90
1623 90
1624 90
1625 90
1626 90
1627 90
1628 90
1629 90
1630 90
1631 90
1632 90
1633 90
1634 90
1635 90
