block round
384 60
385 60
386 60
387 60
388 60
389 60
390 60
391 60
392 60
393 60
394 60
395 60
396 60
397 60
398 60
399 60
400 60
401 60
402 60
403 60
404 60
405 60
406 60
407 60
408 60
409 60
410 60
411 60
412 60
413 60
414 60
415 60
416 60
417 60
418 60
419 60
420 60
421 60
422 60
423 60
424 60
425 60
426 60
427 60
428 60
429 60
430 60
431 60
432 60
433 60
434 60
435 60
436 60
437 60
438 60
439 60
440 60
441 60
442 60
443 60
444 60
445 60
446 60
447 60
1024 60
1025 60
1026 60
1027 60
1028 60
1029 60
1030 60
1031 60
1032 60
1033 60
1034 60
1035 60
1036 60
1037 60
1038 60
1039 60
1040 60
1041 60
1042 60
1043 60
1044 60
1045 60
1046 60
1047 60
1048 60
1049 60
1050 60
1051 60
1052 60
1053 60
1054 60
1055 60
1056 60
1057 60
1058 60
1059 60
1060 60
