block round
32 70
33 70
34 70
35 70
36 70
37 70
38 70
39 70
40 70
41 70
42 70
43 70
44 70
45 70
46 70
47 70
48 70
49 70
50 70
51 70
52 70
53 70
54 70
55 70
56 70
57 70
58 70
59 70
60 70
61 70
62 70
63 70
352 70
353 70
354 70
355 70
356 70
357 70
358 70
359 70
360 70
361 70
362 70
363 70
364 70
365 70
366 70
367 70
368 70
369 70
370 70
371 70
372 70
373 70
374 70
375 70
376 70
377 70
378 70
379 70
380 70
381 70
382 70
383 70
736 70
737 70
738 70
739 70
740 70
741 70
742 70
743 70
744 70
745 70
746 70
747 70
748 70
749 70
750 70
751 70
752 70
753 70
754 70
755 70
756 70
757 70
758 70
759 70
760 70
761 70
762 70
763 70
764 70
765 70
766 70
767 70
768 70
769 70
770 70
771 70
772 70
