block round
320 50
321 50
322 50
323 50
324 50
325 50
326 50
327 50
328 50
329 50
330 50
331 50
332 50
333 50
334 50
335 50
336 50
337 50
338 50
339 50
340 50
341 50
342 50
343 50
344 50
345 50
346 50
347 50
348 50
349 50
350 50
351 50
352 50
353 50
354 50
355 50
356 50
357 50
358 50
359 50
360 50
361 50
362 50
363 50
364 50
365 50
366 50
367 50
368 50
369 50
370 50
371 50
372 50
373 50
374 50
375 50
376 50
377 50
378 50
379 50
380 50
381 50
382 50
383 50
960 50
961 50
962 50
963 50
964 50
965 50
966 50
967 50
968 50
969 50
970 50
971 50
972 50
973 50
974 50
975 50
976 50
977 50
978 50
979 50
980 50
981 50
982 50
983 50
984 50
985 50
986 50
987 50
988 50
989 50
990 50
991 50
992 50
993 50
994 50
995 50
996 50
