block round
320 40
321 40
322 40
323 40
324 40
325 40
326 40
327 40
328 40
329 40
330 40
331 40
332 40
333 40
334 40
335 40
336 40
337 40
338 40
339 40
340 40
341 40
342 40
343 40
344 40
345 40
346 40
347 40
348 40
349 40
350 40
351 40
352 40
353 40
354 40
355 40
356 40
357 40
358 40
359 40
360 40
361 40
362 40
363 40
364 40
365 40
366 40
367 40
368 40
369 40
370 40
371 40
372 40
373 40
374 40
375 40
376 40
377 40
378 40
379 40
380 40
381 40
382 40
383 40
960 40
961 40
962 40
963 40
964 40
965 40
966 40
967 40
968 40
969 40
970 40
971 40
972 40
973 40
974 40
975 40
976 40
977 40
978 40
979 40
980 40
981 40
982 40
983 40
984 40
985 40
986 40
987 40
988 40
989 40
990 40
991 40
992 40
993 40
994 40
995 40
996 40
