block round
96 80
97 80
98 80
99 80
100 80
101 80
102 80
103 80
104 80
105 80
106 80
107 80
108 80
109 80
110 80
111 80
112 80
113 80
114 80
115 80
116 80
117 80
118 80
119 80
120 80
121 80
122 80
123 80
124 80
125 80
126 80
127 80
416 80
417 80
418 80
419 80
420 80
421 80
422 80
423 80
424 80
425 80
426 80
427 80
428 80
429 80
430 80
431 80
432 80
433 80
434 80
435 80
436 80
437 80
438 80
439 80
440 80
441 80
442 80
443 80
444 80
445 80
446 80
447 80
864 80
865 80
866 80
867 80
868 80
869 80
870 80
871 80
872 80
873 80
874 80
875 80
876 80
877 80
878 80
879 80
880 80
881 80
882 80
883 80
884 80
885 80
886 80
887 80
888 80
889 80
890 80
891 80
892 80
893 80
894 80
895 80
896 80
897 80
898 80
899 80
900 80
