file block round
0 0 60
0 1 60
0 2 60
0 3 60
0 4 60
0 5 60
0 6 60
0 7 60
0 8 60
0 9 60
0 10 60
0 11 60
0 12 60
0 13 60
0 14 60
0 15 60
0 16 60
0 17 60
0 18 60
0 19 60
0 20 60
0 21 60
0 22 60
0 23 60
0 24 60
0 25 60
0 26 60
0 27 60
0 28 60
0 29 60
0 30 60
0 31 60
0 32 60
0 33 60
0 34 60
0 35 60
0 36 60
0 37 60
0 38 60
0 39 60
0 40 60
0 41 60
0 42 60
0 43 60
0 44 60
0 45 60
0 46 60
0 47 60
0 48 60
0 49 60
0 50 60
0 51 60
0 52 60
0 53 60
0 54 60
0 55 60
0 56 60
0 57 60
0 58 60
0 59 60
0 60 60
0 61 60
0 62 60
0 63 60
0 640 60
0 641 60
0 642 60
0 643 60
0 644 60
0 645 60
0 646 60
0 647 60
0 648 60
0 649 60
0 650 60
0 651 60
0 652 60
0 653 60
0 654 60
0 655 60
0 656 60
0 657 60
0 658 60
0 659 60
0 660 60
0 661 60
0 662 60
0 663 60
0 664 60
0 665 60
0 666 60
0 667 60
0 668 60
0 669 60
0 670 60
0 671 60
0 672 60
0 673 60
0 674 60
0 675 60
0 676 60
1 64 60
1 65 60
1 66 60
1 67 60
1 68 60
1 69 60
1 70 60
1 71 60
1 72 60
1 73 60
1 74 60
1 75 60
1 76 60
1 77 60
1 78 60
1 79 60
1 80 60
1 81 60
1 82 60
1 83 60
1 84 60
1 85 60
1 86 60
1 87 60
1 88 60
1 89 60
1 90 60
1 91 60
1 92 60
1 93 60
1 94 60
1 95 60
1 96 60
1 97 60
1 98 60
1 99 60
1 100 60
1 101 60
1 102 60
1 103 60
1 104 60
1 105 60
1 106 60
1 107 60
1 108 60
1 109 60
1 110 60
1 111 60
1 112 60
1 113 60
1 114 60
1 115 60
1 116 60
1 117 60
1 118 60
1 119 60
1 120 60
1 121 60
1 122 60
1 123 60
1 124 60
1 125 60
1 126 60
1 127 60
1 704 60
1 705 60
1 706 60
1 707 60
1 708 60
1 709 60
1 710 60
1 711 60
1 712 60
1 713 60
1 714 60
1 715 60
1 716 60
1 717 60
1 718 60
1 719 60
1 720 60
1 721 60
1 722 60
1 723 60
1 724 60
1 725 60
1 726 60
1 727 60
1 728 60
1 729 60
1 730 60
1 731 60
1 732 60
1 733 60
1 734 60
1 735 60
1 736 60
1 737 60
1 738 60
1 739 60
1 740 60
2 128 60
2 129 60
2 130 60
2 131 60
2 132 60
2 133 60
2 134 60
2 135 60
2 136 60
2 137 60
2 138 60
2 139 60
2 140 60
2 141 60
2 142 60
2 143 60
2 144 60
2 145 60
2 146 60
2 147 60
2 148 60
2 149 60
2 150 60
2 151 60
2 152 60
2 153 60
2 154 60
2 155 60
2 156 60
2 157 60
2 158 60
2 159 60
2 160 60
2 161 60
2 162 60
2 163 60
2 164 60
2 165 60
2 166 60
2 167 60
2 168 60
2 169 60
2 170 60
2 171 60
2 172 60
2 173 60
2 174 60
2 175 60
2 176 60
2 177 60
2 178 60
2 179 60
2 180 60
2 181 60
2 182 60
2 183 60
2 184 60
2 185 60
2 186 60
2 187 60
2 188 60
2 189 60
2 190 60
2 191 60
2 768 60
2 769 60
2 770 60
2 771 60
2 772 60
2 773 60
2 774 60
2 775 60
2 776 60
2 777 60
2 778 60
2 779 60
2 780 60
2 781 60
2 782 60
2 783 60
2 784 60
2 785 60
2 786 60
2 787 60
2 788 60
2 789 60
2 790 60
2 791 60
2 792 60
2 793 60
2 794 60
2 795 60
2 796 60
2 797 60
2 798 60
2 799 60
2 800 60
2 801 60
2 802 60
2 803 60
2 804 60
3 192 60
3 193 60
3 194 60
3 195 60
3 196 60
3 197 60
3 198 60
3 199 60
3 200 60
3 201 60
3 202 60
3 203 60
3 204 60
3 205 60
3 206 60
3 207 60
3 208 60
3 209 60
3 210 60
3 211 60
3 212 60
3 213 60
3 214 60
3 215 60
3 216 60
3 217 60
3 218 60
3 219 60
3 220 60
3 221 60
3 222 60
3 223 60
3 224 60
3 225 60
3 226 60
3 227 60
3 228 60
3 229 60
3 230 60
3 231 60
3 232 60
3 233 60
3 234 60
3 235 60
3 236 60
3 237 60
3 238 60
3 239 60
3 240 60
3 241 60
3 242 60
3 243 60
3 244 60
3 245 60
3 246 60
3 247 60
3 248 60
3 249 60
3 250 60
3 251 60
3 252 60
3 253 60
3 254 60
3 255 60
3 832 60
3 833 60
3 834 60
3 835 60
3 836 60
3 837 60
3 838 60
3 839 60
3 840 60
3 841 60
3 842 60
3 843 60
3 844 60
3 845 60
3 846 60
3 847 60
3 848 60
3 849 60
3 850 60
3 851 60
3 852 60
3 853 60
3 854 60
3 855 60
3 856 60
3 857 60
3 858 60
3 859 60
3 860 60
3 861 60
3 862 60
3 863 60
3 864 60
3 865 60
3 866 60
3 867 60
3 868 60
4 256 60
4 257 60
4 258 60
4 259 60
4 260 60
4 261 60
4 262 60
4 263 60
4 264 60
4 265 60
4 266 60
4 267 60
4 268 60
4 269 60
4 270 60
4 271 60
4 272 60
4 273 60
4 274 60
4 275 60
4 276 60
4 277 60
4 278 60
4 279 60
4 280 60
4 281 60
4 282 60
4 283 60
4 284 60
4 285 60
4 286 60
4 287 60
4 288 60
4 289 60
4 290 60
4 291 60
4 292 60
4 293 60
4 294 60
4 295 60
4 296 60
4 297 60
4 298 60
4 299 60
4 300 60
4 301 60
4 302 60
4 303 60
4 304 60
4 305 60
4 306 60
4 307 60
4 308 60
4 309 60
4 310 60
4 311 60
4 312 60
4 313 60
4 314 60
4 315 60
4 316 60
4 317 60
4 318 60
4 319 60
4 896 60
4 897 60
4 898 60
4 899 60
4 900 60
4 901 60
4 902 60
4 903 60
4 904 60
4 905 60
4 906 60
4 907 60
4 908 60
4 909 60
4 910 60
4 911 60
4 912 60
4 913 60
4 914 60
4 915 60
4 916 60
4 917 60
4 918 60
4 919 60
4 920 60
4 921 60
4 922 60
4 923 60
4 924 60
4 925 60
4 926 60
4 927 60
4 928 60
4 929 60
4 930 60
4 931 60
4 932 60
5 320 60
5 321 60
5 322 60
5 323 60
5 324 60
5 325 60
5 326 60
5 327 60
5 328 60
5 329 60
5 330 60
5 331 60
5 332 60
5 333 60
5 334 60
5 335 60
5 336 60
5 337 60
5 338 60
5 339 60
5 340 60
5 341 60
5 342 60
5 343 60
5 344 60
5 345 60
5 346 60
5 347 60
5 348 60
5 349 60
5 350 60
5 351 60
5 352 60
5 353 60
5 354 60
5 355 60
5 356 60
5 357 60
5 358 60
5 359 60
5 360 60
5 361 60
5 362 60
5 363 60
5 364 60
5 365 60
5 366 60
5 367 60
5 368 60
5 369 60
5 370 60
5 371 60
5 372 60
5 373 60
5 374 60
5 375 60
5 376 60
5 377 60
5 378 60
5 379 60
5 380 60
5 381 60
5 382 60
5 383 60
5 960 60
5 961 60
5 962 60
5 963 60
5 964 60
5 965 60
5 966 60
5 967 60
5 968 60
5 969 60
5 970 60
5 971 60
5 972 60
5 973 60
5 974 60
5 975 60
5 976 60
5 977 60
5 978 60
5 979 60
5 980 60
5 981 60
5 982 60
5 983 60
5 984 60
5 985 60
5 986 60
5 987 60
5 988 60
5 989 60
5 990 60
5 991 60
5 992 60
5 993 60
5 994 60
5 995 60
5 996 60
6 384 60
6 385 60
6 386 60
6 387 60
6 388 60
6 389 60
6 390 60
6 391 60
6 392 60
6 393 60
6 394 60
6 395 60
6 396 60
6 397 60
6 398 60
6 399 60
6 400 60
6 401 60
6 402 60
6 403 60
6 404 60
6 405 60
6 406 60
6 407 60
6 408 60
6 409 60
6 410 60
6 411 60
6 412 60
6 413 60
6 414 60
6 415 60
6 416 60
6 417 60
6 418 60
6 419 60
6 420 60
6 421 60
6 422 60
6 423 60
6 424 60
6 425 60
6 426 60
6 427 60
6 428 60
6 429 60
6 430 60
6 431 60
6 432 60
6 433 60
6 434 60
6 435 60
6 436 60
6 437 60
6 438 60
6 439 60
6 440 60
6 441 60
6 442 60
6 443 60
6 444 60
6 445 60
6 446 60
6 447 60
6 1024 60
6 1025 60
6 1026 60
6 1027 60
6 1028 60
6 1029 60
6 1030 60
6 1031 60
6 1032 60
6 1033 60
6 1034 60
6 1035 60
6 1036 60
6 1037 60
6 1038 60
6 1039 60
6 1040 60
6 1041 60
6 1042 60
6 1043 60
6 1044 60
6 1045 60
6 1046 60
6 1047 60
6 1048 60
6 1049 60
6 1050 60
6 1051 60
6 1052 60
6 1053 60
6 1054 60
6 1055 60
6 1056 60
6 1057 60
6 1058 60
6 1059 60
6 1060 60
7 448 60
7 449 60
7 450 60
7 451 60
7 452 60
7 453 60
7 454 60
7 455 60
7 456 60
7 457 60
7 458 60
7 459 60
7 460 60
7 461 60
7 462 60
7 463 60
7 464 60
7 465 60
7 466 60
7 467 60
7 468 60
7 469 60
7 470 60
7 471 60
7 472 60
7 473 60
7 474 60
7 475 60
7 476 60
7 477 60
7 478 60
7 479 60
7 480 60
7 481 60
7 482 60
7 483 60
7 484 60
7 485 60
7 486 60
7 487 60
7 488 60
7 489 60
7 490 60
7 491 60
7 492 60
7 493 60
7 494 60
7 495 60
7 496 60
7 497 60
7 498 60
7 499 60
7 500 60
7 501 60
7 502 60
7 503 60
7 504 60
7 505 60
7 506 60
7 507 60
7 508 60
7 509 60
7 510 60
7 511 60
7 1088 60
7 1089 60
7 1090 60
7 1091 60
7 1092 60
7 1093 60
7 1094 60
7 1095 60
7 1096 60
7 1097 60
7 1098 60
7 1099 60
7 1100 60
7 1101 60
7 1102 60
7 1103 60
7 1104 60
7 1105 60
7 1106 60
7 1107 60
7 1108 60
7 1109 60
7 1110 60
7 1111 60
7 1112 60
7 1113 60
7 1114 60
7 1115 60
7 1116 60
7 1117 60
7 1118 60
7 1119 60
7 1120 60
7 1121 60
7 1122 60
7 1123 60
7 1124 60
8 512 60
8 513 60
8 514 60
8 515 60
8 516 60
8 517 60
8 518 60
8 519 60
8 520 60
8 521 60
8 522 60
8 523 60
8 524 60
8 525 60
8 526 60
8 527 60
8 528 60
8 529 60
8 530 60
8 531 60
8 532 60
8 533 60
8 534 60
8 535 60
8 536 60
8 537 60
8 538 60
8 539 60
8 540 60
8 541 60
8 542 60
8 543 60
8 544 60
8 545 60
8 546 60
8 547 60
8 548 60
8 549 60
8 550 60
8 551 60
8 552 60
8 553 60
8 554 60
8 555 60
8 556 60
8 557 60
8 558 60
8 559 60
8 560 60
8 561 60
8 562 60
8 563 60
8 564 60
8 565 60
8 566 60
8 567 60
8 568 60
8 569 60
8 570 60
8 571 60
8 572 60
8 573 60
8 574 60
8 575 60
8 1152 60
8 1153 60
8 1154 60
8 1155 60
8 1156 60
8 1157 60
8 1158 60
8 1159 60
8 1160 60
8 1161 60
8 1162 60
8 1163 60
8 1164 60
8 1165 60
8 1166 60
8 1167 60
8 1168 60
8 1169 60
8 1170 60
8 1171 60
8 1172 60
8 1173 60
8 1174 60
8 1175 60
8 1176 60
8 1177 60
8 1178 60
8 1179 60
8 1180 60
8 1181 60
8 1182 60
8 1183 60
8 1184 60
8 1185 60
8 1186 60
8 1187 60
8 1188 60
9 576 60
9 577 60
9 578 60
9 579 60
9 580 60
9 581 60
9 582 60
9 583 60
9 584 60
9 585 60
9 586 60
9 587 60
9 588 60
9 589 60
9 590 60
9 591 60
9 592 60
9 593 60
9 594 60
9 595 60
9 596 60
9 597 60
9 598 60
9 599 60
9 600 60
9 601 60
9 602 60
9 603 60
9 604 60
9 605 60
9 606 60
9 607 60
9 608 60
9 609 60
9 610 60
9 611 60
9 612 60
9 613 60
9 614 60
9 615 60
9 616 60
9 617 60
9 618 60
9 619 60
9 620 60
9 621 60
9 622 60
9 623 60
9 624 60
9 625 60
9 626 60
9 627 60
9 628 60
9 629 60
9 630 60
9 631 60
9 632 60
9 633 60
9 634 60
9 635 60
9 636 60
9 637 60
9 638 60
9 639 60
9 1216 60
9 1217 60
9 1218 60
9 1219 60
9 1220 60
9 1221 60
9 1222 60
9 1223 60
9 1224 60
9 1225 60
9 1226 60
9 1227 60
9 1228 60
9 1229 60
9 1230 60
9 1231 60
9 1232 60
9 1233 60
9 1234 60
9 1235 60
9 1236 60
9 1237 60
9 1238 60
9 1239 60
9 1240 60
9 1241 60
9 1242 60
9 1243 60
9 1244 60
9 1245 60
9 1246 60
9 1247 60
9 1248 60
9 1249 60
9 1250 60
9 1251 60
9 1252 60
