file block round
0 0 0
0 1 0
0 2 0
0 3 0
0 4 0
0 5 0
0 6 0
0 7 0
0 8 0
0 9 0
0 10 0
0 11 0
0 12 0
0 13 0
0 14 0
0 15 0
0 16 0
0 17 0
0 18 0
0 19 0
0 20 0
0 21 0
0 22 0
0 23 0
0 24 0
0 25 0
0 26 0
0 27 0
0 28 0
0 29 0
0 30 0
0 31 0
0 32 0
0 33 0
0 34 0
0 35 0
0 36 0
0 37 0
0 38 0
0 39 0
0 40 0
0 41 0
0 42 0
0 43 0
0 44 0
0 45 0
0 46 0
0 47 0
0 48 0
0 49 0
0 50 0
0 51 0
0 52 0
0 53 0
0 54 0
0 55 0
0 56 0
0 57 0
0 58 0
0 59 0
0 60 0
0 61 0
0 62 0
0 63 0
0 64 0
0 65 0
0 66 0
0 67 0
0 68 0
0 69 0
0 70 0
0 71 0
0 72 0
0 73 0
0 74 0
0 75 0
0 76 0
0 77 0
0 78 0
0 79 0
0 80 0
0 81 0
0 82 0
0 83 0
0 84 0
0 85 0
0 86 0
0 87 0
0 88 0
0 89 0
0 90 0
0 91 0
0 92 0
0 93 0
0 94 0
0 95 0
0 96 0
0 97 0
0 98 0
0 99 0
0 100 0
1 128 0
1 129 0
1 130 0
1 131 0
1 132 0
1 133 0
1 134 0
1 135 0
1 136 0
1 137 0
1 138 0
1 139 0
1 140 0
1 141 0
1 142 0
1 143 0
1 144 0
1 145 0
1 146 0
1 147 0
1 148 0
1 149 0
1 150 0
1 151 0
1 152 0
1 153 0
1 154 0
1 155 0
1 156 0
1 157 0
1 158 0
1 159 0
1 160 0
1 161 0
1 162 0
1 163 0
1 164 0
1 165 0
1 166 0
1 167 0
1 168 0
1 169 0
1 170 0
1 171 0
1 172 0
1 173 0
1 174 0
1 175 0
1 176 0
1 177 0
1 178 0
1 179 0
1 180 0
1 181 0
1 182 0
1 183 0
1 184 0
1 185 0
1 186 0
1 187 0
1 188 0
1 189 0
1 190 0
1 191 0
1 192 0
1 193 0
1 194 0
1 195 0
1 196 0
1 197 0
1 198 0
1 199 0
1 200 0
1 201 0
1 202 0
1 203 0
1 204 0
1 205 0
1 206 0
1 207 0
1 208 0
1 209 0
1 210 0
1 211 0
1 212 0
1 213 0
1 214 0
1 215 0
1 216 0
1 217 0
1 218 0
1 219 0
1 220 0
1 221 0
1 222 0
1 223 0
1 224 0
1 225 0
1 226 0
1 227 0
1 228 0
2 256 0
2 257 0
2 258 0
2 259 0
2 260 0
2 261 0
2 262 0
2 263 0
2 264 0
2 265 0
2 266 0
2 267 0
2 268 0
2 269 0
2 270 0
2 271 0
2 272 0
2 273 0
2 274 0
2 275 0
2 276 0
2 277 0
2 278 0
2 279 0
2 280 0
2 281 0
2 282 0
2 283 0
2 284 0
2 285 0
2 286 0
2 287 0
2 288 0
2 289 0
2 290 0
2 291 0
2 292 0
2 293 0
2 294 0
2 295 0
2 296 0
2 297 0
2 298 0
2 299 0
2 300 0
2 301 0
2 302 0
2 303 0
2 304 0
2 305 0
2 306 0
2 307 0
2 308 0
2 309 0
2 310 0
2 311 0
2 312 0
2 313 0
2 314 0
2 315 0
2 316 0
2 317 0
2 318 0
2 319 0
2 320 0
2 321 0
2 322 0
2 323 0
2 324 0
2 325 0
2 326 0
2 327 0
2 328 0
2 329 0
2 330 0
2 331 0
2 332 0
2 333 0
2 334 0
2 335 0
2 336 0
2 337 0
2 338 0
2 339 0
2 340 0
2 341 0
2 342 0
2 343 0
2 344 0
2 345 0
2 346 0
2 347 0
2 348 0
2 349 0
2 350 0
2 351 0
2 352 0
2 353 0
2 354 0
2 355 0
2 356 0
3 384 0
3 385 0
3 386 0
3 387 0
3 388 0
3 389 0
3 390 0
3 391 0
3 392 0
3 393 0
3 394 0
3 395 0
3 396 0
3 397 0
3 398 0
3 399 0
3 400 0
3 401 0
3 402 0
3 403 0
3 404 0
3 405 0
3 406 0
3 407 0
3 408 0
3 409 0
3 410 0
3 411 0
3 412 0
3 413 0
3 414 0
3 415 0
3 416 0
3 417 0
3 418 0
3 419 0
3 420 0
3 421 0
3 422 0
3 423 0
3 424 0
3 425 0
3 426 0
3 427 0
3 428 0
3 429 0
3 430 0
3 431 0
3 432 0
3 433 0
3 434 0
3 435 0
3 436 0
3 437 0
3 438 0
3 439 0
3 440 0
3 441 0
3 442 0
3 443 0
3 444 0
3 445 0
3 446 0
3 447 0
3 448 0
3 449 0
3 450 0
3 451 0
3 452 0
3 453 0
3 454 0
3 455 0
3 456 0
3 457 0
3 458 0
3 459 0
3 460 0
3 461 0
3 462 0
3 463 0
3 464 0
3 465 0
3 466 0
3 467 0
3 468 0
3 469 0
3 470 0
3 471 0
3 472 0
3 473 0
3 474 0
3 475 0
3 476 0
3 477 0
3 478 0
3 479 0
3 480 0
3 481 0
3 482 0
3 483 0
3 484 0
4 512 0
4 513 0
4 514 0
4 515 0
4 516 0
4 517 0
4 518 0
4 519 0
4 520 0
4 521 0
4 522 0
4 523 0
4 524 0
4 525 0
4 526 0
4 527 0
4 528 0
4 529 0
4 530 0
4 531 0
4 532 0
4 533 0
4 534 0
4 535 0
4 536 0
4 537 0
4 538 0
4 539 0
4 540 0
4 541 0
4 542 0
4 543 0
4 544 0
4 545 0
4 546 0
4 547 0
4 548 0
4 549 0
4 550 0
4 551 0
4 552 0
4 553 0
4 554 0
4 555 0
4 556 0
4 557 0
4 558 0
4 559 0
4 560 0
4 561 0
4 562 0
4 563 0
4 564 0
4 565 0
4 566 0
4 567 0
4 568 0
4 569 0
4 570 0
4 571 0
4 572 0
4 573 0
4 574 0
4 575 0
4 576 0
4 577 0
4 578 0
4 579 0
4 580 0
4 581 0
4 582 0
4 583 0
4 584 0
4 585 0
4 586 0
4 587 0
4 588 0
4 589 0
4 590 0
4 591 0
4 592 0
4 593 0
4 594 0
4 595 0
4 596 0
4 597 0
4 598 0
4 599 0
4 600 0
4 601 0
4 602 0
4 603 0
4 604 0
4 605 0
4 606 0
4 607 0
4 608 0
4 609 0
4 610 0
4 611 0
4 612 0
5 640 0
5 641 0
5 642 0
5 643 0
5 644 0
5 645 0
5 646 0
5 647 0
5 648 0
5 649 0
5 650 0
5 651 0
5 652 0
5 653 0
5 654 0
5 655 0
5 656 0
5 657 0
5 658 0
5 659 0
5 660 0
5 661 0
5 662 0
5 663 0
5 664 0
5 665 0
5 666 0
5 667 0
5 668 0
5 669 0
5 670 0
5 671 0
5 672 0
5 673 0
5 674 0
5 675 0
5 676 0
5 677 0
5 678 0
5 679 0
5 680 0
5 681 0
5 682 0
5 683 0
5 684 0
5 685 0
5 686 0
5 687 0
5 688 0
5 689 0
5 690 0
5 691 0
5 692 0
5 693 0
5 694 0
5 695 0
5 696 0
5 697 0
5 698 0
5 699 0
5 700 0
5 701 0
5 702 0
5 703 0
5 704 0
5 705 0
5 706 0
5 707 0
5 708 0
5 709 0
5 710 0
5 711 0
5 712 0
5 713 0
5 714 0
5 715 0
5 716 0
5 717 0
5 718 0
5 719 0
5 720 0
5 721 0
5 722 0
5 723 0
5 724 0
5 725 0
5 726 0
5 727 0
5 728 0
5 729 0
5 730 0
5 731 0
5 732 0
5 733 0
5 734 0
5 735 0
5 736 0
5 737 0
5 738 0
5 739 0
5 740 0
6 768 0
6 769 0
6 770 0
6 771 0
6 772 0
6 773 0
6 774 0
6 775 0
6 776 0
6 777 0
6 778 0
6 779 0
6 780 0
6 781 0
6 782 0
6 783 0
6 784 0
6 785 0
6 786 0
6 787 0
6 788 0
6 789 0
6 790 0
6 791 0
6 792 0
6 793 0
6 794 0
6 795 0
6 796 0
6 797 0
6 798 0
6 799 0
6 800 0
6 801 0
6 802 0
6 803 0
6 804 0
6 805 0
6 806 0
6 807 0
6 808 0
6 809 0
6 810 0
6 811 0
6 812 0
6 813 0
6 814 0
6 815 0
6 816 0
6 817 0
6 818 0
6 819 0
6 820 0
6 821 0
6 822 0
6 823 0
6 824 0
6 825 0
6 826 0
6 827 0
6 828 0
6 829 0
6 830 0
6 831 0
6 832 0
6 833 0
6 834 0
6 835 0
6 836 0
6 837 0
6 838 0
6 839 0
6 840 0
6 841 0
6 842 0
6 843 0
6 844 0
6 845 0
6 846 0
6 847 0
6 848 0
6 849 0
6 850 0
6 851 0
6 852 0
6 853 0
6 854 0
6 855 0
6 856 0
6 857 0
6 858 0
6 859 0
6 860 0
6 861 0
6 862 0
6 863 0
6 864 0
6 865 0
6 866 0
6 867 0
6 868 0
7 896 0
7 897 0
7 898 0
7 899 0
7 900 0
7 901 0
7 902 0
7 903 0
7 904 0
7 905 0
7 906 0
7 907 0
7 908 0
7 909 0
7 910 0
7 911 0
7 912 0
7 913 0
7 914 0
7 915 0
7 916 0
7 917 0
7 918 0
7 919 0
7 920 0
7 921 0
7 922 0
7 923 0
7 924 0
7 925 0
7 926 0
7 927 0
7 928 0
7 929 0
7 930 0
7 931 0
7 932 0
7 933 0
7 934 0
7 935 0
7 936 0
7 937 0
7 938 0
7 939 0
7 940 0
7 941 0
7 942 0
7 943 0
7 944 0
7 945 0
7 946 0
7 947 0
7 948 0
7 949 0
7 950 0
7 951 0
7 952 0
7 953 0
7 954 0
7 955 0
7 956 0
7 957 0
7 958 0
7 959 0
7 960 0
7 961 0
7 962 0
7 963 0
7 964 0
7 965 0
7 966 0
7 967 0
7 968 0
7 969 0
7 970 0
7 971 0
7 972 0
7 973 0
7 974 0
7 975 0
7 976 0
7 977 0
7 978 0
7 979 0
7 980 0
7 981 0
7 982 0
7 983 0
7 984 0
7 985 0
7 986 0
7 987 0
7 988 0
7 989 0
7 990 0
7 991 0
7 992 0
7 993 0
7 994 0
7 995 0
7 996 0
8 1024 0
8 1025 0
8 1026 0
8 1027 0
8 1028 0
8 1029 0
8 1030 0
8 1031 0
8 1032 0
8 1033 0
8 1034 0
8 1035 0
8 1036 0
8 1037 0
8 1038 0
8 1039 0
8 1040 0
8 1041 0
8 1042 0
8 1043 0
8 1044 0
8 1045 0
8 1046 0
8 1047 0
8 1048 0
8 1049 0
8 1050 0
8 1051 0
8 1052 0
8 1053 0
8 1054 0
8 1055 0
8 1056 0
8 1057 0
8 1058 0
8 1059 0
8 1060 0
8 1061 0
8 1062 0
8 1063 0
8 1064 0
8 1065 0
8 1066 0
8 1067 0
8 1068 0
8 1069 0
8 1070 0
8 1071 0
8 1072 0
8 1073 0
8 1074 0
8 1075 0
8 1076 0
8 1077 0
8 1078 0
8 1079 0
8 1080 0
8 1081 0
8 1082 0
8 1083 0
8 1084 0
8 1085 0
8 1086 0
8 1087 0
8 1088 0
8 1089 0
8 1090 0
8 1091 0
8 1092 0
8 1093 0
8 1094 0
8 1095 0
8 1096 0
8 1097 0
8 1098 0
8 1099 0
8 1100 0
8 1101 0
8 1102 0
8 1103 0
8 1104 0
8 1105 0
8 1106 0
8 1107 0
8 1108 0
8 1109 0
8 1110 0
8 1111 0
8 1112 0
8 1113 0
8 1114 0
8 1115 0
8 1116 0
8 1117 0
8 1118 0
8 1119 0
8 1120 0
8 1121 0
8 1122 0
8 1123 0
8 1124 0
9 1152 0
9 1153 0
9 1154 0
9 1155 0
9 1156 0
9 1157 0
9 1158 0
9 1159 0
9 1160 0
9 1161 0
9 1162 0
9 1163 0
9 1164 0
9 1165 0
9 1166 0
9 1167 0
9 1168 0
9 1169 0
9 1170 0
9 1171 0
9 1172 0
9 1173 0
9 1174 0
9 1175 0
9 1176 0
9 1177 0
9 1178 0
9 1179 0
9 1180 0
9 1181 0
9 1182 0
9 1183 0
9 1184 0
9 1185 0
9 1186 0
9 1187 0
9 1188 0
9 1189 0
9 1190 0
9 1191 0
9 1192 0
9 1193 0
9 1194 0
9 1195 0
9 1196 0
9 1197 0
9 1198 0
9 1199 0
9 1200 0
9 1201 0
9 1202 0
9 1203 0
9 1204 0
9 1205 0
9 1206 0
9 1207 0
9 1208 0
9 1209 0
9 1210 0
9 1211 0
9 1212 0
9 1213 0
9 1214 0
9 1215 0
9 1216 0
9 1217 0
9 1218 0
9 1219 0
9 1220 0
9 1221 0
9 1222 0
9 1223 0
9 1224 0
9 1225 0
9 1226 0
9 1227 0
9 1228 0
9 1229 0
9 1230 0
9 1231 0
9 1232 0
9 1233 0
9 1234 0
9 1235 0
9 1236 0
9 1237 0
9 1238 0
9 1239 0
9 1240 0
9 1241 0
9 1242 0
9 1243 0
9 1244 0
9 1245 0
9 1246 0
9 1247 0
9 1248 0
9 1249 0
9 1250 0
9 1251 0
9 1252 0
