block round
256 70
257 70
258 70
259 70
260 70
261 70
262 70
263 70
264 70
265 70
266 70
267 70
268 70
269 70
270 70
271 70
272 70
273 70
274 70
275 70
276 70
277 70
278 70
279 70
280 70
281 70
282 70
283 70
284 70
285 70
286 70
287 70
576 70
577 70
578 70
579 70
580 70
581 70
582 70
583 70
584 70
585 70
586 70
587 70
588 70
589 70
590 70
591 70
592 70
593 70
594 70
595 70
596 70
597 70
598 70
599 70
600 70
601 70
602 70
603 70
604 70
605 70
606 70
607 70
1184 70
1185 70
1186 70
1187 70
1188 70
1189 70
1190 70
1191 70
1192 70
1193 70
1194 70
1195 70
1196 70
1197 70
1198 70
1199 70
1200 70
1201 70
1202 70
1203 70
1204 70
1205 70
1206 70
1207 70
1208 70
1209 70
1210 70
1211 70
1212 70
1213 70
1214 70
1215 70
1216 70
1217 70
1218 70
1219 70
1220 70
