block round
768 20
769 20
770 20
771 20
772 20
773 20
774 20
775 20
776 20
777 20
778 20
779 20
780 20
781 20
782 20
783 20
784 20
785 20
786 20
787 20
788 20
789 20
790 20
791 20
792 20
793 20
794 20
795 20
796 20
797 20
798 20
799 20
800 20
801 20
802 20
803 20
804 20
805 20
806 20
807 20
808 20
809 20
810 20
811 20
812 20
813 20
814 20
815 20
816 20
817 20
818 20
819 20
820 20
821 20
822 20
823 20
824 20
825 20
826 20
827 20
828 20
829 20
830 20
831 20
832 20
833 20
834 20
835 20
836 20
837 20
838 20
839 20
840 20
841 20
842 20
843 20
844 20
845 20
846 20
847 20
848 20
849 20
850 20
851 20
852 20
853 20
854 20
855 20
856 20
857 20
858 20
859 20
860 20
861 20
862 20
863 20
864 20
865 20
866 20
867 20
868 20
