block round
512 50
513 50
514 50
515 50
516 50
517 50
518 50
519 50
520 50
521 50
522 50
523 50
524 50
525 50
526 50
527 50
528 50
529 50
530 50
531 50
532 50
533 50
534 50
535 50
536 50
537 50
538 50
539 50
540 50
541 50
542 50
543 50
544 50
545 50
546 50
547 50
548 50
549 50
550 50
551 50
552 50
553 50
554 50
555 50
556 50
557 50
558 50
559 50
560 50
561 50
562 50
563 50
564 50
565 50
566 50
567 50
568 50
569 50
570 50
571 50
572 50
573 50
574 50
575 50
1152 50
1153 50
1154 50
1155 50
1156 50
1157 50
1158 50
1159 50
1160 50
1161 50
1162 50
1163 50
1164 50
1165 50
1166 50
1167 50
1168 50
1169 50
1170 50
1171 50
1172 50
1173 50
1174 50
1175 50
1176 50
1177 50
1178 50
1179 50
1180 50
1181 50
1182 50
1183 50
1184 50
1185 50
1186 50
1187 50
1188 50
