block round
192 60
193 60
194 60
195 60
196 60
197 60
198 60
199 60
200 60
201 60
202 60
203 60
204 60
205 60
206 60
207 60
208 60
209 60
210 60
211 60
212 60
213 60
214 60
215 60
216 60
217 60
218 60
219 60
220 60
221 60
222 60
223 60
224 60
225 60
226 60
227 60
228 60
229 60
230 60
231 60
232 60
233 60
234 60
235 60
236 60
237 60
238 60
239 60
240 60
241 60
242 60
243 60
244 60
245 60
246 60
247 60
248 60
249 60
250 60
251 60
252 60
253 60
254 60
255 60
832 60
833 60
834 60
835 60
836 60
837 60
838 60
839 60
840 60
841 60
842 60
843 60
844 60
845 60
846 60
847 60
848 60
849 60
850 60
851 60
852 60
853 60
854 60
855 60
856 60
857 60
858 60
859 60
860 60
861 60
862 60
863 60
864 60
865 60
866 60
867 60
868 60
