block round
192 70
193 70
194 70
195 70
196 70
197 70
198 70
199 70
200 70
201 70
202 70
203 70
204 70
205 70
206 70
207 70
208 70
209 70
210 70
211 70
212 70
213 70
214 70
215 70
216 70
217 70
218 70
219 70
220 70
221 70
222 70
223 70
512 70
513 70
514 70
515 70
516 70
517 70
518 70
519 70
520 70
521 70
522 70
523 70
524 70
525 70
526 70
527 70
528 70
529 70
530 70
531 70
532 70
533 70
534 70
535 70
536 70
537 70
538 70
539 70
540 70
541 70
542 70
543 70
1056 70
1057 70
1058 70
1059 70
1060 70
1061 70
1062 70
1063 70
1064 70
1065 70
1066 70
1067 70
1068 70
1069 70
1070 70
1071 70
1072 70
1073 70
1074 70
1075 70
1076 70
1077 70
1078 70
1079 70
1080 70
1081 70
1082 70
1083 70
1084 70
1085 70
1086 70
1087 70
1088 70
1089 70
1090 70
1091 70
1092 70
