block round
64 50
65 50
66 50
67 50
68 50
69 50
70 50
71 50
72 50
73 50
74 50
75 50
76 50
77 50
78 50
79 50
80 50
81 50
82 50
83 50
84 50
85 50
86 50
87 50
88 50
89 50
90 50
91 50
92 50
93 50
94 50
95 50
96 50
97 50
98 50
99 50
100 50
101 50
102 50
103 50
104 50
105 50
106 50
107 50
108 50
109 50
110 50
111 50
112 50
113 50
114 50
115 50
116 50
117 50
118 50
119 50
120 50
121 50
122 50
123 50
124 50
125 50
126 50
127 50
704 50
705 50
706 50
707 50
708 50
709 50
710 50
711 50
712 50
713 50
714 50
715 50
716 50
717 50
718 50
719 50
720 50
721 50
722 50
723 50
724 50
725 50
726 50
727 50
728 50
729 50
730 50
731 50
732 50
733 50
734 50
735 50
736 50
737 50
738 50
739 50
740 50
