block round
7 90
127 90
128 90
129 90
130 90
131 90
132 90
133 90
134 90
135 90
136 90
137 90
138 90
139 90
140 90
141 90
142 90
415 90
416 90
417 90
418 90
419 90
420 90
421 90
422 90
423 90
424 90
425 90
426 90
427 90
428 90
429 90
430 90
431 90
432 90
433 90
434 90
435 90
436 90
437 90
438 90
439 90
440 90
441 90
442 90
443 90
444 90
445 90
446 90
588 90
589 90
590 90
591 90
592 90
593 90
594 90
595 90
596 90
597 90
598 90
628 90
638 90
648 90
658 90
667 90
1983 90
1984 90
1985 90
1986 90
1987 90
1988 90
1989 90
1990 90
1991 90
1992 90
1993 90
1994 90
1995 90
1996 90
1997 90
1998 90
1999 90
2000 90
2001 90
2002 90
2003 90
2004 90
2005 90
2006 90
2007 90
2008 90
2009 90
2010 90
2011 90
2012 90
2013 90
2014 90
2015 90
2016 90
2017 90
2018 90
2019 90
