block round
256 60
257 60
258 60
259 60
260 60
261 60
262 60
263 60
264 60
265 60
266 60
267 60
268 60
269 60
270 60
271 60
272 60
273 60
274 60
275 60
276 60
277 60
278 60
279 60
280 60
281 60
282 60
283 60
284 60
285 60
286 60
287 60
288 60
289 60
290 60
291 60
292 60
293 60
294 60
295 60
296 60
297 60
298 60
299 60
300 60
301 60
302 60
303 60
304 60
305 60
306 60
307 60
308 60
309 60
310 60
311 60
312 60
313 60
314 60
315 60
316 60
317 60
318 60
319 60
896 60
897 60
898 60
899 60
900 60
901 60
902 60
903 60
904 60
905 60
906 60
907 60
908 60
909 60
910 60
911 60
912 60
913 60
914 60
915 60
916 60
917 60
918 60
919 60
920 60
921 60
922 60
923 60
924 60
925 60
926 60
927 60
928 60
929 60
930 60
931 60
932 60
