block round
896 10
897 10
898 10
899 10
900 10
901 10
902 10
903 10
904 10
905 10
906 10
907 10
908 10
909 10
910 10
911 10
912 10
913 10
914 10
915 10
916 10
917 10
918 10
919 10
920 10
921 10
922 10
923 10
924 10
925 10
926 10
927 10
928 10
929 10
930 10
931 10
932 10
933 10
934 10
935 10
936 10
937 10
938 10
939 10
940 10
941 10
942 10
943 10
944 10
945 10
946 10
947 10
948 10
949 10
950 10
951 10
952 10
953 10
954 10
955 10
956 10
957 10
958 10
959 10
960 10
961 10
962 10
963 10
964 10
965 10
966 10
967 10
968 10
969 10
970 10
971 10
972 10
973 10
974 10
975 10
976 10
977 10
978 10
979 10
980 10
981 10
982 10
983 10
984 10
985 10
986 10
987 10
988 10
989 10
990 10
991 10
992 10
993 10
994 10
995 10
996 10
