file block round
0 0 20
0 1 20
0 2 20
0 3 20
0 4 20
0 5 20
0 6 20
0 7 20
0 8 20
0 9 20
0 10 20
0 11 20
0 12 20
0 13 20
0 14 20
0 15 20
0 16 20
0 17 20
0 18 20
0 19 20
0 20 20
0 21 20
0 22 20
0 23 20
0 24 20
0 25 20
0 26 20
0 27 20
0 28 20
0 29 20
0 30 20
0 31 20
0 32 20
0 33 20
0 34 20
0 35 20
0 36 20
0 37 20
0 38 20
0 39 20
0 40 20
0 41 20
0 42 20
0 43 20
0 44 20
0 45 20
0 46 20
0 47 20
0 48 20
0 49 20
0 50 20
0 51 20
0 52 20
0 53 20
0 54 20
0 55 20
0 56 20
0 57 20
0 58 20
0 59 20
0 60 20
0 61 20
0 62 20
0 63 20
0 64 20
0 65 20
0 66 20
0 67 20
0 68 20
0 69 20
0 70 20
0 71 20
0 72 20
0 73 20
0 74 20
0 75 20
0 76 20
0 77 20
0 78 20
0 79 20
0 80 20
0 81 20
0 82 20
0 83 20
0 84 20
0 85 20
0 86 20
0 87 20
0 88 20
0 89 20
0 90 20
0 91 20
0 92 20
0 93 20
0 94 20
0 95 20
0 96 20
0 97 20
0 98 20
0 99 20
0 100 20
1 128 20
1 129 20
1 130 20
1 131 20
1 132 20
1 133 20
1 134 20
1 135 20
1 136 20
1 137 20
1 138 20
1 139 20
1 140 20
1 141 20
1 142 20
1 143 20
1 144 20
1 145 20
1 146 20
1 147 20
1 148 20
1 149 20
1 150 20
1 151 20
1 152 20
1 153 20
1 154 20
1 155 20
1 156 20
1 157 20
1 158 20
1 159 20
1 160 20
1 161 20
1 162 20
1 163 20
1 164 20
1 165 20
1 166 20
1 167 20
1 168 20
1 169 20
1 170 20
1 171 20
1 172 20
1 173 20
1 174 20
1 175 20
1 176 20
1 177 20
1 178 20
1 179 20
1 180 20
1 181 20
1 182 20
1 183 20
1 184 20
1 185 20
1 186 20
1 187 20
1 188 20
1 189 20
1 190 20
1 191 20
1 192 20
1 193 20
1 194 20
1 195 20
1 196 20
1 197 20
1 198 20
1 199 20
1 200 20
1 201 20
1 202 20
1 203 20
1 204 20
1 205 20
1 206 20
1 207 20
1 208 20
1 209 20
1 210 20
1 211 20
1 212 20
1 213 20
1 214 20
1 215 20
1 216 20
1 217 20
1 218 20
1 219 20
1 220 20
1 221 20
1 222 20
1 223 20
1 224 20
1 225 20
1 226 20
1 227 20
1 228 20
2 256 20
2 257 20
2 258 20
2 259 20
2 260 20
2 261 20
2 262 20
2 263 20
2 264 20
2 265 20
2 266 20
2 267 20
2 268 20
2 269 20
2 270 20
2 271 20
2 272 20
2 273 20
2 274 20
2 275 20
2 276 20
2 277 20
2 278 20
2 279 20
2 280 20
2 281 20
2 282 20
2 283 20
2 284 20
2 285 20
2 286 20
2 287 20
2 288 20
2 289 20
2 290 20
2 291 20
2 292 20
2 293 20
2 294 20
2 295 20
2 296 20
2 297 20
2 298 20
2 299 20
2 300 20
2 301 20
2 302 20
2 303 20
2 304 20
2 305 20
2 306 20
2 307 20
2 308 20
2 309 20
2 310 20
2 311 20
2 312 20
2 313 20
2 314 20
2 315 20
2 316 20
2 317 20
2 318 20
2 319 20
2 320 20
2 321 20
2 322 20
2 323 20
2 324 20
2 325 20
2 326 20
2 327 20
2 328 20
2 329 20
2 330 20
2 331 20
2 332 20
2 333 20
2 334 20
2 335 20
2 336 20
2 337 20
2 338 20
2 339 20
2 340 20
2 341 20
2 342 20
2 343 20
2 344 20
2 345 20
2 346 20
2 347 20
2 348 20
2 349 20
2 350 20
2 351 20
2 352 20
2 353 20
2 354 20
2 355 20
2 356 20
3 384 20
3 385 20
3 386 20
3 387 20
3 388 20
3 389 20
3 390 20
3 391 20
3 392 20
3 393 20
3 394 20
3 395 20
3 396 20
3 397 20
3 398 20
3 399 20
3 400 20
3 401 20
3 402 20
3 403 20
3 404 20
3 405 20
3 406 20
3 407 20
3 408 20
3 409 20
3 410 20
3 411 20
3 412 20
3 413 20
3 414 20
3 415 20
3 416 20
3 417 20
3 418 20
3 419 20
3 420 20
3 421 20
3 422 20
3 423 20
3 424 20
3 425 20
3 426 20
3 427 20
3 428 20
3 429 20
3 430 20
3 431 20
3 432 20
3 433 20
3 434 20
3 435 20
3 436 20
3 437 20
3 438 20
3 439 20
3 440 20
3 441 20
3 442 20
3 443 20
3 444 20
3 445 20
3 446 20
3 447 20
3 448 20
3 449 20
3 450 20
3 451 20
3 452 20
3 453 20
3 454 20
3 455 20
3 456 20
3 457 20
3 458 20
3 459 20
3 460 20
3 461 20
3 462 20
3 463 20
3 464 20
3 465 20
3 466 20
3 467 20
3 468 20
3 469 20
3 470 20
3 471 20
3 472 20
3 473 20
3 474 20
3 475 20
3 476 20
3 477 20
3 478 20
3 479 20
3 480 20
3 481 20
3 482 20
3 483 20
3 484 20
4 512 20
4 513 20
4 514 20
4 515 20
4 516 20
4 517 20
4 518 20
4 519 20
4 520 20
4 521 20
4 522 20
4 523 20
4 524 20
4 525 20
4 526 20
4 527 20
4 528 20
4 529 20
4 530 20
4 531 20
4 532 20
4 533 20
4 534 20
4 535 20
4 536 20
4 537 20
4 538 20
4 539 20
4 540 20
4 541 20
4 542 20
4 543 20
4 544 20
4 545 20
4 546 20
4 547 20
4 548 20
4 549 20
4 550 20
4 551 20
4 552 20
4 553 20
4 554 20
4 555 20
4 556 20
4 557 20
4 558 20
4 559 20
4 560 20
4 561 20
4 562 20
4 563 20
4 564 20
4 565 20
4 566 20
4 567 20
4 568 20
4 569 20
4 570 20
4 571 20
4 572 20
4 573 20
4 574 20
4 575 20
4 576 20
4 577 20
4 578 20
4 579 20
4 580 20
4 581 20
4 582 20
4 583 20
4 584 20
4 585 20
4 586 20
4 587 20
4 588 20
4 589 20
4 590 20
4 591 20
4 592 20
4 593 20
4 594 20
4 595 20
4 596 20
4 597 20
4 598 20
4 599 20
4 600 20
4 601 20
4 602 20
4 603 20
4 604 20
4 605 20
4 606 20
4 607 20
4 608 20
4 609 20
4 610 20
4 611 20
4 612 20
5 640 20
5 641 20
5 642 20
5 643 20
5 644 20
5 645 20
5 646 20
5 647 20
5 648 20
5 649 20
5 650 20
5 651 20
5 652 20
5 653 20
5 654 20
5 655 20
5 656 20
5 657 20
5 658 20
5 659 20
5 660 20
5 661 20
5 662 20
5 663 20
5 664 20
5 665 20
5 666 20
5 667 20
5 668 20
5 669 20
5 670 20
5 671 20
5 672 20
5 673 20
5 674 20
5 675 20
5 676 20
5 677 20
5 678 20
5 679 20
5 680 20
5 681 20
5 682 20
5 683 20
5 684 20
5 685 20
5 686 20
5 687 20
5 688 20
5 689 20
5 690 20
5 691 20
5 692 20
5 693 20
5 694 20
5 695 20
5 696 20
5 697 20
5 698 20
5 699 20
5 700 20
5 701 20
5 702 20
5 703 20
5 704 20
5 705 20
5 706 20
5 707 20
5 708 20
5 709 20
5 710 20
5 711 20
5 712 20
5 713 20
5 714 20
5 715 20
5 716 20
5 717 20
5 718 20
5 719 20
5 720 20
5 721 20
5 722 20
5 723 20
5 724 20
5 725 20
5 726 20
5 727 20
5 728 20
5 729 20
5 730 20
5 731 20
5 732 20
5 733 20
5 734 20
5 735 20
5 736 20
5 737 20
5 738 20
5 739 20
5 740 20
6 768 20
6 769 20
6 770 20
6 771 20
6 772 20
6 773 20
6 774 20
6 775 20
6 776 20
6 777 20
6 778 20
6 779 20
6 780 20
6 781 20
6 782 20
6 783 20
6 784 20
6 785 20
6 786 20
6 787 20
6 788 20
6 789 20
6 790 20
6 791 20
6 792 20
6 793 20
6 794 20
6 795 20
6 796 20
6 797 20
6 798 20
6 799 20
6 800 20
6 801 20
6 802 20
6 803 20
6 804 20
6 805 20
6 806 20
6 807 20
6 808 20
6 809 20
6 810 20
6 811 20
6 812 20
6 813 20
6 814 20
6 815 20
6 816 20
6 817 20
6 818 20
6 819 20
6 820 20
6 821 20
6 822 20
6 823 20
6 824 20
6 825 20
6 826 20
6 827 20
6 828 20
6 829 20
6 830 20
6 831 20
6 832 20
6 833 20
6 834 20
6 835 20
6 836 20
6 837 20
6 838 20
6 839 20
6 840 20
6 841 20
6 842 20
6 843 20
6 844 20
6 845 20
6 846 20
6 847 20
6 848 20
6 849 20
6 850 20
6 851 20
6 852 20
6 853 20
6 854 20
6 855 20
6 856 20
6 857 20
6 858 20
6 859 20
6 860 20
6 861 20
6 862 20
6 863 20
6 864 20
6 865 20
6 866 20
6 867 20
6 868 20
7 896 20
7 897 20
7 898 20
7 899 20
7 900 20
7 901 20
7 902 20
7 903 20
7 904 20
7 905 20
7 906 20
7 907 20
7 908 20
7 909 20
7 910 20
7 911 20
7 912 20
7 913 20
7 914 20
7 915 20
7 916 20
7 917 20
7 918 20
7 919 20
7 920 20
7 921 20
7 922 20
7 923 20
7 924 20
7 925 20
7 926 20
7 927 20
7 928 20
7 929 20
7 930 20
7 931 20
7 932 20
7 933 20
7 934 20
7 935 20
7 936 20
7 937 20
7 938 20
7 939 20
7 940 20
7 941 20
7 942 20
7 943 20
7 944 20
7 945 20
7 946 20
7 947 20
7 948 20
7 949 20
7 950 20
7 951 20
7 952 20
7 953 20
7 954 20
7 955 20
7 956 20
7 957 20
7 958 20
7 959 20
7 960 20
7 961 20
7 962 20
7 963 20
7 964 20
7 965 20
7 966 20
7 967 20
7 968 20
7 969 20
7 970 20
7 971 20
7 972 20
7 973 20
7 974 20
7 975 20
7 976 20
7 977 20
7 978 20
7 979 20
7 980 20
7 981 20
7 982 20
7 983 20
7 984 20
7 985 20
7 986 20
7 987 20
7 988 20
7 989 20
7 990 20
7 991 20
7 992 20
7 993 20
7 994 20
7 995 20
7 996 20
8 1024 20
8 1025 20
8 1026 20
8 1027 20
8 1028 20
8 1029 20
8 1030 20
8 1031 20
8 1032 20
8 1033 20
8 1034 20
8 1035 20
8 1036 20
8 1037 20
8 1038 20
8 1039 20
8 1040 20
8 1041 20
8 1042 20
8 1043 20
8 1044 20
8 1045 20
8 1046 20
8 1047 20
8 1048 20
8 1049 20
8 1050 20
8 1051 20
8 1052 20
8 1053 20
8 1054 20
8 1055 20
8 1056 20
8 1057 20
8 1058 20
8 1059 20
8 1060 20
8 1061 20
8 1062 20
8 1063 20
8 1064 20
8 1065 20
8 1066 20
8 1067 20
8 1068 20
8 1069 20
8 1070 20
8 1071 20
8 1072 20
8 1073 20
8 1074 20
8 1075 20
8 1076 20
8 1077 20
8 1078 20
8 1079 20
8 1080 20
8 1081 20
8 1082 20
8 1083 20
8 1084 20
8 1085 20
8 1086 20
8 1087 20
8 1088 20
8 1089 20
8 1090 20
8 1091 20
8 1092 20
8 1093 20
8 1094 20
8 1095 20
8 1096 20
8 1097 20
8 1098 20
8 1099 20
8 1100 20
8 1101 20
8 1102 20
8 1103 20
8 1104 20
8 1105 20
8 1106 20
8 1107 20
8 1108 20
8 1109 20
8 1110 20
8 1111 20
8 1112 20
8 1113 20
8 1114 20
8 1115 20
8 1116 20
8 1117 20
8 1118 20
8 1119 20
8 1120 20
8 1121 20
8 1122 20
8 1123 20
8 1124 20
9 1152 20
9 1153 20
9 1154 20
9 1155 20
9 1156 20
9 1157 20
9 1158 20
9 1159 20
9 1160 20
9 1161 20
9 1162 20
9 1163 20
9 1164 20
9 1165 20
9 1166 20
9 1167 20
9 1168 20
9 1169 20
9 1170 20
9 1171 20
9 1172 20
9 1173 20
9 1174 20
9 1175 20
9 1176 20
9 1177 20
9 1178 20
9 1179 20
9 1180 20
9 1181 20
9 1182 20
9 1183 20
9 1184 20
9 1185 20
9 1186 20
9 1187 20
9 1188 20
9 1189 20
9 1190 20
9 1191 20
9 1192 20
9 1193 20
9 1194 20
9 1195 20
9 1196 20
9 1197 20
9 1198 20
9 1199 20
9 1200 20
9 1201 20
9 1202 20
9 1203 20
9 1204 20
9 1205 20
9 1206 20
9 1207 20
9 1208 20
9 1209 20
9 1210 20
9 1211 20
9 1212 20
9 1213 20
9 1214 20
9 1215 20
9 1216 20
9 1217 20
9 1218 20
9 1219 20
9 1220 20
9 1221 20
9 1222 20
9 1223 20
9 1224 20
9 1225 20
9 1226 20
9 1227 20
9 1228 20
9 1229 20
9 1230 20
9 1231 20
9 1232 20
9 1233 20
9 1234 20
9 1235 20
9 1236 20
9 1237 20
9 1238 20
9 1239 20
9 1240 20
9 1241 20
9 1242 20
9 1243 20
9 1244 20
9 1245 20
9 1246 20
9 1247 20
9 1248 20
9 1249 20
9 1250 20
9 1251 20
9 1252 20
