block round
9 100
1029 100
1039 100
1049 100
1059 100
1077 100
1087 100
1097 100
1107 100
1117 100
1127 100
1137 100
1147 100
1157 100
1166 100
1176 100
1537 100
159 100
160 100
161 100
162 100
163 100
164 100
165 100
166 100
167 100
168 100
169 100
170 100
171 100
172 100
173 100
174 100
479 100
480 100
481 100
482 100
483 100
484 100
485 100
486 100
487 100
488 100
489 100
490 100
491 100
492 100
493 100
494 100
495 100
496 100
497 100
498 100
499 100
500 100
501 100
502 100
503 100
504 100
505 100
506 100
507 100
508 100
509 100
510 100
2623 100
2624 100
2625 100
2626 100
2627 100
2628 100
2629 100
2630 100
2631 100
2632 100
2633 100
2634 100
2635 100
2636 100
2637 100
2638 100
2639 100
2640 100
2641 100
2642 100
2643 100
2644 100
2645 100
2646 100
2647 100
2648 100
2649 100
2650 100
2651 100
2652 100
2653 100
2654 100
2655 100
2656 100
2657 100
2658 100
2659 100
