block round
7 100
1037 100
1047 100
1057 100
1067 100
1075 100
1085 100
1095 100
1105 100
1115 100
1125 100
1135 100
1145 100
1155 100
1164 100
1174 100
1536 100
127 100
128 100
129 100
130 100
131 100
132 100
133 100
134 100
135 100
136 100
137 100
138 100
139 100
140 100
141 100
142 100
415 100
416 100
417 100
418 100
419 100
420 100
421 100
422 100
423 100
424 100
425 100
426 100
427 100
428 100
429 100
430 100
431 100
432 100
433 100
434 100
435 100
436 100
437 100
438 100
439 100
440 100
441 100
442 100
443 100
444 100
445 100
446 100
2495 100
2496 100
2497 100
2498 100
2499 100
2500 100
2501 100
2502 100
2503 100
2504 100
2505 100
2506 100
2507 100
2508 100
2509 100
2510 100
2511 100
2512 100
2513 100
2514 100
2515 100
2516 100
2517 100
2518 100
2519 100
2520 100
2521 100
2522 100
2523 100
2524 100
2525 100
2526 100
2527 100
2528 100
2529 100
2530 100
2531 100
