block round
320 60
321 60
322 60
323 60
324 60
325 60
326 60
327 60
328 60
329 60
330 60
331 60
332 60
333 60
334 60
335 60
336 60
337 60
338 60
339 60
340 60
341 60
342 60
343 60
344 60
345 60
346 60
347 60
348 60
349 60
350 60
351 60
352 60
353 60
354 60
355 60
356 60
357 60
358 60
359 60
360 60
361 60
362 60
363 60
364 60
365 60
366 60
367 60
368 60
369 60
370 60
371 60
372 60
373 60
374 60
375 60
376 60
377 60
378 60
379 60
380 60
381 60
382 60
383 60
960 60
961 60
962 60
963 60
964 60
965 60
966 60
967 60
968 60
969 60
970 60
971 60
972 60
973 60
974 60
975 60
976 60
977 60
978 60
979 60
980 60
981 60
982 60
983 60
984 60
985 60
986 60
987 60
988 60
989 60
990 60
991 60
992 60
993 60
994 60
995 60
996 60
