block round
0 70
1 70
2 70
3 70
4 70
5 70
6 70
7 70
8 70
9 70
10 70
11 70
12 70
13 70
14 70
15 70
16 70
17 70
18 70
19 70
20 70
21 70
22 70
23 70
24 70
25 70
26 70
27 70
28 70
29 70
30 70
31 70
320 70
321 70
322 70
323 70
324 70
325 70
326 70
327 70
328 70
329 70
330 70
331 70
332 70
333 70
334 70
335 70
336 70
337 70
338 70
339 70
340 70
341 70
342 70
343 70
344 70
345 70
346 70
347 70
348 70
349 70
350 70
351 70
672 70
673 70
674 70
675 70
676 70
677 70
678 70
679 70
680 70
681 70
682 70
683 70
684 70
685 70
686 70
687 70
688 70
689 70
690 70
691 70
692 70
693 70
694 70
695 70
696 70
697 70
698 70
699 70
700 70
701 70
702 70
703 70
704 70
705 70
706 70
707 70
708 70
