block round
128 70
129 70
130 70
131 70
132 70
133 70
134 70
135 70
136 70
137 70
138 70
139 70
140 70
141 70
142 70
143 70
144 70
145 70
146 70
147 70
148 70
149 70
150 70
151 70
152 70
153 70
154 70
155 70
156 70
157 70
158 70
159 70
448 70
449 70
450 70
451 70
452 70
453 70
454 70
455 70
456 70
457 70
458 70
459 70
460 70
461 70
462 70
463 70
464 70
465 70
466 70
467 70
468 70
469 70
470 70
471 70
472 70
473 70
474 70
475 70
476 70
477 70
478 70
479 70
928 70
929 70
930 70
931 70
932 70
933 70
934 70
935 70
936 70
937 70
938 70
939 70
940 70
941 70
942 70
943 70
944 70
945 70
946 70
947 70
948 70
949 70
950 70
951 70
952 70
953 70
954 70
955 70
956 70
957 70
958 70
959 70
960 70
961 70
962 70
963 70
964 70
