block round
448 60
449 60
450 60
451 60
452 60
453 60
454 60
455 60
456 60
457 60
458 60
459 60
460 60
461 60
462 60
463 60
464 60
465 60
466 60
467 60
468 60
469 60
470 60
471 60
472 60
473 60
474 60
475 60
476 60
477 60
478 60
479 60
480 60
481 60
482 60
483 60
484 60
485 60
486 60
487 60
488 60
489 60
490 60
491 60
492 60
493 60
494 60
495 60
496 60
497 60
498 60
499 60
500 60
501 60
502 60
503 60
504 60
505 60
506 60
507 60
508 60
509 60
510 60
511 60
1088 60
1089 60
1090 60
1091 60
1092 60
1093 60
1094 60
1095 60
1096 60
1097 60
1098 60
1099 60
1100 60
1101 60
1102 60
1103 60
1104 60
1105 60
1106 60
1107 60
1108 60
1109 60
1110 60
1111 60
1112 60
1113 60
1114 60
1115 60
1116 60
1117 60
1118 60
1119 60
1120 60
1121 60
1122 60
1123 60
1124 60
