block round
288 70
289 70
290 70
291 70
292 70
293 70
294 70
295 70
296 70
297 70
298 70
299 70
300 70
301 70
302 70
303 70
304 70
305 70
306 70
307 70
308 70
309 70
310 70
311 70
312 70
313 70
314 70
315 70
316 70
317 70
318 70
319 70
608 70
609 70
610 70
611 70
612 70
613 70
614 70
615 70
616 70
617 70
618 70
619 70
620 70
621 70
622 70
623 70
624 70
625 70
626 70
627 70
628 70
629 70
630 70
631 70
632 70
633 70
634 70
635 70
636 70
637 70
638 70
639 70
1248 70
1249 70
1250 70
1251 70
1252 70
1253 70
1254 70
1255 70
1256 70
1257 70
1258 70
1259 70
1260 70
1261 70
1262 70
1263 70
1264 70
1265 70
1266 70
1267 70
1268 70
1269 70
1270 70
1271 70
1272 70
1273 70
1274 70
1275 70
1276 70
1277 70
1278 70
1279 70
1280 70
1281 70
1282 70
1283 70
1284 70
