block round
8 90
143 90
144 90
145 90
146 90
147 90
148 90
149 90
150 90
151 90
152 90
153 90
154 90
155 90
156 90
157 90
158 90
447 90
448 90
449 90
450 90
451 90
452 90
453 90
454 90
455 90
456 90
457 90
458 90
459 90
460 90
461 90
462 90
463 90
464 90
465 90
466 90
467 90
468 90
469 90
470 90
471 90
472 90
473 90
474 90
475 90
476 90
477 90
478 90
599 90
600 90
601 90
602 90
603 90
604 90
605 90
606 90
607 90
608 90
609 90
629 90
639 90
649 90
659 90
668 90
2047 90
2048 90
2049 90
2050 90
2051 90
2052 90
2053 90
2054 90
2055 90
2056 90
2057 90
2058 90
2059 90
2060 90
2061 90
2062 90
2063 90
2064 90
2065 90
2066 90
2067 90
2068 90
2069 90
2070 90
2071 90
2072 90
2073 90
2074 90
2075 90
2076 90
2077 90
2078 90
2079 90
2080 90
2081 90
2082 90
2083 90
