file block round
0 0 40
0 1 40
0 2 40
0 3 40
0 4 40
0 5 40
0 6 40
0 7 40
0 8 40
0 9 40
0 10 40
0 11 40
0 12 40
0 13 40
0 14 40
0 15 40
0 16 40
0 17 40
0 18 40
0 19 40
0 20 40
0 21 40
0 22 40
0 23 40
0 24 40
0 25 40
0 26 40
0 27 40
0 28 40
0 29 40
0 30 40
0 31 40
0 32 40
0 33 40
0 34 40
0 35 40
0 36 40
0 37 40
0 38 40
0 39 40
0 40 40
0 41 40
0 42 40
0 43 40
0 44 40
0 45 40
0 46 40
0 47 40
0 48 40
0 49 40
0 50 40
0 51 40
0 52 40
0 53 40
0 54 40
0 55 40
0 56 40
0 57 40
0 58 40
0 59 40
0 60 40
0 61 40
0 62 40
0 63 40
0 640 40
0 641 40
0 642 40
0 643 40
0 644 40
0 645 40
0 646 40
0 647 40
0 648 40
0 649 40
0 650 40
0 651 40
0 652 40
0 653 40
0 654 40
0 655 40
0 656 40
0 657 40
0 658 40
0 659 40
0 660 40
0 661 40
0 662 40
0 663 40
0 664 40
0 665 40
0 666 40
0 667 40
0 668 40
0 669 40
0 670 40
0 671 40
0 672 40
0 673 40
0 674 40
0 675 40
0 676 40
1 64 40
1 65 40
1 66 40
1 67 40
1 68 40
1 69 40
1 70 40
1 71 40
1 72 40
1 73 40
1 74 40
1 75 40
1 76 40
1 77 40
1 78 40
1 79 40
1 80 40
1 81 40
1 82 40
1 83 40
1 84 40
1 85 40
1 86 40
1 87 40
1 88 40
1 89 40
1 90 40
1 91 40
1 92 40
1 93 40
1 94 40
1 95 40
1 96 40
1 97 40
1 98 40
1 99 40
1 100 40
1 101 40
1 102 40
1 103 40
1 104 40
1 105 40
1 106 40
1 107 40
1 108 40
1 109 40
1 110 40
1 111 40
1 112 40
1 113 40
1 114 40
1 115 40
1 116 40
1 117 40
1 118 40
1 119 40
1 120 40
1 121 40
1 122 40
1 123 40
1 124 40
1 125 40
1 126 40
1 127 40
1 704 40
1 705 40
1 706 40
1 707 40
1 708 40
1 709 40
1 710 40
1 711 40
1 712 40
1 713 40
1 714 40
1 715 40
1 716 40
1 717 40
1 718 40
1 719 40
1 720 40
1 721 40
1 722 40
1 723 40
1 724 40
1 725 40
1 726 40
1 727 40
1 728 40
1 729 40
1 730 40
1 731 40
1 732 40
1 733 40
1 734 40
1 735 40
1 736 40
1 737 40
1 738 40
1 739 40
1 740 40
2 128 40
2 129 40
2 130 40
2 131 40
2 132 40
2 133 40
2 134 40
2 135 40
2 136 40
2 137 40
2 138 40
2 139 40
2 140 40
2 141 40
2 142 40
2 143 40
2 144 40
2 145 40
2 146 40
2 147 40
2 148 40
2 149 40
2 150 40
2 151 40
2 152 40
2 153 40
2 154 40
2 155 40
2 156 40
2 157 40
2 158 40
2 159 40
2 160 40
2 161 40
2 162 40
2 163 40
2 164 40
2 165 40
2 166 40
2 167 40
2 168 40
2 169 40
2 170 40
2 171 40
2 172 40
2 173 40
2 174 40
2 175 40
2 176 40
2 177 40
2 178 40
2 179 40
2 180 40
2 181 40
2 182 40
2 183 40
2 184 40
2 185 40
2 186 40
2 187 40
2 188 40
2 189 40
2 190 40
2 191 40
2 768 40
2 769 40
2 770 40
2 771 40
2 772 40
2 773 40
2 774 40
2 775 40
2 776 40
2 777 40
2 778 40
2 779 40
2 780 40
2 781 40
2 782 40
2 783 40
2 784 40
2 785 40
2 786 40
2 787 40
2 788 40
2 789 40
2 790 40
2 791 40
2 792 40
2 793 40
2 794 40
2 795 40
2 796 40
2 797 40
2 798 40
2 799 40
2 800 40
2 801 40
2 802 40
2 803 40
2 804 40
3 192 40
3 193 40
3 194 40
3 195 40
3 196 40
3 197 40
3 198 40
3 199 40
3 200 40
3 201 40
3 202 40
3 203 40
3 204 40
3 205 40
3 206 40
3 207 40
3 208 40
3 209 40
3 210 40
3 211 40
3 212 40
3 213 40
3 214 40
3 215 40
3 216 40
3 217 40
3 218 40
3 219 40
3 220 40
3 221 40
3 222 40
3 223 40
3 224 40
3 225 40
3 226 40
3 227 40
3 228 40
3 229 40
3 230 40
3 231 40
3 232 40
3 233 40
3 234 40
3 235 40
3 236 40
3 237 40
3 238 40
3 239 40
3 240 40
3 241 40
3 242 40
3 243 40
3 244 40
3 245 40
3 246 40
3 247 40
3 248 40
3 249 40
3 250 40
3 251 40
3 252 40
3 253 40
3 254 40
3 255 40
3 832 40
3 833 40
3 834 40
3 835 40
3 836 40
3 837 40
3 838 40
3 839 40
3 840 40
3 841 40
3 842 40
3 843 40
3 844 40
3 845 40
3 846 40
3 847 40
3 848 40
3 849 40
3 850 40
3 851 40
3 852 40
3 853 40
3 854 40
3 855 40
3 856 40
3 857 40
3 858 40
3 859 40
3 860 40
3 861 40
3 862 40
3 863 40
3 864 40
3 865 40
3 866 40
3 867 40
3 868 40
4 256 40
4 257 40
4 258 40
4 259 40
4 260 40
4 261 40
4 262 40
4 263 40
4 264 40
4 265 40
4 266 40
4 267 40
4 268 40
4 269 40
4 270 40
4 271 40
4 272 40
4 273 40
4 274 40
4 275 40
4 276 40
4 277 40
4 278 40
4 279 40
4 280 40
4 281 40
4 282 40
4 283 40
4 284 40
4 285 40
4 286 40
4 287 40
4 288 40
4 289 40
4 290 40
4 291 40
4 292 40
4 293 40
4 294 40
4 295 40
4 296 40
4 297 40
4 298 40
4 299 40
4 300 40
4 301 40
4 302 40
4 303 40
4 304 40
4 305 40
4 306 40
4 307 40
4 308 40
4 309 40
4 310 40
4 311 40
4 312 40
4 313 40
4 314 40
4 315 40
4 316 40
4 317 40
4 318 40
4 319 40
4 896 40
4 897 40
4 898 40
4 899 40
4 900 40
4 901 40
4 902 40
4 903 40
4 904 40
4 905 40
4 906 40
4 907 40
4 908 40
4 909 40
4 910 40
4 911 40
4 912 40
4 913 40
4 914 40
4 915 40
4 916 40
4 917 40
4 918 40
4 919 40
4 920 40
4 921 40
4 922 40
4 923 40
4 924 40
4 925 40
4 926 40
4 927 40
4 928 40
4 929 40
4 930 40
4 931 40
4 932 40
5 320 40
5 321 40
5 322 40
5 323 40
5 324 40
5 325 40
5 326 40
5 327 40
5 328 40
5 329 40
5 330 40
5 331 40
5 332 40
5 333 40
5 334 40
5 335 40
5 336 40
5 337 40
5 338 40
5 339 40
5 340 40
5 341 40
5 342 40
5 343 40
5 344 40
5 345 40
5 346 40
5 347 40
5 348 40
5 349 40
5 350 40
5 351 40
5 352 40
5 353 40
5 354 40
5 355 40
5 356 40
5 357 40
5 358 40
5 359 40
5 360 40
5 361 40
5 362 40
5 363 40
5 364 40
5 365 40
5 366 40
5 367 40
5 368 40
5 369 40
5 370 40
5 371 40
5 372 40
5 373 40
5 374 40
5 375 40
5 376 40
5 377 40
5 378 40
5 379 40
5 380 40
5 381 40
5 382 40
5 383 40
5 960 40
5 961 40
5 962 40
5 963 40
5 964 40
5 965 40
5 966 40
5 967 40
5 968 40
5 969 40
5 970 40
5 971 40
5 972 40
5 973 40
5 974 40
5 975 40
5 976 40
5 977 40
5 978 40
5 979 40
5 980 40
5 981 40
5 982 40
5 983 40
5 984 40
5 985 40
5 986 40
5 987 40
5 988 40
5 989 40
5 990 40
5 991 40
5 992 40
5 993 40
5 994 40
5 995 40
5 996 40
6 384 40
6 385 40
6 386 40
6 387 40
6 388 40
6 389 40
6 390 40
6 391 40
6 392 40
6 393 40
6 394 40
6 395 40
6 396 40
6 397 40
6 398 40
6 399 40
6 400 40
6 401 40
6 402 40
6 403 40
6 404 40
6 405 40
6 406 40
6 407 40
6 408 40
6 409 40
6 410 40
6 411 40
6 412 40
6 413 40
6 414 40
6 415 40
6 416 40
6 417 40
6 418 40
6 419 40
6 420 40
6 421 40
6 422 40
6 423 40
6 424 40
6 425 40
6 426 40
6 427 40
6 428 40
6 429 40
6 430 40
6 431 40
6 432 40
6 433 40
6 434 40
6 435 40
6 436 40
6 437 40
6 438 40
6 439 40
6 440 40
6 441 40
6 442 40
6 443 40
6 444 40
6 445 40
6 446 40
6 447 40
6 1024 40
6 1025 40
6 1026 40
6 1027 40
6 1028 40
6 1029 40
6 1030 40
6 1031 40
6 1032 40
6 1033 40
6 1034 40
6 1035 40
6 1036 40
6 1037 40
6 1038 40
6 1039 40
6 1040 40
6 1041 40
6 1042 40
6 1043 40
6 1044 40
6 1045 40
6 1046 40
6 1047 40
6 1048 40
6 1049 40
6 1050 40
6 1051 40
6 1052 40
6 1053 40
6 1054 40
6 1055 40
6 1056 40
6 1057 40
6 1058 40
6 1059 40
6 1060 40
7 448 40
7 449 40
7 450 40
7 451 40
7 452 40
7 453 40
7 454 40
7 455 40
7 456 40
7 457 40
7 458 40
7 459 40
7 460 40
7 461 40
7 462 40
7 463 40
7 464 40
7 465 40
7 466 40
7 467 40
7 468 40
7 469 40
7 470 40
7 471 40
7 472 40
7 473 40
7 474 40
7 475 40
7 476 40
7 477 40
7 478 40
7 479 40
7 480 40
7 481 40
7 482 40
7 483 40
7 484 40
7 485 40
7 486 40
7 487 40
7 488 40
7 489 40
7 490 40
7 491 40
7 492 40
7 493 40
7 494 40
7 495 40
7 496 40
7 497 40
7 498 40
7 499 40
7 500 40
7 501 40
7 502 40
7 503 40
7 504 40
7 505 40
7 506 40
7 507 40
7 508 40
7 509 40
7 510 40
7 511 40
7 1088 40
7 1089 40
7 1090 40
7 1091 40
7 1092 40
7 1093 40
7 1094 40
7 1095 40
7 1096 40
7 1097 40
7 1098 40
7 1099 40
7 1100 40
7 1101 40
7 1102 40
7 1103 40
7 1104 40
7 1105 40
7 1106 40
7 1107 40
7 1108 40
7 1109 40
7 1110 40
7 1111 40
7 1112 40
7 1113 40
7 1114 40
7 1115 40
7 1116 40
7 1117 40
7 1118 40
7 1119 40
7 1120 40
7 1121 40
7 1122 40
7 1123 40
7 1124 40
8 512 40
8 513 40
8 514 40
8 515 40
8 516 40
8 517 40
8 518 40
8 519 40
8 520 40
8 521 40
8 522 40
8 523 40
8 524 40
8 525 40
8 526 40
8 527 40
8 528 40
8 529 40
8 530 40
8 531 40
8 532 40
8 533 40
8 534 40
8 535 40
8 536 40
8 537 40
8 538 40
8 539 40
8 540 40
8 541 40
8 542 40
8 543 40
8 544 40
8 545 40
8 546 40
8 547 40
8 548 40
8 549 40
8 550 40
8 551 40
8 552 40
8 553 40
8 554 40
8 555 40
8 556 40
8 557 40
8 558 40
8 559 40
8 560 40
8 561 40
8 562 40
8 563 40
8 564 40
8 565 40
8 566 40
8 567 40
8 568 40
8 569 40
8 570 40
8 571 40
8 572 40
8 573 40
8 574 40
8 575 40
8 1152 40
8 1153 40
8 1154 40
8 1155 40
8 1156 40
8 1157 40
8 1158 40
8 1159 40
8 1160 40
8 1161 40
8 1162 40
8 1163 40
8 1164 40
8 1165 40
8 1166 40
8 1167 40
8 1168 40
8 1169 40
8 1170 40
8 1171 40
8 1172 40
8 1173 40
8 1174 40
8 1175 40
8 1176 40
8 1177 40
8 1178 40
8 1179 40
8 1180 40
8 1181 40
8 1182 40
8 1183 40
8 1184 40
8 1185 40
8 1186 40
8 1187 40
8 1188 40
9 576 40
9 577 40
9 578 40
9 579 40
9 580 40
9 581 40
9 582 40
9 583 40
9 584 40
9 585 40
9 586 40
9 587 40
9 588 40
9 589 40
9 590 40
9 591 40
9 592 40
9 593 40
9 594 40
9 595 40
9 596 40
9 597 40
9 598 40
9 599 40
9 600 40
9 601 40
9 602 40
9 603 40
9 604 40
9 605 40
9 606 40
9 607 40
9 608 40
9 609 40
9 610 40
9 611 40
9 612 40
9 613 40
9 614 40
9 615 40
9 616 40
9 617 40
9 618 40
9 619 40
9 620 40
9 621 40
9 622 40
9 623 40
9 624 40
9 625 40
9 626 40
9 627 40
9 628 40
9 629 40
9 630 40
9 631 40
9 632 40
9 633 40
9 634 40
9 635 40
9 636 40
9 637 40
9 638 40
9 639 40
9 1216 40
9 1217 40
9 1218 40
9 1219 40
9 1220 40
9 1221 40
9 1222 40
9 1223 40
9 1224 40
9 1225 40
9 1226 40
9 1227 40
9 1228 40
9 1229 40
9 1230 40
9 1231 40
9 1232 40
9 1233 40
9 1234 40
9 1235 40
9 1236 40
9 1237 40
9 1238 40
9 1239 40
9 1240 40
9 1241 40
9 1242 40
9 1243 40
9 1244 40
9 1245 40
9 1246 40
9 1247 40
9 1248 40
9 1249 40
9 1250 40
9 1251 40
9 1252 40
