block round
0 80
1 80
2 80
3 80
4 80
5 80
6 80
7 80
8 80
9 80
10 80
11 80
12 80
13 80
14 80
15 80
16 80
17 80
18 80
19 80
20 80
21 80
22 80
23 80
24 80
25 80
26 80
27 80
28 80
29 80
30 80
31 80
320 80
321 80
322 80
323 80
324 80
325 80
326 80
327 80
328 80
329 80
330 80
331 80
332 80
333 80
334 80
335 80
336 80
337 80
338 80
339 80
340 80
341 80
342 80
343 80
344 80
345 80
346 80
347 80
348 80
349 80
350 80
351 80
672 80
673 80
674 80
675 80
676 80
677 80
678 80
679 80
680 80
681 80
682 80
683 80
684 80
685 80
686 80
687 80
688 80
689 80
690 80
691 80
692 80
693 80
694 80
695 80
696 80
697 80
698 80
699 80
700 80
701 80
702 80
703 80
704 80
705 80
706 80
707 80
708 80
