block round
4 90
79 90
80 90
81 90
82 90
83 90
84 90
85 90
86 90
87 90
88 90
89 90
90 90
91 90
92 90
93 90
94 90
319 90
320 90
321 90
322 90
323 90
324 90
325 90
326 90
327 90
328 90
329 90
330 90
331 90
332 90
333 90
334 90
335 90
336 90
337 90
338 90
339 90
340 90
341 90
342 90
343 90
344 90
345 90
346 90
347 90
348 90
349 90
350 90
555 90
556 90
557 90
558 90
559 90
560 90
561 90
562 90
563 90
564 90
565 90
625 90
635 90
645 90
655 90
664 90
1791 90
1792 90
1793 90
1794 90
1795 90
1796 90
1797 90
1798 90
1799 90
1800 90
1801 90
1802 90
1803 90
1804 90
1805 90
1806 90
1807 90
1808 90
1809 90
1810 90
1811 90
1812 90
1813 90
1814 90
1815 90
1816 90
1817 90
1818 90
1819 90
1820 90
1821 90
1822 90
1823 90
1824 90
1825 90
1826 90
1827 90
