block round
128 60
129 60
130 60
131 60
132 60
133 60
134 60
135 60
136 60
137 60
138 60
139 60
140 60
141 60
142 60
143 60
144 60
145 60
146 60
147 60
148 60
149 60
150 60
151 60
152 60
153 60
154 60
155 60
156 60
157 60
158 60
159 60
160 60
161 60
162 60
163 60
164 60
165 60
166 60
167 60
168 60
169 60
170 60
171 60
172 60
173 60
174 60
175 60
176 60
177 60
178 60
179 60
180 60
181 60
182 60
183 60
184 60
185 60
186 60
187 60
188 60
189 60
190 60
191 60
768 60
769 60
770 60
771 60
772 60
773 60
774 60
775 60
776 60
777 60
778 60
779 60
780 60
781 60
782 60
783 60
784 60
785 60
786 60
787 60
788 60
789 60
790 60
791 60
792 60
793 60
794 60
795 60
796 60
797 60
798 60
799 60
800 60
801 60
802 60
803 60
804 60
