file block round
0 0 90
0 15 90
0 16 90
0 17 90
0 18 90
0 19 90
0 20 90
0 21 90
0 22 90
0 23 90
0 24 90
0 25 90
0 26 90
0 27 90
0 28 90
0 29 90
0 30 90
0 191 90
0 192 90
0 193 90
0 194 90
0 195 90
0 196 90
0 197 90
0 198 90
0 199 90
0 200 90
0 201 90
0 202 90
0 203 90
0 204 90
0 205 90
0 206 90
0 207 90
0 208 90
0 209 90
0 210 90
0 211 90
0 212 90
0 213 90
0 214 90
0 215 90
0 216 90
0 217 90
0 218 90
0 219 90
0 220 90
0 221 90
0 222 90
0 511 90
0 512 90
0 513 90
0 514 90
0 515 90
0 516 90
0 517 90
0 518 90
0 519 90
0 520 90
0 521 90
0 621 90
0 631 90
0 641 90
0 651 90
0 660 90
0 1535 90
0 1536 90
0 1537 90
0 1538 90
0 1539 90
0 1540 90
0 1541 90
0 1542 90
0 1543 90
0 1544 90
0 1545 90
0 1546 90
0 1547 90
0 1548 90
0 1549 90
0 1550 90
0 1551 90
0 1552 90
0 1553 90
0 1554 90
0 1555 90
0 1556 90
0 1557 90
0 1558 90
0 1559 90
0 1560 90
0 1561 90
0 1562 90
0 1563 90
0 1564 90
0 1565 90
0 1566 90
0 1567 90
0 1568 90
0 1569 90
0 1570 90
0 1571 90
1 1 90
1 31 90
1 32 90
1 33 90
1 34 90
1 35 90
1 36 90
1 37 90
1 38 90
1 39 90
1 40 90
1 41 90
1 42 90
1 43 90
1 44 90
1 45 90
1 46 90
1 223 90
1 224 90
1 225 90
1 226 90
1 227 90
1 228 90
1 229 90
1 230 90
1 231 90
1 232 90
1 233 90
1 234 90
1 235 90
1 236 90
1 237 90
1 238 90
1 239 90
1 240 90
1 241 90
1 242 90
1 243 90
1 244 90
1 245 90
1 246 90
1 247 90
1 248 90
1 249 90
1 250 90
1 251 90
1 252 90
1 253 90
1 254 90
1 522 90
1 523 90
1 524 90
1 525 90
1 526 90
1 527 90
1 528 90
1 529 90
1 530 90
1 531 90
1 532 90
1 622 90
1 632 90
1 642 90
1 652 90
1 661 90
1 1599 90
1 1600 90
1 1601 90
1 1602 90
1 1603 90
1 1604 90
1 1605 90
1 1606 90
1 1607 90
1 1608 90
1 1609 90
1 1610 90
1 1611 90
1 1612 90
1 1613 90
1 1614 90
1 1615 90
1 1616 90
1 1617 90
1 1618 90
1 1619 90
1 1620 90
1 1621 90
1 1622 90
1 1623 90
1 1624 90
1 1625 90
1 1626 90
1 1627 90
1 1628 90
1 1629 90
1 1630 90
1 1631 90
1 1632 90
1 1633 90
1 1634 90
1 1635 90
2 2 90
2 47 90
2 48 90
2 49 90
2 50 90
2 51 90
2 52 90
2 53 90
2 54 90
2 55 90
2 56 90
2 57 90
2 58 90
2 59 90
2 60 90
2 61 90
2 62 90
2 255 90
2 256 90
2 257 90
2 258 90
2 259 90
2 260 90
2 261 90
2 262 90
2 263 90
2 264 90
2 265 90
2 266 90
2 267 90
2 268 90
2 269 90
2 270 90
2 271 90
2 272 90
2 273 90
2 274 90
2 275 90
2 276 90
2 277 90
2 278 90
2 279 90
2 280 90
2 281 90
2 282 90
2 283 90
2 284 90
2 285 90
2 286 90
2 533 90
2 534 90
2 535 90
2 536 90
2 537 90
2 538 90
2 539 90
2 540 90
2 541 90
2 542 90
2 543 90
2 623 90
2 633 90
2 643 90
2 653 90
2 662 90
2 1663 90
2 1664 90
2 1665 90
2 1666 90
2 1667 90
2 1668 90
2 1669 90
2 1670 90
2 1671 90
2 1672 90
2 1673 90
2 1674 90
2 1675 90
2 1676 90
2 1677 90
2 1678 90
2 1679 90
2 1680 90
2 1681 90
2 1682 90
2 1683 90
2 1684 90
2 1685 90
2 1686 90
2 1687 90
2 1688 90
2 1689 90
2 1690 90
2 1691 90
2 1692 90
2 1693 90
2 1694 90
2 1695 90
2 1696 90
2 1697 90
2 1698 90
2 1699 90
3 3 90
3 63 90
3 64 90
3 65 90
3 66 90
3 67 90
3 68 90
3 69 90
3 70 90
3 71 90
3 72 90
3 73 90
3 74 90
3 75 90
3 76 90
3 77 90
3 78 90
3 287 90
3 288 90
3 289 90
3 290 90
3 291 90
3 292 90
3 293 90
3 294 90
3 295 90
3 296 90
3 297 90
3 298 90
3 299 90
3 300 90
3 301 90
3 302 90
3 303 90
3 304 90
3 305 90
3 306 90
3 307 90
3 308 90
3 309 90
3 310 90
3 311 90
3 312 90
3 313 90
3 314 90
3 315 90
3 316 90
3 317 90
3 318 90
3 544 90
3 545 90
3 546 90
3 547 90
3 548 90
3 549 90
3 550 90
3 551 90
3 552 90
3 553 90
3 554 90
3 624 90
3 634 90
3 644 90
3 654 90
3 663 90
3 1727 90
3 1728 90
3 1729 90
3 1730 90
3 1731 90
3 1732 90
3 1733 90
3 1734 90
3 1735 90
3 1736 90
3 1737 90
3 1738 90
3 1739 90
3 1740 90
3 1741 90
3 1742 90
3 1743 90
3 1744 90
3 1745 90
3 1746 90
3 1747 90
3 1748 90
3 1749 90
3 1750 90
3 1751 90
3 1752 90
3 1753 90
3 1754 90
3 1755 90
3 1756 90
3 1757 90
3 1758 90
3 1759 90
3 1760 90
3 1761 90
3 1762 90
3 1763 90
4 4 90
4 79 90
4 80 90
4 81 90
4 82 90
4 83 90
4 84 90
4 85 90
4 86 90
4 87 90
4 88 90
4 89 90
4 90 90
4 91 90
4 92 90
4 93 90
4 94 90
4 319 90
4 320 90
4 321 90
4 322 90
4 323 90
4 324 90
4 325 90
4 326 90
4 327 90
4 328 90
4 329 90
4 330 90
4 331 90
4 332 90
4 333 90
4 334 90
4 335 90
4 336 90
4 337 90
4 338 90
4 339 90
4 340 90
4 341 90
4 342 90
4 343 90
4 344 90
4 345 90
4 346 90
4 347 90
4 348 90
4 349 90
4 350 90
4 555 90
4 556 90
4 557 90
4 558 90
4 559 90
4 560 90
4 561 90
4 562 90
4 563 90
4 564 90
4 565 90
4 625 90
4 635 90
4 645 90
4 655 90
4 664 90
4 1791 90
4 1792 90
4 1793 90
4 1794 90
4 1795 90
4 1796 90
4 1797 90
4 1798 90
4 1799 90
4 1800 90
4 1801 90
4 1802 90
4 1803 90
4 1804 90
4 1805 90
4 1806 90
4 1807 90
4 1808 90
4 1809 90
4 1810 90
4 1811 90
4 1812 90
4 1813 90
4 1814 90
4 1815 90
4 1816 90
4 1817 90
4 1818 90
4 1819 90
4 1820 90
4 1821 90
4 1822 90
4 1823 90
4 1824 90
4 1825 90
4 1826 90
4 1827 90
5 5 90
5 95 90
5 96 90
5 97 90
5 98 90
5 99 90
5 100 90
5 101 90
5 102 90
5 103 90
5 104 90
5 105 90
5 106 90
5 107 90
5 108 90
5 109 90
5 110 90
5 351 90
5 352 90
5 353 90
5 354 90
5 355 90
5 356 90
5 357 90
5 358 90
5 359 90
5 360 90
5 361 90
5 362 90
5 363 90
5 364 90
5 365 90
5 366 90
5 367 90
5 368 90
5 369 90
5 370 90
5 371 90
5 372 90
5 373 90
5 374 90
5 375 90
5 376 90
5 377 90
5 378 90
5 379 90
5 380 90
5 381 90
5 382 90
5 566 90
5 567 90
5 568 90
5 569 90
5 570 90
5 571 90
5 572 90
5 573 90
5 574 90
5 575 90
5 576 90
5 626 90
5 636 90
5 646 90
5 656 90
5 665 90
5 1855 90
5 1856 90
5 1857 90
5 1858 90
5 1859 90
5 1860 90
5 1861 90
5 1862 90
5 1863 90
5 1864 90
5 1865 90
5 1866 90
5 1867 90
5 1868 90
5 1869 90
5 1870 90
5 1871 90
5 1872 90
5 1873 90
5 1874 90
5 1875 90
5 1876 90
5 1877 90
5 1878 90
5 1879 90
5 1880 90
5 1881 90
5 1882 90
5 1883 90
5 1884 90
5 1885 90
5 1886 90
5 1887 90
5 1888 90
5 1889 90
5 1890 90
5 1891 90
6 6 90
6 111 90
6 112 90
6 113 90
6 114 90
6 115 90
6 116 90
6 117 90
6 118 90
6 119 90
6 120 90
6 121 90
6 122 90
6 123 90
6 124 90
6 125 90
6 126 90
6 383 90
6 384 90
6 385 90
6 386 90
6 387 90
6 388 90
6 389 90
6 390 90
6 391 90
6 392 90
6 393 90
6 394 90
6 395 90
6 396 90
6 397 90
6 398 90
6 399 90
6 400 90
6 401 90
6 402 90
6 403 90
6 404 90
6 405 90
6 406 90
6 407 90
6 408 90
6 409 90
6 410 90
6 411 90
6 412 90
6 413 90
6 414 90
6 577 90
6 578 90
6 579 90
6 580 90
6 581 90
6 582 90
6 583 90
6 584 90
6 585 90
6 586 90
6 587 90
6 627 90
6 637 90
6 647 90
6 657 90
6 666 90
6 1919 90
6 1920 90
6 1921 90
6 1922 90
6 1923 90
6 1924 90
6 1925 90
6 1926 90
6 1927 90
6 1928 90
6 1929 90
6 1930 90
6 1931 90
6 1932 90
6 1933 90
6 1934 90
6 1935 90
6 1936 90
6 1937 90
6 1938 90
6 1939 90
6 1940 90
6 1941 90
6 1942 90
6 1943 90
6 1944 90
6 1945 90
6 1946 90
6 1947 90
6 1948 90
6 1949 90
6 1950 90
6 1951 90
6 1952 90
6 1953 90
6 1954 90
6 1955 90
7 7 90
7 127 90
7 128 90
7 129 90
7 130 90
7 131 90
7 132 90
7 133 90
7 134 90
7 135 90
7 136 90
7 137 90
7 138 90
7 139 90
7 140 90
7 141 90
7 142 90
7 415 90
7 416 90
7 417 90
7 418 90
7 419 90
7 420 90
7 421 90
7 422 90
7 423 90
7 424 90
7 425 90
7 426 90
7 427 90
7 428 90
7 429 90
7 430 90
7 431 90
7 432 90
7 433 90
7 434 90
7 435 90
7 436 90
7 437 90
7 438 90
7 439 90
7 440 90
7 441 90
7 442 90
7 443 90
7 444 90
7 445 90
7 446 90
7 588 90
7 589 90
7 590 90
7 591 90
7 592 90
7 593 90
7 594 90
7 595 90
7 596 90
7 597 90
7 598 90
7 628 90
7 638 90
7 648 90
7 658 90
7 667 90
7 1983 90
7 1984 90
7 1985 90
7 1986 90
7 1987 90
7 1988 90
7 1989 90
7 1990 90
7 1991 90
7 1992 90
7 1993 90
7 1994 90
7 1995 90
7 1996 90
7 1997 90
7 1998 90
7 1999 90
7 2000 90
7 2001 90
7 2002 90
7 2003 90
7 2004 90
7 2005 90
7 2006 90
7 2007 90
7 2008 90
7 2009 90
7 2010 90
7 2011 90
7 2012 90
7 2013 90
7 2014 90
7 2015 90
7 2016 90
7 2017 90
7 2018 90
7 2019 90
8 8 90
8 143 90
8 144 90
8 145 90
8 146 90
8 147 90
8 148 90
8 149 90
8 150 90
8 151 90
8 152 90
8 153 90
8 154 90
8 155 90
8 156 90
8 157 90
8 158 90
8 447 90
8 448 90
8 449 90
8 450 90
8 451 90
8 452 90
8 453 90
8 454 90
8 455 90
8 456 90
8 457 90
8 458 90
8 459 90
8 460 90
8 461 90
8 462 90
8 463 90
8 464 90
8 465 90
8 466 90
8 467 90
8 468 90
8 469 90
8 470 90
8 471 90
8 472 90
8 473 90
8 474 90
8 475 90
8 476 90
8 477 90
8 478 90
8 599 90
8 600 90
8 601 90
8 602 90
8 603 90
8 604 90
8 605 90
8 606 90
8 607 90
8 608 90
8 609 90
8 629 90
8 639 90
8 649 90
8 659 90
8 668 90
8 2047 90
8 2048 90
8 2049 90
8 2050 90
8 2051 90
8 2052 90
8 2053 90
8 2054 90
8 2055 90
8 2056 90
8 2057 90
8 2058 90
8 2059 90
8 2060 90
8 2061 90
8 2062 90
8 2063 90
8 2064 90
8 2065 90
8 2066 90
8 2067 90
8 2068 90
8 2069 90
8 2070 90
8 2071 90
8 2072 90
8 2073 90
8 2074 90
8 2075 90
8 2076 90
8 2077 90
8 2078 90
8 2079 90
8 2080 90
8 2081 90
8 2082 90
8 2083 90
9 9 90
9 159 90
9 160 90
9 161 90
9 162 90
9 163 90
9 164 90
9 165 90
9 166 90
9 167 90
9 168 90
9 169 90
9 170 90
9 171 90
9 172 90
9 173 90
9 174 90
9 479 90
9 480 90
9 481 90
9 482 90
9 483 90
9 484 90
9 485 90
9 486 90
9 487 90
9 488 90
9 489 90
9 490 90
9 491 90
9 492 90
9 493 90
9 494 90
9 495 90
9 496 90
9 497 90
9 498 90
9 499 90
9 500 90
9 501 90
9 502 90
9 503 90
9 504 90
9 505 90
9 506 90
9 507 90
9 508 90
9 509 90
9 510 90
9 610 90
9 611 90
9 612 90
9 613 90
9 614 90
9 615 90
9 616 90
9 617 90
9 618 90
9 619 90
9 620 90
9 630 90
9 640 90
9 650 90
9 669 90
9 1023 90
9 2111 90
9 2112 90
9 2113 90
9 2114 90
9 2115 90
9 2116 90
9 2117 90
9 2118 90
9 2119 90
9 2120 90
9 2121 90
9 2122 90
9 2123 90
9 2124 90
9 2125 90
9 2126 90
9 2127 90
9 2128 90
9 2129 90
9 2130 90
9 2131 90
9 2132 90
9 2133 90
9 2134 90
9 2135 90
9 2136 90
9 2137 90
9 2138 90
9 2139 90
9 2140 90
9 2141 90
9 2142 90
9 2143 90
9 2144 90
9 2145 90
9 2146 90
9 2147 90
