file block round
0 0 80
0 1 80
0 2 80
0 3 80
0 4 80
0 5 80
0 6 80
0 7 80
0 8 80
0 9 80
0 10 80
0 11 80
0 12 80
0 13 80
0 14 80
0 15 80
0 16 80
0 17 80
0 18 80
0 19 80
0 20 80
0 21 80
0 22 80
0 23 80
0 24 80
0 25 80
0 26 80
0 27 80
0 28 80
0 29 80
0 30 80
0 31 80
0 320 80
0 321 80
0 322 80
0 323 80
0 324 80
0 325 80
0 326 80
0 327 80
0 328 80
0 329 80
0 330 80
0 331 80
0 332 80
0 333 80
0 334 80
0 335 80
0 336 80
0 337 80
0 338 80
0 339 80
0 340 80
0 341 80
0 342 80
0 343 80
0 344 80
0 345 80
0 346 80
0 347 80
0 348 80
0 349 80
0 350 80
0 351 80
0 672 80
0 673 80
0 674 80
0 675 80
0 676 80
0 677 80
0 678 80
0 679 80
0 680 80
0 681 80
0 682 80
0 683 80
0 684 80
0 685 80
0 686 80
0 687 80
0 688 80
0 689 80
0 690 80
0 691 80
0 692 80
0 693 80
0 694 80
0 695 80
0 696 80
0 697 80
0 698 80
0 699 80
0 700 80
0 701 80
0 702 80
0 703 80
0 704 80
0 705 80
0 706 80
0 707 80
0 708 80
1 32 80
1 33 80
1 34 80
1 35 80
1 36 80
1 37 80
1 38 80
1 39 80
1 40 80
1 41 80
1 42 80
1 43 80
1 44 80
1 45 80
1 46 80
1 47 80
1 48 80
1 49 80
1 50 80
1 51 80
1 52 80
1 53 80
1 54 80
1 55 80
1 56 80
1 57 80
1 58 80
1 59 80
1 60 80
1 61 80
1 62 80
1 63 80
1 352 80
1 353 80
1 354 80
1 355 80
1 356 80
1 357 80
1 358 80
1 359 80
1 360 80
1 361 80
1 362 80
1 363 80
1 364 80
1 365 80
1 366 80
1 367 80
1 368 80
1 369 80
1 370 80
1 371 80
1 372 80
1 373 80
1 374 80
1 375 80
1 376 80
1 377 80
1 378 80
1 379 80
1 380 80
1 381 80
1 382 80
1 383 80
1 736 80
1 737 80
1 738 80
1 739 80
1 740 80
1 741 80
1 742 80
1 743 80
1 744 80
1 745 80
1 746 80
1 747 80
1 748 80
1 749 80
1 750 80
1 751 80
1 752 80
1 753 80
1 754 80
1 755 80
1 756 80
1 757 80
1 758 80
1 759 80
1 760 80
1 761 80
1 762 80
1 763 80
1 764 80
1 765 80
1 766 80
1 767 80
1 768 80
1 769 80
1 770 80
1 771 80
1 772 80
2 64 80
2 65 80
2 66 80
2 67 80
2 68 80
2 69 80
2 70 80
2 71 80
2 72 80
2 73 80
2 74 80
2 75 80
2 76 80
2 77 80
2 78 80
2 79 80
2 80 80
2 81 80
2 82 80
2 83 80
2 84 80
2 85 80
2 86 80
2 87 80
2 88 80
2 89 80
2 90 80
2 91 80
2 92 80
2 93 80
2 94 80
2 95 80
2 384 80
2 385 80
2 386 80
2 387 80
2 388 80
2 389 80
2 390 80
2 391 80
2 392 80
2 393 80
2 394 80
2 395 80
2 396 80
2 397 80
2 398 80
2 399 80
2 400 80
2 401 80
2 402 80
2 403 80
2 404 80
2 405 80
2 406 80
2 407 80
2 408 80
2 409 80
2 410 80
2 411 80
2 412 80
2 413 80
2 414 80
2 415 80
2 800 80
2 801 80
2 802 80
2 803 80
2 804 80
2 805 80
2 806 80
2 807 80
2 808 80
2 809 80
2 810 80
2 811 80
2 812 80
2 813 80
2 814 80
2 815 80
2 816 80
2 817 80
2 818 80
2 819 80
2 820 80
2 821 80
2 822 80
2 823 80
2 824 80
2 825 80
2 826 80
2 827 80
2 828 80
2 829 80
2 830 80
2 831 80
2 832 80
2 833 80
2 834 80
2 835 80
2 836 80
3 96 80
3 97 80
3 98 80
3 99 80
3 100 80
3 101 80
3 102 80
3 103 80
3 104 80
3 105 80
3 106 80
3 107 80
3 108 80
3 109 80
3 110 80
3 111 80
3 112 80
3 113 80
3 114 80
3 115 80
3 116 80
3 117 80
3 118 80
3 119 80
3 120 80
3 121 80
3 122 80
3 123 80
3 124 80
3 125 80
3 126 80
3 127 80
3 416 80
3 417 80
3 418 80
3 419 80
3 420 80
3 421 80
3 422 80
3 423 80
3 424 80
3 425 80
3 426 80
3 427 80
3 428 80
3 429 80
3 430 80
3 431 80
3 432 80
3 433 80
3 434 80
3 435 80
3 436 80
3 437 80
3 438 80
3 439 80
3 440 80
3 441 80
3 442 80
3 443 80
3 444 80
3 445 80
3 446 80
3 447 80
3 864 80
3 865 80
3 866 80
3 867 80
3 868 80
3 869 80
3 870 80
3 871 80
3 872 80
3 873 80
3 874 80
3 875 80
3 876 80
3 877 80
3 878 80
3 879 80
3 880 80
3 881 80
3 882 80
3 883 80
3 884 80
3 885 80
3 886 80
3 887 80
3 888 80
3 889 80
3 890 80
3 891 80
3 892 80
3 893 80
3 894 80
3 895 80
3 896 80
3 897 80
3 898 80
3 899 80
3 900 80
4 128 80
4 129 80
4 130 80
4 131 80
4 132 80
4 133 80
4 134 80
4 135 80
4 136 80
4 137 80
4 138 80
4 139 80
4 140 80
4 141 80
4 142 80
4 143 80
4 144 80
4 145 80
4 146 80
4 147 80
4 148 80
4 149 80
4 150 80
4 151 80
4 152 80
4 153 80
4 154 80
4 155 80
4 156 80
4 157 80
4 158 80
4 159 80
4 448 80
4 449 80
4 450 80
4 451 80
4 452 80
4 453 80
4 454 80
4 455 80
4 456 80
4 457 80
4 458 80
4 459 80
4 460 80
4 461 80
4 462 80
4 463 80
4 464 80
4 465 80
4 466 80
4 467 80
4 468 80
4 469 80
4 470 80
4 471 80
4 472 80
4 473 80
4 474 80
4 475 80
4 476 80
4 477 80
4 478 80
4 479 80
4 928 80
4 929 80
4 930 80
4 931 80
4 932 80
4 933 80
4 934 80
4 935 80
4 936 80
4 937 80
4 938 80
4 939 80
4 940 80
4 941 80
4 942 80
4 943 80
4 944 80
4 945 80
4 946 80
4 947 80
4 948 80
4 949 80
4 950 80
4 951 80
4 952 80
4 953 80
4 954 80
4 955 80
4 956 80
4 957 80
4 958 80
4 959 80
4 960 80
4 961 80
4 962 80
4 963 80
4 964 80
5 160 80
5 161 80
5 162 80
5 163 80
5 164 80
5 165 80
5 166 80
5 167 80
5 168 80
5 169 80
5 170 80
5 171 80
5 172 80
5 173 80
5 174 80
5 175 80
5 176 80
5 177 80
5 178 80
5 179 80
5 180 80
5 181 80
5 182 80
5 183 80
5 184 80
5 185 80
5 186 80
5 187 80
5 188 80
5 189 80
5 190 80
5 191 80
5 480 80
5 481 80
5 482 80
5 483 80
5 484 80
5 485 80
5 486 80
5 487 80
5 488 80
5 489 80
5 490 80
5 491 80
5 492 80
5 493 80
5 494 80
5 495 80
5 496 80
5 497 80
5 498 80
5 499 80
5 500 80
5 501 80
5 502 80
5 503 80
5 504 80
5 505 80
5 506 80
5 507 80
5 508 80
5 509 80
5 510 80
5 511 80
5 992 80
5 993 80
5 994 80
5 995 80
5 996 80
5 997 80
5 998 80
5 999 80
5 1000 80
5 1001 80
5 1002 80
5 1003 80
5 1004 80
5 1005 80
5 1006 80
5 1007 80
5 1008 80
5 1009 80
5 1010 80
5 1011 80
5 1012 80
5 1013 80
5 1014 80
5 1015 80
5 1016 80
5 1017 80
5 1018 80
5 1019 80
5 1020 80
5 1021 80
5 1022 80
5 1023 80
5 1024 80
5 1025 80
5 1026 80
5 1027 80
5 1028 80
6 192 80
6 193 80
6 194 80
6 195 80
6 196 80
6 197 80
6 198 80
6 199 80
6 200 80
6 201 80
6 202 80
6 203 80
6 204 80
6 205 80
6 206 80
6 207 80
6 208 80
6 209 80
6 210 80
6 211 80
6 212 80
6 213 80
6 214 80
6 215 80
6 216 80
6 217 80
6 218 80
6 219 80
6 220 80
6 221 80
6 222 80
6 223 80
6 512 80
6 513 80
6 514 80
6 515 80
6 516 80
6 517 80
6 518 80
6 519 80
6 520 80
6 521 80
6 522 80
6 523 80
6 524 80
6 525 80
6 526 80
6 527 80
6 528 80
6 529 80
6 530 80
6 531 80
6 532 80
6 533 80
6 534 80
6 535 80
6 536 80
6 537 80
6 538 80
6 539 80
6 540 80
6 541 80
6 542 80
6 543 80
6 1056 80
6 1057 80
6 1058 80
6 1059 80
6 1060 80
6 1061 80
6 1062 80
6 1063 80
6 1064 80
6 1065 80
6 1066 80
6 1067 80
6 1068 80
6 1069 80
6 1070 80
6 1071 80
6 1072 80
6 1073 80
6 1074 80
6 1075 80
6 1076 80
6 1077 80
6 1078 80
6 1079 80
6 1080 80
6 1081 80
6 1082 80
6 1083 80
6 1084 80
6 1085 80
6 1086 80
6 1087 80
6 1088 80
6 1089 80
6 1090 80
6 1091 80
6 1092 80
7 224 80
7 225 80
7 226 80
7 227 80
7 228 80
7 229 80
7 230 80
7 231 80
7 232 80
7 233 80
7 234 80
7 235 80
7 236 80
7 237 80
7 238 80
7 239 80
7 240 80
7 241 80
7 242 80
7 243 80
7 244 80
7 245 80
7 246 80
7 247 80
7 248 80
7 249 80
7 250 80
7 251 80
7 252 80
7 253 80
7 254 80
7 255 80
7 544 80
7 545 80
7 546 80
7 547 80
7 548 80
7 549 80
7 550 80
7 551 80
7 552 80
7 553 80
7 554 80
7 555 80
7 556 80
7 557 80
7 558 80
7 559 80
7 560 80
7 561 80
7 562 80
7 563 80
7 564 80
7 565 80
7 566 80
7 567 80
7 568 80
7 569 80
7 570 80
7 571 80
7 572 80
7 573 80
7 574 80
7 575 80
7 1120 80
7 1121 80
7 1122 80
7 1123 80
7 1124 80
7 1125 80
7 1126 80
7 1127 80
7 1128 80
7 1129 80
7 1130 80
7 1131 80
7 1132 80
7 1133 80
7 1134 80
7 1135 80
7 1136 80
7 1137 80
7 1138 80
7 1139 80
7 1140 80
7 1141 80
7 1142 80
7 1143 80
7 1144 80
7 1145 80
7 1146 80
7 1147 80
7 1148 80
7 1149 80
7 1150 80
7 1151 80
7 1152 80
7 1153 80
7 1154 80
7 1155 80
7 1156 80
8 256 80
8 257 80
8 258 80
8 259 80
8 260 80
8 261 80
8 262 80
8 263 80
8 264 80
8 265 80
8 266 80
8 267 80
8 268 80
8 269 80
8 270 80
8 271 80
8 272 80
8 273 80
8 274 80
8 275 80
8 276 80
8 277 80
8 278 80
8 279 80
8 280 80
8 281 80
8 282 80
8 283 80
8 284 80
8 285 80
8 286 80
8 287 80
8 576 80
8 577 80
8 578 80
8 579 80
8 580 80
8 581 80
8 582 80
8 583 80
8 584 80
8 585 80
8 586 80
8 587 80
8 588 80
8 589 80
8 590 80
8 591 80
8 592 80
8 593 80
8 594 80
8 595 80
8 596 80
8 597 80
8 598 80
8 599 80
8 600 80
8 601 80
8 602 80
8 603 80
8 604 80
8 605 80
8 606 80
8 607 80
8 1184 80
8 1185 80
8 1186 80
8 1187 80
8 1188 80
8 1189 80
8 1190 80
8 1191 80
8 1192 80
8 1193 80
8 1194 80
8 1195 80
8 1196 80
8 1197 80
8 1198 80
8 1199 80
8 1200 80
8 1201 80
8 1202 80
8 1203 80
8 1204 80
8 1205 80
8 1206 80
8 1207 80
8 1208 80
8 1209 80
8 1210 80
8 1211 80
8 1212 80
8 1213 80
8 1214 80
8 1215 80
8 1216 80
8 1217 80
8 1218 80
8 1219 80
8 1220 80
9 288 80
9 289 80
9 290 80
9 291 80
9 292 80
9 293 80
9 294 80
9 295 80
9 296 80
9 297 80
9 298 80
9 299 80
9 300 80
9 301 80
9 302 80
9 303 80
9 304 80
9 305 80
9 306 80
9 307 80
9 308 80
9 309 80
9 310 80
9 311 80
9 312 80
9 313 80
9 314 80
9 315 80
9 316 80
9 317 80
9 318 80
9 319 80
9 608 80
9 609 80
9 610 80
9 611 80
9 612 80
9 613 80
9 614 80
9 615 80
9 616 80
9 617 80
9 618 80
9 619 80
9 620 80
9 621 80
9 622 80
9 623 80
9 624 80
9 625 80
9 626 80
9 627 80
9 628 80
9 629 80
9 630 80
9 631 80
9 632 80
9 633 80
9 634 80
9 635 80
9 636 80
9 637 80
9 638 80
9 639 80
9 1248 80
9 1249 80
9 1250 80
9 1251 80
9 1252 80
9 1253 80
9 1254 80
9 1255 80
9 1256 80
9 1257 80
9 1258 80
9 1259 80
9 1260 80
9 1261 80
9 1262 80
9 1263 80
9 1264 80
9 1265 80
9 1266 80
9 1267 80
9 1268 80
9 1269 80
9 1270 80
9 1271 80
9 1272 80
9 1273 80
9 1274 80
9 1275 80
9 1276 80
9 1277 80
9 1278 80
9 1279 80
9 1280 80
9 1281 80
9 1282 80
9 1283 80
9 1284 80
