block round
305 40
306 40
307 40
308 40
309 40
310 40
311 40
312 40
313 40
314 40
315 40
316 40
317 40
318 40
319 40
320 40
321 40
322 40
323 40
324 40
325 40
326 40
327 40
328 40
329 40
330 40
331 40
332 40
333 40
334 40
335 40
336 40
337 40
338 40
339 40
340 40
341 40
342 40
343 40
344 40
345 40
346 40
347 40
348 40
349 40
350 40
351 40
352 40
353 40
354 40
355 40
356 40
357 40
358 40
359 40
360 40
361 40
362 40
363 40
364 40
365 40
865 40
866 40
867 40
868 40
869 40
870 40
871 40
872 40
873 40
874 40
875 40
876 40
877 40
878 40
879 40
880 40
881 40
882 40
883 40
884 40
885 40
886 40
887 40
888 40
889 40
890 40
891 40
892 40
893 40
894 40
895 40
896 40
897 40
898 40
899 40
900 40
901 40
902 40
903 40
904 40
