block round
486 20
487 20
488 20
489 20
490 20
491 20
492 20
493 20
494 20
495 20
496 20
497 20
498 20
499 20
500 20
501 20
502 20
503 20
504 20
505 20
506 20
507 20
508 20
509 20
510 20
511 20
512 20
513 20
514 20
515 20
516 20
517 20
518 20
519 20
520 20
521 20
522 20
523 20
524 20
525 20
526 20
527 20
528 20
529 20
530 20
531 20
532 20
533 20
534 20
535 20
536 20
537 20
538 20
539 20
540 20
541 20
542 20
543 20
544 20
545 20
546 20
547 20
548 20
549 20
550 20
551 20
552 20
553 20
554 20
555 20
556 20
557 20
558 20
559 20
560 20
561 20
562 20
563 20
564 20
565 20
566 20
1572 20
1573 20
1574 20
1575 20
1576 20
1577 20
1578 20
1579 20
1580 20
1581 20
1582 20
1583 20
1584 20
1585 20
1586 20
1587 20
1588 20
1589 20
1590 20
1591 20
