block round
104 90
105 90
106 90
107 90
108 90
109 90
110 90
111 90
112 90
113 90
114 90
123 90
133 90
143 90
153 90
163 90
308 90
309 90
310 90
311 90
312 90
313 90
314 90
315 90
316 90
317 90
318 90
319 90
320 90
321 90
322 90
323 90
612 90
613 90
614 90
615 90
616 90
617 90
618 90
619 90
620 90
621 90
622 90
623 90
624 90
625 90
626 90
627 90
628 90
629 90
630 90
631 90
632 90
633 90
634 90
635 90
636 90
637 90
638 90
639 90
640 90
641 90
642 90
643 90
1220 90
1221 90
1222 90
1223 90
1224 90
1225 90
1226 90
1227 90
1228 90
1229 90
1230 90
1231 90
1232 90
1233 90
1234 90
1235 90
1236 90
1237 90
1238 90
1239 90
1240 90
1241 90
1242 90
1243 90
1244 90
1245 90
1246 90
1247 90
1248 90
1249 90
1250 90
1251 90
1252 90
1253 90
1254 90
1255 90
1256 90
