block round
82 90
83 90
84 90
85 90
86 90
87 90
88 90
89 90
90 90
91 90
92 90
121 90
131 90
141 90
151 90
161 90
276 90
277 90
278 90
279 90
280 90
281 90
282 90
283 90
284 90
285 90
286 90
287 90
288 90
289 90
290 90
291 90
548 90
549 90
550 90
551 90
552 90
553 90
554 90
555 90
556 90
557 90
558 90
559 90
560 90
561 90
562 90
563 90
564 90
565 90
566 90
567 90
568 90
569 90
570 90
571 90
572 90
573 90
574 90
575 90
576 90
577 90
578 90
579 90
1092 90
1093 90
1094 90
1095 90
1096 90
1097 90
1098 90
1099 90
1100 90
1101 90
1102 90
1103 90
1104 90
1105 90
1106 90
1107 90
1108 90
1109 90
1110 90
1111 90
1112 90
1113 90
1114 90
1115 90
1116 90
1117 90
1118 90
1119 90
1120 90
1121 90
1122 90
1123 90
1124 90
1125 90
1126 90
1127 90
1128 90
