block round
155 70
156 70
157 70
158 70
159 70
160 70
161 70
162 70
163 70
164 70
165 70
166 70
167 70
168 70
169 70
170 70
171 70
172 70
173 70
174 70
175 70
176 70
177 70
178 70
179 70
180 70
181 70
182 70
183 70
184 70
185 70
395 70
396 70
397 70
398 70
399 70
400 70
401 70
402 70
403 70
404 70
405 70
406 70
407 70
408 70
409 70
410 70
411 70
640 70
641 70
642 70
643 70
644 70
645 70
646 70
647 70
648 70
649 70
650 70
651 70
652 70
653 70
654 70
655 70
656 70
657 70
658 70
659 70
660 70
661 70
662 70
663 70
664 70
665 70
666 70
667 70
668 70
669 70
670 70
671 70
1120 70
1121 70
1122 70
1123 70
1124 70
1125 70
1126 70
1127 70
1128 70
1129 70
1130 70
1131 70
1132 70
1133 70
1134 70
1135 70
1136 70
1137 70
1138 70
1139 70
1140 70
