block round
369 60
370 60
371 60
372 60
373 60
374 60
375 60
376 60
377 60
378 60
379 60
380 60
381 60
382 60
383 60
384 60
385 60
386 60
387 60
388 60
389 60
390 60
391 60
392 60
393 60
394 60
395 60
396 60
397 60
398 60
399 60
400 60
401 60
402 60
403 60
404 60
405 60
406 60
407 60
408 60
409 60
905 60
906 60
907 60
908 60
909 60
910 60
911 60
912 60
913 60
914 60
915 60
916 60
917 60
918 60
919 60
920 60
921 60
922 60
923 60
924 60
925 60
926 60
927 60
928 60
929 60
930 60
931 60
932 60
933 60
934 60
935 60
936 60
937 60
938 60
939 60
940 60
941 60
942 60
943 60
944 60
945 60
946 60
947 60
948 60
949 60
950 60
951 60
952 60
953 60
954 60
955 60
956 60
957 60
958 60
959 60
1536 60
1537 60
1538 60
1539 60
1540 60
