block round
124 70
125 70
126 70
127 70
128 70
129 70
130 70
131 70
132 70
133 70
134 70
135 70
136 70
137 70
138 70
139 70
140 70
141 70
142 70
143 70
144 70
145 70
146 70
147 70
148 70
149 70
150 70
151 70
152 70
153 70
154 70
378 70
379 70
380 70
381 70
382 70
383 70
384 70
385 70
386 70
387 70
388 70
389 70
390 70
391 70
392 70
393 70
394 70
608 70
609 70
610 70
611 70
612 70
613 70
614 70
615 70
616 70
617 70
618 70
619 70
620 70
621 70
622 70
623 70
624 70
625 70
626 70
627 70
628 70
629 70
630 70
631 70
632 70
633 70
634 70
635 70
636 70
637 70
638 70
639 70
1056 70
1057 70
1058 70
1059 70
1060 70
1061 70
1062 70
1063 70
1064 70
1065 70
1066 70
1067 70
1068 70
1069 70
1070 70
1071 70
1072 70
1073 70
1074 70
1075 70
1076 70
