block round
205 60
206 60
207 60
208 60
209 60
210 60
211 60
212 60
213 60
214 60
215 60
216 60
217 60
218 60
219 60
220 60
221 60
222 60
223 60
224 60
225 60
226 60
227 60
228 60
229 60
230 60
231 60
232 60
233 60
234 60
235 60
236 60
237 60
238 60
239 60
240 60
241 60
242 60
243 60
244 60
245 60
685 60
686 60
687 60
688 60
689 60
690 60
691 60
692 60
693 60
694 60
695 60
696 60
697 60
698 60
699 60
700 60
701 60
702 60
703 60
704 60
705 60
706 60
707 60
708 60
709 60
710 60
711 60
712 60
713 60
714 60
715 60
716 60
717 60
718 60
719 60
720 60
721 60
722 60
723 60
724 60
725 60
726 60
727 60
728 60
729 60
730 60
731 60
732 60
733 60
734 60
735 60
736 60
737 60
738 60
739 60
1280 60
1281 60
1282 60
1283 60
1284 60
