block round
459 50
460 50
461 50
462 50
463 50
464 50
465 50
466 50
467 50
468 50
469 50
470 50
471 50
472 50
473 50
474 50
475 50
476 50
477 50
478 50
479 50
480 50
481 50
482 50
483 50
484 50
485 50
486 50
487 50
488 50
489 50
490 50
491 50
492 50
493 50
494 50
495 50
496 50
497 50
498 50
499 50
500 50
501 50
502 50
503 50
504 50
505 50
506 50
507 50
508 50
509 50
1059 50
1060 50
1061 50
1062 50
1063 50
1064 50
1065 50
1066 50
1067 50
1068 50
1069 50
1070 50
1071 50
1072 50
1073 50
1074 50
1075 50
1076 50
1077 50
1078 50
1079 50
1080 50
1081 50
1082 50
1083 50
1084 50
1085 50
1086 50
1087 50
1088 50
1089 50
1090 50
1091 50
1092 50
1093 50
1094 50
1095 50
1096 50
1097 50
1098 50
1099 50
1100 50
1101 50
1102 50
1103 50
1104 50
1105 50
1106 50
1107 50
1108 50
