block round
408 50
409 50
410 50
411 50
412 50
413 50
414 50
415 50
416 50
417 50
418 50
419 50
420 50
421 50
422 50
423 50
424 50
425 50
426 50
427 50
428 50
429 50
430 50
431 50
432 50
433 50
434 50
435 50
436 50
437 50
438 50
439 50
440 50
441 50
442 50
443 50
444 50
445 50
446 50
447 50
448 50
449 50
450 50
451 50
452 50
453 50
454 50
455 50
456 50
457 50
458 50
998 50
999 50
1000 50
1001 50
1002 50
1003 50
1004 50
1005 50
1006 50
1007 50
1008 50
1009 50
1010 50
1011 50
1012 50
1013 50
1014 50
1015 50
1016 50
1017 50
1018 50
1019 50
1020 50
1021 50
1022 50
1023 50
1024 50
1025 50
1026 50
1027 50
1028 50
1029 50
1030 50
1031 50
1032 50
1033 50
1034 50
1035 50
1036 50
1037 50
1038 50
1039 50
1040 50
1041 50
1042 50
1043 50
1044 50
1045 50
1046 50
1047 50
