block round
107 100
10 100
20 100
30 100
40 100
50 100
60 100
70 100
80 100
90 100
106 100
120 100
130 100
140 100
150 100
160 100
170 100
270 100
271 100
272 100
273 100
274 100
275 100
276 100
277 100
278 100
279 100
280 100
281 100
282 100
283 100
284 100
285 100
526 100
527 100
528 100
529 100
530 100
531 100
532 100
533 100
534 100
535 100
536 100
537 100
538 100
539 100
540 100
541 100
542 100
543 100
544 100
545 100
546 100
547 100
548 100
549 100
550 100
551 100
552 100
553 100
554 100
555 100
556 100
557 100
1038 100
1039 100
1040 100
1041 100
1042 100
1043 100
1044 100
1045 100
1046 100
1047 100
1048 100
1049 100
1050 100
1051 100
1052 100
1053 100
1054 100
1055 100
1056 100
1057 100
1058 100
1059 100
1060 100
1061 100
1062 100
1063 100
1064 100
1065 100
1066 100
1067 100
1068 100
1069 100
1070 100
1071 100
1072 100
1073 100
1074 100
