block round
49 90
50 90
51 90
52 90
53 90
54 90
55 90
56 90
57 90
58 90
59 90
118 90
128 90
138 90
148 90
158 90
228 90
229 90
230 90
231 90
232 90
233 90
234 90
235 90
236 90
237 90
238 90
239 90
240 90
241 90
242 90
243 90
452 90
453 90
454 90
455 90
456 90
457 90
458 90
459 90
460 90
461 90
462 90
463 90
464 90
465 90
466 90
467 90
468 90
469 90
470 90
471 90
472 90
473 90
474 90
475 90
476 90
477 90
478 90
479 90
480 90
481 90
482 90
483 90
900 90
901 90
902 90
903 90
904 90
905 90
906 90
907 90
908 90
909 90
910 90
911 90
912 90
913 90
914 90
915 90
916 90
917 90
918 90
919 90
920 90
921 90
922 90
923 90
924 90
925 90
926 90
927 90
928 90
929 90
930 90
931 90
932 90
933 90
934 90
935 90
936 90
