block round
60 90
61 90
62 90
63 90
64 90
65 90
66 90
67 90
68 90
69 90
70 90
119 90
129 90
139 90
149 90
159 90
244 90
245 90
246 90
247 90
248 90
249 90
250 90
251 90
252 90
253 90
254 90
255 90
256 90
257 90
258 90
259 90
484 90
485 90
486 90
487 90
488 90
489 90
490 90
491 90
492 90
493 90
494 90
495 90
496 90
497 90
498 90
499 90
500 90
501 90
502 90
503 90
504 90
505 90
506 90
507 90
508 90
509 90
510 90
511 90
512 90
513 90
514 90
515 90
964 90
965 90
966 90
967 90
968 90
969 90
970 90
971 90
972 90
973 90
974 90
975 90
976 90
977 90
978 90
979 90
980 90
981 90
982 90
983 90
984 90
985 90
986 90
987 90
988 90
989 90
990 90
991 90
992 90
993 90
994 90
995 90
996 90
997 90
998 90
999 90
1000 90
