block round
357 50
358 50
359 50
360 50
361 50
362 50
363 50
364 50
365 50
366 50
367 50
368 50
369 50
370 50
371 50
372 50
373 50
374 50
375 50
376 50
377 50
378 50
379 50
380 50
381 50
382 50
383 50
384 50
385 50
386 50
387 50
388 50
389 50
390 50
391 50
392 50
393 50
394 50
395 50
396 50
397 50
398 50
399 50
400 50
401 50
402 50
403 50
404 50
405 50
406 50
407 50
937 50
938 50
939 50
940 50
941 50
942 50
943 50
944 50
945 50
946 50
947 50
948 50
949 50
950 50
951 50
952 50
953 50
954 50
955 50
956 50
957 50
958 50
959 50
960 50
961 50
962 50
963 50
964 50
965 50
966 50
967 50
968 50
969 50
970 50
971 50
972 50
973 50
974 50
975 50
976 50
977 50
978 50
979 50
980 50
981 50
982 50
983 50
984 50
985 50
986 50
