block round
567 20
568 20
569 20
570 20
571 20
572 20
573 20
574 20
575 20
576 20
577 20
578 20
579 20
580 20
581 20
582 20
583 20
584 20
585 20
586 20
587 20
588 20
589 20
590 20
591 20
592 20
593 20
594 20
595 20
596 20
597 20
598 20
599 20
600 20
601 20
602 20
603 20
604 20
605 20
606 20
607 20
608 20
609 20
610 20
611 20
612 20
613 20
614 20
615 20
616 20
617 20
618 20
619 20
620 20
621 20
622 20
623 20
624 20
625 20
626 20
627 20
628 20
629 20
630 20
631 20
632 20
633 20
634 20
635 20
636 20
637 20
638 20
639 20
640 20
641 20
642 20
643 20
644 20
645 20
646 20
647 20
1699 20
1700 20
1701 20
1702 20
1703 20
1704 20
1705 20
1706 20
1707 20
1708 20
1709 20
1710 20
1711 20
1712 20
1713 20
1714 20
1715 20
1716 20
1717 20
1718 20
