block round
819 10
820 10
821 10
822 10
823 10
824 10
825 10
826 10
827 10
828 10
829 10
830 10
831 10
832 10
833 10
834 10
835 10
836 10
837 10
838 10
839 10
840 10
841 10
842 10
843 10
844 10
845 10
846 10
847 10
848 10
849 10
850 10
851 10
852 10
853 10
854 10
855 10
856 10
857 10
858 10
859 10
860 10
861 10
862 10
863 10
864 10
865 10
866 10
867 10
868 10
869 10
870 10
871 10
872 10
873 10
874 10
875 10
876 10
877 10
878 10
879 10
880 10
881 10
882 10
883 10
884 10
885 10
886 10
887 10
888 10
889 10
890 10
891 10
892 10
893 10
894 10
895 10
896 10
897 10
898 10
899 10
900 10
901 10
902 10
903 10
904 10
905 10
906 10
907 10
908 10
909 10
1963 10
1964 10
1965 10
1966 10
1967 10
1968 10
1969 10
1970 10
1971 10
1972 10
