block round
189 80
190 80
191 80
192 80
193 80
194 80
195 80
196 80
197 80
198 80
199 80
200 80
201 80
202 80
203 80
204 80
205 80
206 80
207 80
208 80
209 80
453 80
454 80
455 80
456 80
457 80
458 80
459 80
460 80
461 80
462 80
463 80
464 80
465 80
466 80
467 80
468 80
469 80
470 80
471 80
472 80
473 80
474 80
475 80
476 80
477 80
478 80
479 80
768 80
769 80
770 80
771 80
772 80
773 80
774 80
775 80
776 80
777 80
778 80
779 80
780 80
781 80
782 80
783 80
784 80
785 80
786 80
787 80
788 80
789 80
790 80
791 80
792 80
793 80
794 80
795 80
796 80
797 80
798 80
799 80
1376 80
1377 80
1378 80
1379 80
1380 80
1381 80
1382 80
1383 80
1384 80
1385 80
1386 80
1387 80
1388 80
1389 80
1390 80
1391 80
1392 80
1393 80
1394 80
1395 80
1396 80
