block round
95 100
0 100
14 100
24 100
34 100
44 100
54 100
64 100
74 100
84 100
94 100
114 100
124 100
134 100
144 100
154 100
164 100
174 100
175 100
176 100
177 100
178 100
179 100
180 100
181 100
182 100
183 100
184 100
185 100
186 100
187 100
188 100
189 100
334 100
335 100
336 100
337 100
338 100
339 100
340 100
341 100
342 100
343 100
344 100
345 100
346 100
347 100
348 100
349 100
350 100
351 100
352 100
353 100
354 100
355 100
356 100
357 100
358 100
359 100
360 100
361 100
362 100
363 100
364 100
365 100
654 100
655 100
656 100
657 100
658 100
659 100
660 100
661 100
662 100
663 100
664 100
665 100
666 100
667 100
668 100
669 100
670 100
671 100
672 100
673 100
674 100
675 100
676 100
677 100
678 100
679 100
680 100
681 100
682 100
683 100
684 100
685 100
686 100
687 100
688 100
689 100
690 100
