block round
51 50
52 50
53 50
54 50
55 50
56 50
57 50
58 50
59 50
60 50
61 50
62 50
63 50
64 50
65 50
66 50
67 50
68 50
69 50
70 50
71 50
72 50
73 50
74 50
75 50
76 50
77 50
78 50
79 50
80 50
81 50
82 50
83 50
84 50
85 50
86 50
87 50
88 50
89 50
90 50
91 50
92 50
93 50
94 50
95 50
96 50
97 50
98 50
99 50
100 50
101 50
571 50
572 50
573 50
574 50
575 50
576 50
577 50
578 50
579 50
580 50
581 50
582 50
583 50
584 50
585 50
586 50
587 50
588 50
589 50
590 50
591 50
592 50
593 50
594 50
595 50
596 50
597 50
598 50
599 50
600 50
601 50
602 50
603 50
604 50
605 50
606 50
607 50
608 50
609 50
610 50
611 50
612 50
613 50
614 50
615 50
616 50
617 50
618 50
619 50
620 50
