block round
366 40
367 40
368 40
369 40
370 40
371 40
372 40
373 40
374 40
375 40
376 40
377 40
378 40
379 40
380 40
381 40
382 40
383 40
384 40
385 40
386 40
387 40
388 40
389 40
390 40
391 40
392 40
393 40
394 40
395 40
396 40
397 40
398 40
399 40
400 40
401 40
402 40
403 40
404 40
405 40
406 40
407 40
408 40
409 40
410 40
411 40
412 40
413 40
414 40
415 40
416 40
417 40
418 40
419 40
420 40
421 40
422 40
423 40
424 40
425 40
426 40
916 40
917 40
918 40
919 40
920 40
921 40
922 40
923 40
924 40
925 40
926 40
927 40
928 40
929 40
930 40
931 40
932 40
933 40
934 40
935 40
936 40
937 40
938 40
939 40
940 40
941 40
942 40
943 40
944 40
945 40
946 40
947 40
948 40
949 40
950 40
951 40
952 40
953 40
954 40
955 40
