block round
248 70
249 70
250 70
251 70
252 70
253 70
254 70
255 70
256 70
257 70
258 70
259 70
260 70
261 70
262 70
263 70
264 70
265 70
266 70
267 70
268 70
269 70
270 70
271 70
272 70
273 70
274 70
275 70
276 70
277 70
278 70
446 70
447 70
448 70
449 70
450 70
451 70
452 70
453 70
454 70
455 70
456 70
457 70
458 70
459 70
460 70
461 70
462 70
736 70
737 70
738 70
739 70
740 70
741 70
742 70
743 70
744 70
745 70
746 70
747 70
748 70
749 70
750 70
751 70
752 70
753 70
754 70
755 70
756 70
757 70
758 70
759 70
760 70
761 70
762 70
763 70
764 70
765 70
766 70
767 70
1312 70
1313 70
1314 70
1315 70
1316 70
1317 70
1318 70
1319 70
1320 70
1321 70
1322 70
1323 70
1324 70
1325 70
1326 70
1327 70
1328 70
1329 70
1330 70
1331 70
1332 70
