block round
93 90
94 90
95 90
96 90
97 90
98 90
99 90
100 90
101 90
102 90
103 90
122 90
132 90
142 90
152 90
162 90
292 90
293 90
294 90
295 90
296 90
297 90
298 90
299 90
300 90
301 90
302 90
303 90
304 90
305 90
306 90
307 90
580 90
581 90
582 90
583 90
584 90
585 90
586 90
587 90
588 90
589 90
590 90
591 90
592 90
593 90
594 90
595 90
596 90
597 90
598 90
599 90
600 90
601 90
602 90
603 90
604 90
605 90
606 90
607 90
608 90
609 90
610 90
611 90
1156 90
1157 90
1158 90
1159 90
1160 90
1161 90
1162 90
1163 90
1164 90
1165 90
1166 90
1167 90
1168 90
1169 90
1170 90
1171 90
1172 90
1173 90
1174 90
1175 90
1176 90
1177 90
1178 90
1179 90
1180 90
1181 90
1182 90
1183 90
1184 90
1185 90
1186 90
1187 90
1188 90
1189 90
1190 90
1191 90
1192 90
