block round
122 40
123 40
124 40
125 40
126 40
127 40
128 40
129 40
130 40
131 40
132 40
133 40
134 40
135 40
136 40
137 40
138 40
139 40
140 40
141 40
142 40
143 40
144 40
145 40
146 40
147 40
148 40
149 40
150 40
151 40
152 40
153 40
154 40
155 40
156 40
157 40
158 40
159 40
160 40
161 40
162 40
163 40
164 40
165 40
166 40
167 40
168 40
169 40
170 40
171 40
172 40
173 40
174 40
175 40
176 40
177 40
178 40
179 40
180 40
181 40
182 40
712 40
713 40
714 40
715 40
716 40
717 40
718 40
719 40
720 40
721 40
722 40
723 40
724 40
725 40
726 40
727 40
728 40
729 40
730 40
731 40
732 40
733 40
734 40
735 40
736 40
737 40
738 40
739 40
740 40
741 40
742 40
743 40
744 40
745 40
746 40
747 40
748 40
749 40
750 40
751 40
