block round
549 40
550 40
551 40
552 40
553 40
554 40
555 40
556 40
557 40
558 40
559 40
560 40
561 40
562 40
563 40
564 40
565 40
566 40
567 40
568 40
569 40
570 40
571 40
572 40
573 40
574 40
575 40
576 40
577 40
578 40
579 40
580 40
581 40
582 40
583 40
584 40
585 40
586 40
587 40
588 40
589 40
590 40
591 40
592 40
593 40
594 40
595 40
596 40
597 40
598 40
599 40
600 40
601 40
602 40
603 40
604 40
605 40
606 40
607 40
608 40
609 40
1069 40
1070 40
1071 40
1072 40
1073 40
1074 40
1075 40
1076 40
1077 40
1078 40
1079 40
1080 40
1081 40
1082 40
1083 40
1084 40
1085 40
1086 40
1087 40
1088 40
1089 40
1090 40
1091 40
1092 40
1093 40
1094 40
1095 40
1096 40
1097 40
1098 40
1099 40
1100 40
1101 40
1102 40
1103 40
1104 40
1105 40
1106 40
1107 40
1108 40
