block round
0 40
1 40
2 40
3 40
4 40
5 40
6 40
7 40
8 40
9 40
10 40
11 40
12 40
13 40
14 40
15 40
16 40
17 40
18 40
19 40
20 40
21 40
22 40
23 40
24 40
25 40
26 40
27 40
28 40
29 40
30 40
31 40
32 40
33 40
34 40
35 40
36 40
37 40
38 40
39 40
40 40
41 40
42 40
43 40
44 40
45 40
46 40
47 40
48 40
49 40
50 40
51 40
52 40
53 40
54 40
55 40
56 40
57 40
58 40
59 40
60 40
610 40
611 40
612 40
613 40
614 40
615 40
616 40
617 40
618 40
619 40
620 40
621 40
622 40
623 40
624 40
625 40
626 40
627 40
628 40
629 40
630 40
631 40
632 40
633 40
634 40
635 40
636 40
637 40
638 40
639 40
640 40
641 40
642 40
643 40
644 40
645 40
646 40
647 40
648 40
649 40
