block round
123 60
124 60
125 60
126 60
127 60
128 60
129 60
130 60
131 60
132 60
133 60
134 60
135 60
136 60
137 60
138 60
139 60
140 60
141 60
142 60
143 60
144 60
145 60
146 60
147 60
148 60
149 60
150 60
151 60
152 60
153 60
154 60
155 60
156 60
157 60
158 60
159 60
160 60
161 60
162 60
163 60
575 60
576 60
577 60
578 60
579 60
580 60
581 60
582 60
583 60
584 60
585 60
586 60
587 60
588 60
589 60
590 60
591 60
592 60
593 60
594 60
595 60
596 60
597 60
598 60
599 60
600 60
601 60
602 60
603 60
604 60
605 60
606 60
607 60
608 60
609 60
610 60
611 60
612 60
613 60
614 60
615 60
616 60
617 60
618 60
619 60
620 60
621 60
622 60
623 60
624 60
625 60
626 60
627 60
628 60
629 60
1152 60
1153 60
1154 60
1155 60
1156 60
