file block round
0 0 80
0 1 80
0 2 80
0 3 80
0 4 80
0 5 80
0 6 80
0 7 80
0 8 80
0 9 80
0 10 80
0 11 80
0 12 80
0 13 80
0 14 80
0 15 80
0 16 80
0 17 80
0 18 80
0 19 80
0 20 80
0 210 80
0 211 80
0 212 80
0 213 80
0 214 80
0 215 80
0 216 80
0 217 80
0 218 80
0 219 80
0 220 80
0 221 80
0 222 80
0 223 80
0 224 80
0 225 80
0 226 80
0 227 80
0 228 80
0 229 80
0 230 80
0 231 80
0 232 80
0 233 80
0 234 80
0 235 80
0 236 80
0 480 80
0 481 80
0 482 80
0 483 80
0 484 80
0 485 80
0 486 80
0 487 80
0 488 80
0 489 80
0 490 80
0 491 80
0 492 80
0 493 80
0 494 80
0 495 80
0 496 80
0 497 80
0 498 80
0 499 80
0 500 80
0 501 80
0 502 80
0 503 80
0 504 80
0 505 80
0 506 80
0 507 80
0 508 80
0 509 80
0 510 80
0 511 80
0 800 80
0 801 80
0 802 80
0 803 80
0 804 80
0 805 80
0 806 80
0 807 80
0 808 80
0 809 80
0 810 80
0 811 80
0 812 80
0 813 80
0 814 80
0 815 80
0 816 80
0 817 80
0 818 80
0 819 80
0 820 80
1 21 80
1 22 80
1 23 80
1 24 80
1 25 80
1 26 80
1 27 80
1 28 80
1 29 80
1 30 80
1 31 80
1 32 80
1 33 80
1 34 80
1 35 80
1 36 80
1 37 80
1 38 80
1 39 80
1 40 80
1 41 80
1 237 80
1 238 80
1 239 80
1 240 80
1 241 80
1 242 80
1 243 80
1 244 80
1 245 80
1 246 80
1 247 80
1 248 80
1 249 80
1 250 80
1 251 80
1 252 80
1 253 80
1 254 80
1 255 80
1 256 80
1 257 80
1 258 80
1 259 80
1 260 80
1 261 80
1 262 80
1 263 80
1 512 80
1 513 80
1 514 80
1 515 80
1 516 80
1 517 80
1 518 80
1 519 80
1 520 80
1 521 80
1 522 80
1 523 80
1 524 80
1 525 80
1 526 80
1 527 80
1 528 80
1 529 80
1 530 80
1 531 80
1 532 80
1 533 80
1 534 80
1 535 80
1 536 80
1 537 80
1 538 80
1 539 80
1 540 80
1 541 80
1 542 80
1 543 80
1 864 80
1 865 80
1 866 80
1 867 80
1 868 80
1 869 80
1 870 80
1 871 80
1 872 80
1 873 80
1 874 80
1 875 80
1 876 80
1 877 80
1 878 80
1 879 80
1 880 80
1 881 80
1 882 80
1 883 80
1 884 80
2 42 80
2 43 80
2 44 80
2 45 80
2 46 80
2 47 80
2 48 80
2 49 80
2 50 80
2 51 80
2 52 80
2 53 80
2 54 80
2 55 80
2 56 80
2 57 80
2 58 80
2 59 80
2 60 80
2 61 80
2 62 80
2 264 80
2 265 80
2 266 80
2 267 80
2 268 80
2 269 80
2 270 80
2 271 80
2 272 80
2 273 80
2 274 80
2 275 80
2 276 80
2 277 80
2 278 80
2 279 80
2 280 80
2 281 80
2 282 80
2 283 80
2 284 80
2 285 80
2 286 80
2 287 80
2 288 80
2 289 80
2 290 80
2 544 80
2 545 80
2 546 80
2 547 80
2 548 80
2 549 80
2 550 80
2 551 80
2 552 80
2 553 80
2 554 80
2 555 80
2 556 80
2 557 80
2 558 80
2 559 80
2 560 80
2 561 80
2 562 80
2 563 80
2 564 80
2 565 80
2 566 80
2 567 80
2 568 80
2 569 80
2 570 80
2 571 80
2 572 80
2 573 80
2 574 80
2 575 80
2 928 80
2 929 80
2 930 80
2 931 80
2 932 80
2 933 80
2 934 80
2 935 80
2 936 80
2 937 80
2 938 80
2 939 80
2 940 80
2 941 80
2 942 80
2 943 80
2 944 80
2 945 80
2 946 80
2 947 80
2 948 80
3 63 80
3 64 80
3 65 80
3 66 80
3 67 80
3 68 80
3 69 80
3 70 80
3 71 80
3 72 80
3 73 80
3 74 80
3 75 80
3 76 80
3 77 80
3 78 80
3 79 80
3 80 80
3 81 80
3 82 80
3 83 80
3 291 80
3 292 80
3 293 80
3 294 80
3 295 80
3 296 80
3 297 80
3 298 80
3 299 80
3 300 80
3 301 80
3 302 80
3 303 80
3 304 80
3 305 80
3 306 80
3 307 80
3 308 80
3 309 80
3 310 80
3 311 80
3 312 80
3 313 80
3 314 80
3 315 80
3 316 80
3 317 80
3 576 80
3 577 80
3 578 80
3 579 80
3 580 80
3 581 80
3 582 80
3 583 80
3 584 80
3 585 80
3 586 80
3 587 80
3 588 80
3 589 80
3 590 80
3 591 80
3 592 80
3 593 80
3 594 80
3 595 80
3 596 80
3 597 80
3 598 80
3 599 80
3 600 80
3 601 80
3 602 80
3 603 80
3 604 80
3 605 80
3 606 80
3 607 80
3 992 80
3 993 80
3 994 80
3 995 80
3 996 80
3 997 80
3 998 80
3 999 80
3 1000 80
3 1001 80
3 1002 80
3 1003 80
3 1004 80
3 1005 80
3 1006 80
3 1007 80
3 1008 80
3 1009 80
3 1010 80
3 1011 80
3 1012 80
4 84 80
4 85 80
4 86 80
4 87 80
4 88 80
4 89 80
4 90 80
4 91 80
4 92 80
4 93 80
4 94 80
4 95 80
4 96 80
4 97 80
4 98 80
4 99 80
4 100 80
4 101 80
4 102 80
4 103 80
4 104 80
4 318 80
4 319 80
4 320 80
4 321 80
4 322 80
4 323 80
4 324 80
4 325 80
4 326 80
4 327 80
4 328 80
4 329 80
4 330 80
4 331 80
4 332 80
4 333 80
4 334 80
4 335 80
4 336 80
4 337 80
4 338 80
4 339 80
4 340 80
4 341 80
4 342 80
4 343 80
4 344 80
4 608 80
4 609 80
4 610 80
4 611 80
4 612 80
4 613 80
4 614 80
4 615 80
4 616 80
4 617 80
4 618 80
4 619 80
4 620 80
4 621 80
4 622 80
4 623 80
4 624 80
4 625 80
4 626 80
4 627 80
4 628 80
4 629 80
4 630 80
4 631 80
4 632 80
4 633 80
4 634 80
4 635 80
4 636 80
4 637 80
4 638 80
4 639 80
4 1056 80
4 1057 80
4 1058 80
4 1059 80
4 1060 80
4 1061 80
4 1062 80
4 1063 80
4 1064 80
4 1065 80
4 1066 80
4 1067 80
4 1068 80
4 1069 80
4 1070 80
4 1071 80
4 1072 80
4 1073 80
4 1074 80
4 1075 80
4 1076 80
5 105 80
5 106 80
5 107 80
5 108 80
5 109 80
5 110 80
5 111 80
5 112 80
5 113 80
5 114 80
5 115 80
5 116 80
5 117 80
5 118 80
5 119 80
5 120 80
5 121 80
5 122 80
5 123 80
5 124 80
5 125 80
5 345 80
5 346 80
5 347 80
5 348 80
5 349 80
5 350 80
5 351 80
5 352 80
5 353 80
5 354 80
5 355 80
5 356 80
5 357 80
5 358 80
5 359 80
5 360 80
5 361 80
5 362 80
5 363 80
5 364 80
5 365 80
5 366 80
5 367 80
5 368 80
5 369 80
5 370 80
5 371 80
5 640 80
5 641 80
5 642 80
5 643 80
5 644 80
5 645 80
5 646 80
5 647 80
5 648 80
5 649 80
5 650 80
5 651 80
5 652 80
5 653 80
5 654 80
5 655 80
5 656 80
5 657 80
5 658 80
5 659 80
5 660 80
5 661 80
5 662 80
5 663 80
5 664 80
5 665 80
5 666 80
5 667 80
5 668 80
5 669 80
5 670 80
5 671 80
5 1120 80
5 1121 80
5 1122 80
5 1123 80
5 1124 80
5 1125 80
5 1126 80
5 1127 80
5 1128 80
5 1129 80
5 1130 80
5 1131 80
5 1132 80
5 1133 80
5 1134 80
5 1135 80
5 1136 80
5 1137 80
5 1138 80
5 1139 80
5 1140 80
6 126 80
6 127 80
6 128 80
6 129 80
6 130 80
6 131 80
6 132 80
6 133 80
6 134 80
6 135 80
6 136 80
6 137 80
6 138 80
6 139 80
6 140 80
6 141 80
6 142 80
6 143 80
6 144 80
6 145 80
6 146 80
6 372 80
6 373 80
6 374 80
6 375 80
6 376 80
6 377 80
6 378 80
6 379 80
6 380 80
6 381 80
6 382 80
6 383 80
6 384 80
6 385 80
6 386 80
6 387 80
6 388 80
6 389 80
6 390 80
6 391 80
6 392 80
6 393 80
6 394 80
6 395 80
6 396 80
6 397 80
6 398 80
6 672 80
6 673 80
6 674 80
6 675 80
6 676 80
6 677 80
6 678 80
6 679 80
6 680 80
6 681 80
6 682 80
6 683 80
6 684 80
6 685 80
6 686 80
6 687 80
6 688 80
6 689 80
6 690 80
6 691 80
6 692 80
6 693 80
6 694 80
6 695 80
6 696 80
6 697 80
6 698 80
6 699 80
6 700 80
6 701 80
6 702 80
6 703 80
6 1184 80
6 1185 80
6 1186 80
6 1187 80
6 1188 80
6 1189 80
6 1190 80
6 1191 80
6 1192 80
6 1193 80
6 1194 80
6 1195 80
6 1196 80
6 1197 80
6 1198 80
6 1199 80
6 1200 80
6 1201 80
6 1202 80
6 1203 80
6 1204 80
7 147 80
7 148 80
7 149 80
7 150 80
7 151 80
7 152 80
7 153 80
7 154 80
7 155 80
7 156 80
7 157 80
7 158 80
7 159 80
7 160 80
7 161 80
7 162 80
7 163 80
7 164 80
7 165 80
7 166 80
7 167 80
7 399 80
7 400 80
7 401 80
7 402 80
7 403 80
7 404 80
7 405 80
7 406 80
7 407 80
7 408 80
7 409 80
7 410 80
7 411 80
7 412 80
7 413 80
7 414 80
7 415 80
7 416 80
7 417 80
7 418 80
7 419 80
7 420 80
7 421 80
7 422 80
7 423 80
7 424 80
7 425 80
7 704 80
7 705 80
7 706 80
7 707 80
7 708 80
7 709 80
7 710 80
7 711 80
7 712 80
7 713 80
7 714 80
7 715 80
7 716 80
7 717 80
7 718 80
7 719 80
7 720 80
7 721 80
7 722 80
7 723 80
7 724 80
7 725 80
7 726 80
7 727 80
7 728 80
7 729 80
7 730 80
7 731 80
7 732 80
7 733 80
7 734 80
7 735 80
7 1248 80
7 1249 80
7 1250 80
7 1251 80
7 1252 80
7 1253 80
7 1254 80
7 1255 80
7 1256 80
7 1257 80
7 1258 80
7 1259 80
7 1260 80
7 1261 80
7 1262 80
7 1263 80
7 1264 80
7 1265 80
7 1266 80
7 1267 80
7 1268 80
8 168 80
8 169 80
8 170 80
8 171 80
8 172 80
8 173 80
8 174 80
8 175 80
8 176 80
8 177 80
8 178 80
8 179 80
8 180 80
8 181 80
8 182 80
8 183 80
8 184 80
8 185 80
8 186 80
8 187 80
8 188 80
8 426 80
8 427 80
8 428 80
8 429 80
8 430 80
8 431 80
8 432 80
8 433 80
8 434 80
8 435 80
8 436 80
8 437 80
8 438 80
8 439 80
8 440 80
8 441 80
8 442 80
8 443 80
8 444 80
8 445 80
8 446 80
8 447 80
8 448 80
8 449 80
8 450 80
8 451 80
8 452 80
8 736 80
8 737 80
8 738 80
8 739 80
8 740 80
8 741 80
8 742 80
8 743 80
8 744 80
8 745 80
8 746 80
8 747 80
8 748 80
8 749 80
8 750 80
8 751 80
8 752 80
8 753 80
8 754 80
8 755 80
8 756 80
8 757 80
8 758 80
8 759 80
8 760 80
8 761 80
8 762 80
8 763 80
8 764 80
8 765 80
8 766 80
8 767 80
8 1312 80
8 1313 80
8 1314 80
8 1315 80
8 1316 80
8 1317 80
8 1318 80
8 1319 80
8 1320 80
8 1321 80
8 1322 80
8 1323 80
8 1324 80
8 1325 80
8 1326 80
8 1327 80
8 1328 80
8 1329 80
8 1330 80
8 1331 80
8 1332 80
9 189 80
9 190 80
9 191 80
9 192 80
9 193 80
9 194 80
9 195 80
9 196 80
9 197 80
9 198 80
9 199 80
9 200 80
9 201 80
9 202 80
9 203 80
9 204 80
9 205 80
9 206 80
9 207 80
9 208 80
9 209 80
9 453 80
9 454 80
9 455 80
9 456 80
9 457 80
9 458 80
9 459 80
9 460 80
9 461 80
9 462 80
9 463 80
9 464 80
9 465 80
9 466 80
9 467 80
9 468 80
9 469 80
9 470 80
9 471 80
9 472 80
9 473 80
9 474 80
9 475 80
9 476 80
9 477 80
9 478 80
9 479 80
9 768 80
9 769 80
9 770 80
9 771 80
9 772 80
9 773 80
9 774 80
9 775 80
9 776 80
9 777 80
9 778 80
9 779 80
9 780 80
9 781 80
9 782 80
9 783 80
9 784 80
9 785 80
9 786 80
9 787 80
9 788 80
9 789 80
9 790 80
9 791 80
9 792 80
9 793 80
9 794 80
9 795 80
9 796 80
9 797 80
9 798 80
9 799 80
9 1376 80
9 1377 80
9 1378 80
9 1379 80
9 1380 80
9 1381 80
9 1382 80
9 1383 80
9 1384 80
9 1385 80
9 1386 80
9 1387 80
9 1388 80
9 1389 80
9 1390 80
9 1391 80
9 1392 80
9 1393 80
9 1394 80
9 1395 80
9 1396 80
