block round
243 20
244 20
245 20
246 20
247 20
248 20
249 20
250 20
251 20
252 20
253 20
254 20
255 20
256 20
257 20
258 20
259 20
260 20
261 20
262 20
263 20
264 20
265 20
266 20
267 20
268 20
269 20
270 20
271 20
272 20
273 20
274 20
275 20
276 20
277 20
278 20
279 20
280 20
281 20
282 20
283 20
284 20
285 20
286 20
287 20
288 20
289 20
290 20
291 20
292 20
293 20
294 20
295 20
296 20
297 20
298 20
299 20
300 20
301 20
302 20
303 20
304 20
305 20
306 20
307 20
308 20
309 20
310 20
311 20
312 20
313 20
314 20
315 20
316 20
317 20
318 20
319 20
320 20
321 20
322 20
323 20
1191 20
1192 20
1193 20
1194 20
1195 20
1196 20
1197 20
1198 20
1199 20
1200 20
1201 20
1202 20
1203 20
1204 20
1205 20
1206 20
1207 20
1208 20
1209 20
1210 20
