block round
497 30
498 30
499 30
500 30
501 30
502 30
503 30
504 30
505 30
506 30
507 30
508 30
509 30
510 30
511 30
512 30
513 30
514 30
515 30
516 30
517 30
518 30
519 30
520 30
521 30
522 30
523 30
524 30
525 30
526 30
527 30
528 30
529 30
530 30
531 30
532 30
533 30
534 30
535 30
536 30
537 30
538 30
539 30
540 30
541 30
542 30
543 30
544 30
545 30
546 30
547 30
548 30
549 30
550 30
551 30
552 30
553 30
554 30
555 30
556 30
557 30
558 30
559 30
560 30
561 30
562 30
563 30
564 30
565 30
566 30
567 30
1557 30
1558 30
1559 30
1560 30
1561 30
1562 30
1563 30
1564 30
1565 30
1566 30
1567 30
1568 30
1569 30
1570 30
1571 30
1572 30
1573 30
1574 30
1575 30
1576 30
1577 30
1578 30
1579 30
1580 30
1581 30
1582 30
1583 30
1584 30
1585 30
1586 30
