block round
126 80
127 80
128 80
129 80
130 80
131 80
132 80
133 80
134 80
135 80
136 80
137 80
138 80
139 80
140 80
141 80
142 80
143 80
144 80
145 80
146 80
372 80
373 80
374 80
375 80
376 80
377 80
378 80
379 80
380 80
381 80
382 80
383 80
384 80
385 80
386 80
387 80
388 80
389 80
390 80
391 80
392 80
393 80
394 80
395 80
396 80
397 80
398 80
672 80
673 80
674 80
675 80
676 80
677 80
678 80
679 80
680 80
681 80
682 80
683 80
684 80
685 80
686 80
687 80
688 80
689 80
690 80
691 80
692 80
693 80
694 80
695 80
696 80
697 80
698 80
699 80
700 80
701 80
702 80
703 80
1184 80
1185 80
1186 80
1187 80
1188 80
1189 80
1190 80
1191 80
1192 80
1193 80
1194 80
1195 80
1196 80
1197 80
1198 80
1199 80
1200 80
1201 80
1202 80
1203 80
1204 80
