block round
0 90
5 90
6 90
7 90
8 90
9 90
10 90
11 90
12 90
13 90
14 90
15 90
124 90
134 90
144 90
154 90
164 90
165 90
166 90
167 90
168 90
169 90
170 90
171 90
172 90
173 90
174 90
175 90
176 90
177 90
178 90
179 90
324 90
325 90
326 90
327 90
328 90
329 90
330 90
331 90
332 90
333 90
334 90
335 90
336 90
337 90
338 90
339 90
340 90
341 90
342 90
343 90
344 90
345 90
346 90
347 90
348 90
349 90
350 90
351 90
352 90
353 90
354 90
355 90
644 90
645 90
646 90
647 90
648 90
649 90
650 90
651 90
652 90
653 90
654 90
655 90
656 90
657 90
658 90
659 90
660 90
661 90
662 90
663 90
664 90
665 90
666 90
667 90
668 90
669 90
670 90
671 90
672 90
673 90
674 90
675 90
676 90
677 90
678 90
679 90
680 90
