file block round
0 95 100
0 0 100
0 14 100
0 24 100
0 34 100
0 44 100
0 54 100
0 64 100
0 74 100
0 84 100
0 94 100
0 114 100
0 124 100
0 134 100
0 144 100
0 154 100
0 164 100
0 174 100
0 175 100
0 176 100
0 177 100
0 178 100
0 179 100
0 180 100
0 181 100
0 182 100
0 183 100
0 184 100
0 185 100
0 186 100
0 187 100
0 188 100
0 189 100
0 334 100
0 335 100
0 336 100
0 337 100
0 338 100
0 339 100
0 340 100
0 341 100
0 342 100
0 343 100
0 344 100
0 345 100
0 346 100
0 347 100
0 348 100
0 349 100
0 350 100
0 351 100
0 352 100
0 353 100
0 354 100
0 355 100
0 356 100
0 357 100
0 358 100
0 359 100
0 360 100
0 361 100
0 362 100
0 363 100
0 364 100
0 365 100
0 654 100
0 655 100
0 656 100
0 657 100
0 658 100
0 659 100
0 660 100
0 661 100
0 662 100
0 663 100
0 664 100
0 665 100
0 666 100
0 667 100
0 668 100
0 669 100
0 670 100
0 671 100
0 672 100
0 673 100
0 674 100
0 675 100
0 676 100
0 677 100
0 678 100
0 679 100
0 680 100
0 681 100
0 682 100
0 683 100
0 684 100
0 685 100
0 686 100
0 687 100
0 688 100
0 689 100
0 690 100
1 97 100
1 5 100
1 15 100
1 25 100
1 35 100
1 45 100
1 55 100
1 65 100
1 75 100
1 85 100
1 96 100
1 115 100
1 125 100
1 135 100
1 145 100
1 155 100
1 165 100
1 190 100
1 191 100
1 192 100
1 193 100
1 194 100
1 195 100
1 196 100
1 197 100
1 198 100
1 199 100
1 200 100
1 201 100
1 202 100
1 203 100
1 204 100
1 205 100
1 366 100
1 367 100
1 368 100
1 369 100
1 370 100
1 371 100
1 372 100
1 373 100
1 374 100
1 375 100
1 376 100
1 377 100
1 378 100
1 379 100
1 380 100
1 381 100
1 382 100
1 383 100
1 384 100
1 385 100
1 386 100
1 387 100
1 388 100
1 389 100
1 390 100
1 391 100
1 392 100
1 393 100
1 394 100
1 395 100
1 396 100
1 397 100
1 718 100
1 719 100
1 720 100
1 721 100
1 722 100
1 723 100
1 724 100
1 725 100
1 726 100
1 727 100
1 728 100
1 729 100
1 730 100
1 731 100
1 732 100
1 733 100
1 734 100
1 735 100
1 736 100
1 737 100
1 738 100
1 739 100
1 740 100
1 741 100
1 742 100
1 743 100
1 744 100
1 745 100
1 746 100
1 747 100
1 748 100
1 749 100
1 750 100
1 751 100
1 752 100
1 753 100
1 754 100
2 99 100
2 6 100
2 16 100
2 26 100
2 36 100
2 46 100
2 56 100
2 66 100
2 76 100
2 86 100
2 98 100
2 116 100
2 126 100
2 136 100
2 146 100
2 156 100
2 166 100
2 206 100
2 207 100
2 208 100
2 209 100
2 210 100
2 211 100
2 212 100
2 213 100
2 214 100
2 215 100
2 216 100
2 217 100
2 218 100
2 219 100
2 220 100
2 221 100
2 398 100
2 399 100
2 400 100
2 401 100
2 402 100
2 403 100
2 404 100
2 405 100
2 406 100
2 407 100
2 408 100
2 409 100
2 410 100
2 411 100
2 412 100
2 413 100
2 414 100
2 415 100
2 416 100
2 417 100
2 418 100
2 419 100
2 420 100
2 421 100
2 422 100
2 423 100
2 424 100
2 425 100
2 426 100
2 427 100
2 428 100
2 429 100
2 782 100
2 783 100
2 784 100
2 785 100
2 786 100
2 787 100
2 788 100
2 789 100
2 790 100
2 791 100
2 792 100
2 793 100
2 794 100
2 795 100
2 796 100
2 797 100
2 798 100
2 799 100
2 800 100
2 801 100
2 802 100
2 803 100
2 804 100
2 805 100
2 806 100
2 807 100
2 808 100
2 809 100
2 810 100
2 811 100
2 812 100
2 813 100
2 814 100
2 815 100
2 816 100
2 817 100
2 818 100
3 101 100
3 7 100
3 17 100
3 27 100
3 37 100
3 47 100
3 57 100
3 67 100
3 77 100
3 87 100
3 100 100
3 117 100
3 127 100
3 137 100
3 147 100
3 157 100
3 167 100
3 222 100
3 223 100
3 224 100
3 225 100
3 226 100
3 227 100
3 228 100
3 229 100
3 230 100
3 231 100
3 232 100
3 233 100
3 234 100
3 235 100
3 236 100
3 237 100
3 430 100
3 431 100
3 432 100
3 433 100
3 434 100
3 435 100
3 436 100
3 437 100
3 438 100
3 439 100
3 440 100
3 441 100
3 442 100
3 443 100
3 444 100
3 445 100
3 446 100
3 447 100
3 448 100
3 449 100
3 450 100
3 451 100
3 452 100
3 453 100
3 454 100
3 455 100
3 456 100
3 457 100
3 458 100
3 459 100
3 460 100
3 461 100
3 846 100
3 847 100
3 848 100
3 849 100
3 850 100
3 851 100
3 852 100
3 853 100
3 854 100
3 855 100
3 856 100
3 857 100
3 858 100
3 859 100
3 860 100
3 861 100
3 862 100
3 863 100
3 864 100
3 865 100
3 866 100
3 867 100
3 868 100
3 869 100
3 870 100
3 871 100
3 872 100
3 873 100
3 874 100
3 875 100
3 876 100
3 877 100
3 878 100
3 879 100
3 880 100
3 881 100
3 882 100
4 103 100
4 8 100
4 18 100
4 28 100
4 38 100
4 48 100
4 58 100
4 68 100
4 78 100
4 88 100
4 102 100
4 118 100
4 128 100
4 138 100
4 148 100
4 158 100
4 168 100
4 238 100
4 239 100
4 240 100
4 241 100
4 242 100
4 243 100
4 244 100
4 245 100
4 246 100
4 247 100
4 248 100
4 249 100
4 250 100
4 251 100
4 252 100
4 253 100
4 462 100
4 463 100
4 464 100
4 465 100
4 466 100
4 467 100
4 468 100
4 469 100
4 470 100
4 471 100
4 472 100
4 473 100
4 474 100
4 475 100
4 476 100
4 477 100
4 478 100
4 479 100
4 480 100
4 481 100
4 482 100
4 483 100
4 484 100
4 485 100
4 486 100
4 487 100
4 488 100
4 489 100
4 490 100
4 491 100
4 492 100
4 493 100
4 910 100
4 911 100
4 912 100
4 913 100
4 914 100
4 915 100
4 916 100
4 917 100
4 918 100
4 919 100
4 920 100
4 921 100
4 922 100
4 923 100
4 924 100
4 925 100
4 926 100
4 927 100
4 928 100
4 929 100
4 930 100
4 931 100
4 932 100
4 933 100
4 934 100
4 935 100
4 936 100
4 937 100
4 938 100
4 939 100
4 940 100
4 941 100
4 942 100
4 943 100
4 944 100
4 945 100
4 946 100
5 105 100
5 9 100
5 19 100
5 29 100
5 39 100
5 49 100
5 59 100
5 69 100
5 79 100
5 89 100
5 104 100
5 119 100
5 129 100
5 139 100
5 149 100
5 159 100
5 169 100
5 254 100
5 255 100
5 256 100
5 257 100
5 258 100
5 259 100
5 260 100
5 261 100
5 262 100
5 263 100
5 264 100
5 265 100
5 266 100
5 267 100
5 268 100
5 269 100
5 494 100
5 495 100
5 496 100
5 497 100
5 498 100
5 499 100
5 500 100
5 501 100
5 502 100
5 503 100
5 504 100
5 505 100
5 506 100
5 507 100
5 508 100
5 509 100
5 510 100
5 511 100
5 512 100
5 513 100
5 514 100
5 515 100
5 516 100
5 517 100
5 518 100
5 519 100
5 520 100
5 521 100
5 522 100
5 523 100
5 524 100
5 525 100
5 974 100
5 975 100
5 976 100
5 977 100
5 978 100
5 979 100
5 980 100
5 981 100
5 982 100
5 983 100
5 984 100
5 985 100
5 986 100
5 987 100
5 988 100
5 989 100
5 990 100
5 991 100
5 992 100
5 993 100
5 994 100
5 995 100
5 996 100
5 997 100
5 998 100
5 999 100
5 1000 100
5 1001 100
5 1002 100
5 1003 100
5 1004 100
5 1005 100
5 1006 100
5 1007 100
5 1008 100
5 1009 100
5 1010 100
6 107 100
6 10 100
6 20 100
6 30 100
6 40 100
6 50 100
6 60 100
6 70 100
6 80 100
6 90 100
6 106 100
6 120 100
6 130 100
6 140 100
6 150 100
6 160 100
6 170 100
6 270 100
6 271 100
6 272 100
6 273 100
6 274 100
6 275 100
6 276 100
6 277 100
6 278 100
6 279 100
6 280 100
6 281 100
6 282 100
6 283 100
6 284 100
6 285 100
6 526 100
6 527 100
6 528 100
6 529 100
6 530 100
6 531 100
6 532 100
6 533 100
6 534 100
6 535 100
6 536 100
6 537 100
6 538 100
6 539 100
6 540 100
6 541 100
6 542 100
6 543 100
6 544 100
6 545 100
6 546 100
6 547 100
6 548 100
6 549 100
6 550 100
6 551 100
6 552 100
6 553 100
6 554 100
6 555 100
6 556 100
6 557 100
6 1038 100
6 1039 100
6 1040 100
6 1041 100
6 1042 100
6 1043 100
6 1044 100
6 1045 100
6 1046 100
6 1047 100
6 1048 100
6 1049 100
6 1050 100
6 1051 100
6 1052 100
6 1053 100
6 1054 100
6 1055 100
6 1056 100
6 1057 100
6 1058 100
6 1059 100
6 1060 100
6 1061 100
6 1062 100
6 1063 100
6 1064 100
6 1065 100
6 1066 100
6 1067 100
6 1068 100
6 1069 100
6 1070 100
6 1071 100
6 1072 100
6 1073 100
6 1074 100
7 109 100
7 11 100
7 21 100
7 31 100
7 41 100
7 51 100
7 61 100
7 71 100
7 81 100
7 91 100
7 108 100
7 121 100
7 131 100
7 141 100
7 151 100
7 161 100
7 171 100
7 286 100
7 287 100
7 288 100
7 289 100
7 290 100
7 291 100
7 292 100
7 293 100
7 294 100
7 295 100
7 296 100
7 297 100
7 298 100
7 299 100
7 300 100
7 301 100
7 558 100
7 559 100
7 560 100
7 561 100
7 562 100
7 563 100
7 564 100
7 565 100
7 566 100
7 567 100
7 568 100
7 569 100
7 570 100
7 571 100
7 572 100
7 573 100
7 574 100
7 575 100
7 576 100
7 577 100
7 578 100
7 579 100
7 580 100
7 581 100
7 582 100
7 583 100
7 584 100
7 585 100
7 586 100
7 587 100
7 588 100
7 589 100
7 1102 100
7 1103 100
7 1104 100
7 1105 100
7 1106 100
7 1107 100
7 1108 100
7 1109 100
7 1110 100
7 1111 100
7 1112 100
7 1113 100
7 1114 100
7 1115 100
7 1116 100
7 1117 100
7 1118 100
7 1119 100
7 1120 100
7 1121 100
7 1122 100
7 1123 100
7 1124 100
7 1125 100
7 1126 100
7 1127 100
7 1128 100
7 1129 100
7 1130 100
7 1131 100
7 1132 100
7 1133 100
7 1134 100
7 1135 100
7 1136 100
7 1137 100
7 1138 100
8 111 100
8 12 100
8 22 100
8 32 100
8 42 100
8 52 100
8 62 100
8 72 100
8 82 100
8 92 100
8 110 100
8 122 100
8 132 100
8 142 100
8 152 100
8 162 100
8 172 100
8 302 100
8 303 100
8 304 100
8 305 100
8 306 100
8 307 100
8 308 100
8 309 100
8 310 100
8 311 100
8 312 100
8 313 100
8 314 100
8 315 100
8 316 100
8 317 100
8 590 100
8 591 100
8 592 100
8 593 100
8 594 100
8 595 100
8 596 100
8 597 100
8 598 100
8 599 100
8 600 100
8 601 100
8 602 100
8 603 100
8 604 100
8 605 100
8 606 100
8 607 100
8 608 100
8 609 100
8 610 100
8 611 100
8 612 100
8 613 100
8 614 100
8 615 100
8 616 100
8 617 100
8 618 100
8 619 100
8 620 100
8 621 100
8 1166 100
8 1167 100
8 1168 100
8 1169 100
8 1170 100
8 1171 100
8 1172 100
8 1173 100
8 1174 100
8 1175 100
8 1176 100
8 1177 100
8 1178 100
8 1179 100
8 1180 100
8 1181 100
8 1182 100
8 1183 100
8 1184 100
8 1185 100
8 1186 100
8 1187 100
8 1188 100
8 1189 100
8 1190 100
8 1191 100
8 1192 100
8 1193 100
8 1194 100
8 1195 100
8 1196 100
8 1197 100
8 1198 100
8 1199 100
8 1200 100
8 1201 100
8 1202 100
9 113 100
9 13 100
9 23 100
9 33 100
9 43 100
9 53 100
9 63 100
9 73 100
9 83 100
9 93 100
9 112 100
9 123 100
9 133 100
9 143 100
9 153 100
9 163 100
9 173 100
9 318 100
9 319 100
9 320 100
9 321 100
9 322 100
9 323 100
9 324 100
9 325 100
9 326 100
9 327 100
9 328 100
9 329 100
9 330 100
9 331 100
9 332 100
9 333 100
9 622 100
9 623 100
9 624 100
9 625 100
9 626 100
9 627 100
9 628 100
9 629 100
9 630 100
9 631 100
9 632 100
9 633 100
9 634 100
9 635 100
9 636 100
9 637 100
9 638 100
9 639 100
9 640 100
9 641 100
9 642 100
9 643 100
9 644 100
9 645 100
9 646 100
9 647 100
9 648 100
9 649 100
9 650 100
9 651 100
9 652 100
9 653 100
9 1230 100
9 1231 100
9 1232 100
9 1233 100
9 1234 100
9 1235 100
9 1236 100
9 1237 100
9 1238 100
9 1239 100
9 1240 100
9 1241 100
9 1242 100
9 1243 100
9 1244 100
9 1245 100
9 1246 100
9 1247 100
9 1248 100
9 1249 100
9 1250 100
9 1251 100
9 1252 100
9 1253 100
9 1254 100
9 1255 100
9 1256 100
9 1257 100
9 1258 100
9 1259 100
9 1260 100
9 1261 100
9 1262 100
9 1263 100
9 1264 100
9 1265 100
9 1266 100
