block round
103 100
8 100
18 100
28 100
38 100
48 100
58 100
68 100
78 100
88 100
102 100
118 100
128 100
138 100
148 100
158 100
168 100
238 100
239 100
240 100
241 100
242 100
243 100
244 100
245 100
246 100
247 100
248 100
249 100
250 100
251 100
252 100
253 100
462 100
463 100
464 100
465 100
466 100
467 100
468 100
469 100
470 100
471 100
472 100
473 100
474 100
475 100
476 100
477 100
478 100
479 100
480 100
481 100
482 100
483 100
484 100
485 100
486 100
487 100
488 100
489 100
490 100
491 100
492 100
493 100
910 100
911 100
912 100
913 100
914 100
915 100
916 100
917 100
918 100
919 100
920 100
921 100
922 100
923 100
924 100
925 100
926 100
927 100
928 100
929 100
930 100
931 100
932 100
933 100
934 100
935 100
936 100
937 100
938 100
939 100
940 100
941 100
942 100
943 100
944 100
945 100
946 100
