block round
0 70
1 70
2 70
3 70
4 70
5 70
6 70
7 70
8 70
9 70
10 70
11 70
12 70
13 70
14 70
15 70
16 70
17 70
18 70
19 70
20 70
21 70
22 70
23 70
24 70
25 70
26 70
27 70
28 70
29 70
30 70
310 70
311 70
312 70
313 70
314 70
315 70
316 70
317 70
318 70
319 70
320 70
321 70
322 70
323 70
324 70
325 70
326 70
480 70
481 70
482 70
483 70
484 70
485 70
486 70
487 70
488 70
489 70
490 70
491 70
492 70
493 70
494 70
495 70
496 70
497 70
498 70
499 70
500 70
501 70
502 70
503 70
504 70
505 70
506 70
507 70
508 70
509 70
510 70
511 70
800 70
801 70
802 70
803 70
804 70
805 70
806 70
807 70
808 70
809 70
810 70
811 70
812 70
813 70
814 70
815 70
816 70
817 70
818 70
819 70
820 70
