block round
488 40
489 40
490 40
491 40
492 40
493 40
494 40
495 40
496 40
497 40
498 40
499 40
500 40
501 40
502 40
503 40
504 40
505 40
506 40
507 40
508 40
509 40
510 40
511 40
512 40
513 40
514 40
515 40
516 40
517 40
518 40
519 40
520 40
521 40
522 40
523 40
524 40
525 40
526 40
527 40
528 40
529 40
530 40
531 40
532 40
533 40
534 40
535 40
536 40
537 40
538 40
539 40
540 40
541 40
542 40
543 40
544 40
545 40
546 40
547 40
548 40
1018 40
1019 40
1020 40
1021 40
1022 40
1023 40
1024 40
1025 40
1026 40
1027 40
1028 40
1029 40
1030 40
1031 40
1032 40
1033 40
1034 40
1035 40
1036 40
1037 40
1038 40
1039 40
1040 40
1041 40
1042 40
1043 40
1044 40
1045 40
1046 40
1047 40
1048 40
1049 40
1050 40
1051 40
1052 40
1053 40
1054 40
1055 40
1056 40
1057 40
