block round
16 90
17 90
18 90
19 90
20 90
21 90
22 90
23 90
24 90
25 90
26 90
115 90
125 90
135 90
145 90
155 90
180 90
181 90
182 90
183 90
184 90
185 90
186 90
187 90
188 90
189 90
190 90
191 90
192 90
193 90
194 90
195 90
356 90
357 90
358 90
359 90
360 90
361 90
362 90
363 90
364 90
365 90
366 90
367 90
368 90
369 90
370 90
371 90
372 90
373 90
374 90
375 90
376 90
377 90
378 90
379 90
380 90
381 90
382 90
383 90
384 90
385 90
386 90
387 90
708 90
709 90
710 90
711 90
712 90
713 90
714 90
715 90
716 90
717 90
718 90
719 90
720 90
721 90
722 90
723 90
724 90
725 90
726 90
727 90
728 90
729 90
730 90
731 90
732 90
733 90
734 90
735 90
736 90
737 90
738 90
739 90
740 90
741 90
742 90
743 90
744 90
