block round
324 20
325 20
326 20
327 20
328 20
329 20
330 20
331 20
332 20
333 20
334 20
335 20
336 20
337 20
338 20
339 20
340 20
341 20
342 20
343 20
344 20
345 20
346 20
347 20
348 20
349 20
350 20
351 20
352 20
353 20
354 20
355 20
356 20
357 20
358 20
359 20
360 20
361 20
362 20
363 20
364 20
365 20
366 20
367 20
368 20
369 20
370 20
371 20
372 20
373 20
374 20
375 20
376 20
377 20
378 20
379 20
380 20
381 20
382 20
383 20
384 20
385 20
386 20
387 20
388 20
389 20
390 20
391 20
392 20
393 20
394 20
395 20
396 20
397 20
398 20
399 20
400 20
401 20
402 20
403 20
404 20
1318 20
1319 20
1320 20
1321 20
1322 20
1323 20
1324 20
1325 20
1326 20
1327 20
1328 20
1329 20
1330 20
1331 20
1332 20
1333 20
1334 20
1335 20
1336 20
1337 20
