block round
355 30
356 30
357 30
358 30
359 30
360 30
361 30
362 30
363 30
364 30
365 30
366 30
367 30
368 30
369 30
370 30
371 30
372 30
373 30
374 30
375 30
376 30
377 30
378 30
379 30
380 30
381 30
382 30
383 30
384 30
385 30
386 30
387 30
388 30
389 30
390 30
391 30
392 30
393 30
394 30
395 30
396 30
397 30
398 30
399 30
400 30
401 30
402 30
403 30
404 30
405 30
406 30
407 30
408 30
409 30
410 30
411 30
412 30
413 30
414 30
415 30
416 30
417 30
418 30
419 30
420 30
421 30
422 30
423 30
424 30
425 30
1315 30
1316 30
1317 30
1318 30
1319 30
1320 30
1321 30
1322 30
1323 30
1324 30
1325 30
1326 30
1327 30
1328 30
1329 30
1330 30
1331 30
1332 30
1333 30
1334 30
1335 30
1336 30
1337 30
1338 30
1339 30
1340 30
1341 30
1342 30
1343 30
1344 30
