block round
111 100
12 100
22 100
32 100
42 100
52 100
62 100
72 100
82 100
92 100
110 100
122 100
132 100
142 100
152 100
162 100
172 100
302 100
303 100
304 100
305 100
306 100
307 100
308 100
309 100
310 100
311 100
312 100
313 100
314 100
315 100
316 100
317 100
590 100
591 100
592 100
593 100
594 100
595 100
596 100
597 100
598 100
599 100
600 100
601 100
602 100
603 100
604 100
605 100
606 100
607 100
608 100
609 100
610 100
611 100
612 100
613 100
614 100
615 100
616 100
617 100
618 100
619 100
620 100
621 100
1166 100
1167 100
1168 100
1169 100
1170 100
1171 100
1172 100
1173 100
1174 100
1175 100
1176 100
1177 100
1178 100
1179 100
1180 100
1181 100
1182 100
1183 100
1184 100
1185 100
1186 100
1187 100
1188 100
1189 100
1190 100
1191 100
1192 100
1193 100
1194 100
1195 100
1196 100
1197 100
1198 100
1199 100
1200 100
1201 100
1202 100
