block round
71 90
72 90
73 90
74 90
75 90
76 90
77 90
78 90
79 90
80 90
81 90
120 90
130 90
140 90
150 90
160 90
260 90
261 90
262 90
263 90
264 90
265 90
266 90
267 90
268 90
269 90
270 90
271 90
272 90
273 90
274 90
275 90
516 90
517 90
518 90
519 90
520 90
521 90
522 90
523 90
524 90
525 90
526 90
527 90
528 90
529 90
530 90
531 90
532 90
533 90
534 90
535 90
536 90
537 90
538 90
539 90
540 90
541 90
542 90
543 90
544 90
545 90
546 90
547 90
1028 90
1029 90
1030 90
1031 90
1032 90
1033 90
1034 90
1035 90
1036 90
1037 90
1038 90
1039 90
1040 90
1041 90
1042 90
1043 90
1044 90
1045 90
1046 90
1047 90
1048 90
1049 90
1050 90
1051 90
1052 90
1053 90
1054 90
1055 90
1056 90
1057 90
1058 90
1059 90
1060 90
1061 90
1062 90
1063 90
1064 90
