block round
27 90
28 90
29 90
30 90
31 90
32 90
33 90
34 90
35 90
36 90
37 90
116 90
126 90
136 90
146 90
156 90
196 90
197 90
198 90
199 90
200 90
201 90
202 90
203 90
204 90
205 90
206 90
207 90
208 90
209 90
210 90
211 90
388 90
389 90
390 90
391 90
392 90
393 90
394 90
395 90
396 90
397 90
398 90
399 90
400 90
401 90
402 90
403 90
404 90
405 90
406 90
407 90
408 90
409 90
410 90
411 90
412 90
413 90
414 90
415 90
416 90
417 90
418 90
419 90
772 90
773 90
774 90
775 90
776 90
777 90
778 90
779 90
780 90
781 90
782 90
783 90
784 90
785 90
786 90
787 90
788 90
789 90
790 90
791 90
792 90
793 90
794 90
795 90
796 90
797 90
798 90
799 90
800 90
801 90
802 90
803 90
804 90
805 90
806 90
807 90
808 90
