block round
246 60
247 60
248 60
249 60
250 60
251 60
252 60
253 60
254 60
255 60
256 60
257 60
258 60
259 60
260 60
261 60
262 60
263 60
264 60
265 60
266 60
267 60
268 60
269 60
270 60
271 60
272 60
273 60
274 60
275 60
276 60
277 60
278 60
279 60
280 60
281 60
282 60
283 60
284 60
285 60
286 60
740 60
741 60
742 60
743 60
744 60
745 60
746 60
747 60
748 60
749 60
750 60
751 60
752 60
753 60
754 60
755 60
756 60
757 60
758 60
759 60
760 60
761 60
762 60
763 60
764 60
765 60
766 60
767 60
768 60
769 60
770 60
771 60
772 60
773 60
774 60
775 60
776 60
777 60
778 60
779 60
780 60
781 60
782 60
783 60
784 60
785 60
786 60
787 60
788 60
789 60
790 60
791 60
792 60
793 60
794 60
1344 60
1345 60
1346 60
1347 60
1348 60
