block round
42 80
43 80
44 80
45 80
46 80
47 80
48 80
49 80
50 80
51 80
52 80
53 80
54 80
55 80
56 80
57 80
58 80
59 80
60 80
61 80
62 80
264 80
265 80
266 80
267 80
268 80
269 80
270 80
271 80
272 80
273 80
274 80
275 80
276 80
277 80
278 80
279 80
280 80
281 80
282 80
283 80
284 80
285 80
286 80
287 80
288 80
289 80
290 80
544 80
545 80
546 80
547 80
548 80
549 80
550 80
551 80
552 80
553 80
554 80
555 80
556 80
557 80
558 80
559 80
560 80
561 80
562 80
563 80
564 80
565 80
566 80
567 80
568 80
569 80
570 80
571 80
572 80
573 80
574 80
575 80
928 80
929 80
930 80
931 80
932 80
933 80
934 80
935 80
936 80
937 80
938 80
939 80
940 80
941 80
942 80
943 80
944 80
945 80
946 80
947 80
948 80
