block round
93 70
94 70
95 70
96 70
97 70
98 70
99 70
100 70
101 70
102 70
103 70
104 70
105 70
106 70
107 70
108 70
109 70
110 70
111 70
112 70
113 70
114 70
115 70
116 70
117 70
118 70
119 70
120 70
121 70
122 70
123 70
361 70
362 70
363 70
364 70
365 70
366 70
367 70
368 70
369 70
370 70
371 70
372 70
373 70
374 70
375 70
376 70
377 70
576 70
577 70
578 70
579 70
580 70
581 70
582 70
583 70
584 70
585 70
586 70
587 70
588 70
589 70
590 70
591 70
592 70
593 70
594 70
595 70
596 70
597 70
598 70
599 70
600 70
601 70
602 70
603 70
604 70
605 70
606 70
607 70
992 70
993 70
994 70
995 70
996 70
997 70
998 70
999 70
1000 70
1001 70
1002 70
1003 70
1004 70
1005 70
1006 70
1007 70
1008 70
1009 70
1010 70
1011 70
1012 70
