block round
38 90
39 90
40 90
41 90
42 90
43 90
44 90
45 90
46 90
47 90
48 90
117 90
127 90
137 90
147 90
157 90
212 90
213 90
214 90
215 90
216 90
217 90
218 90
219 90
220 90
221 90
222 90
223 90
224 90
225 90
226 90
227 90
420 90
421 90
422 90
423 90
424 90
425 90
426 90
427 90
428 90
429 90
430 90
431 90
432 90
433 90
434 90
435 90
436 90
437 90
438 90
439 90
440 90
441 90
442 90
443 90
444 90
445 90
446 90
447 90
448 90
449 90
450 90
451 90
836 90
837 90
838 90
839 90
840 90
841 90
842 90
843 90
844 90
845 90
846 90
847 90
848 90
849 90
850 90
851 90
852 90
853 90
854 90
855 90
856 90
857 90
858 90
859 90
860 90
861 90
862 90
863 90
864 90
865 90
866 90
867 90
868 90
869 90
870 90
871 90
872 90
