block round
82 60
83 60
84 60
85 60
86 60
87 60
88 60
89 60
90 60
91 60
92 60
93 60
94 60
95 60
96 60
97 60
98 60
99 60
100 60
101 60
102 60
103 60
104 60
105 60
106 60
107 60
108 60
109 60
110 60
111 60
112 60
113 60
114 60
115 60
116 60
117 60
118 60
119 60
120 60
121 60
122 60
520 60
521 60
522 60
523 60
524 60
525 60
526 60
527 60
528 60
529 60
530 60
531 60
532 60
533 60
534 60
535 60
536 60
537 60
538 60
539 60
540 60
541 60
542 60
543 60
544 60
545 60
546 60
547 60
548 60
549 60
550 60
551 60
552 60
553 60
554 60
555 60
556 60
557 60
558 60
559 60
560 60
561 60
562 60
563 60
564 60
565 60
566 60
567 60
568 60
569 60
570 60
571 60
572 60
573 60
574 60
1088 60
1089 60
1090 60
1091 60
1092 60
