file block round
0 0 50
0 1 50
0 2 50
0 3 50
0 4 50
0 5 50
0 6 50
0 7 50
0 8 50
0 9 50
0 10 50
0 11 50
0 12 50
0 13 50
0 14 50
0 15 50
0 16 50
0 17 50
0 18 50
0 19 50
0 20 50
0 21 50
0 22 50
0 23 50
0 24 50
0 25 50
0 26 50
0 27 50
0 28 50
0 29 50
0 30 50
0 31 50
0 32 50
0 33 50
0 34 50
0 35 50
0 36 50
0 37 50
0 38 50
0 39 50
0 40 50
0 41 50
0 42 50
0 43 50
0 44 50
0 45 50
0 46 50
0 47 50
0 48 50
0 49 50
0 50 50
0 510 50
0 511 50
0 512 50
0 513 50
0 514 50
0 515 50
0 516 50
0 517 50
0 518 50
0 519 50
0 520 50
0 521 50
0 522 50
0 523 50
0 524 50
0 525 50
0 526 50
0 527 50
0 528 50
0 529 50
0 530 50
0 531 50
0 532 50
0 533 50
0 534 50
0 535 50
0 536 50
0 537 50
0 538 50
0 539 50
0 540 50
0 541 50
0 542 50
0 543 50
0 544 50
0 545 50
0 546 50
0 547 50
0 548 50
0 549 50
0 550 50
0 551 50
0 552 50
0 553 50
0 554 50
0 555 50
0 556 50
0 557 50
0 558 50
0 559 50
1 51 50
1 52 50
1 53 50
1 54 50
1 55 50
1 56 50
1 57 50
1 58 50
1 59 50
1 60 50
1 61 50
1 62 50
1 63 50
1 64 50
1 65 50
1 66 50
1 67 50
1 68 50
1 69 50
1 70 50
1 71 50
1 72 50
1 73 50
1 74 50
1 75 50
1 76 50
1 77 50
1 78 50
1 79 50
1 80 50
1 81 50
1 82 50
1 83 50
1 84 50
1 85 50
1 86 50
1 87 50
1 88 50
1 89 50
1 90 50
1 91 50
1 92 50
1 93 50
1 94 50
1 95 50
1 96 50
1 97 50
1 98 50
1 99 50
1 100 50
1 101 50
1 571 50
1 572 50
1 573 50
1 574 50
1 575 50
1 576 50
1 577 50
1 578 50
1 579 50
1 580 50
1 581 50
1 582 50
1 583 50
1 584 50
1 585 50
1 586 50
1 587 50
1 588 50
1 589 50
1 590 50
1 591 50
1 592 50
1 593 50
1 594 50
1 595 50
1 596 50
1 597 50
1 598 50
1 599 50
1 600 50
1 601 50
1 602 50
1 603 50
1 604 50
1 605 50
1 606 50
1 607 50
1 608 50
1 609 50
1 610 50
1 611 50
1 612 50
1 613 50
1 614 50
1 615 50
1 616 50
1 617 50
1 618 50
1 619 50
1 620 50
2 102 50
2 103 50
2 104 50
2 105 50
2 106 50
2 107 50
2 108 50
2 109 50
2 110 50
2 111 50
2 112 50
2 113 50
2 114 50
2 115 50
2 116 50
2 117 50
2 118 50
2 119 50
2 120 50
2 121 50
2 122 50
2 123 50
2 124 50
2 125 50
2 126 50
2 127 50
2 128 50
2 129 50
2 130 50
2 131 50
2 132 50
2 133 50
2 134 50
2 135 50
2 136 50
2 137 50
2 138 50
2 139 50
2 140 50
2 141 50
2 142 50
2 143 50
2 144 50
2 145 50
2 146 50
2 147 50
2 148 50
2 149 50
2 150 50
2 151 50
2 152 50
2 632 50
2 633 50
2 634 50
2 635 50
2 636 50
2 637 50
2 638 50
2 639 50
2 640 50
2 641 50
2 642 50
2 643 50
2 644 50
2 645 50
2 646 50
2 647 50
2 648 50
2 649 50
2 650 50
2 651 50
2 652 50
2 653 50
2 654 50
2 655 50
2 656 50
2 657 50
2 658 50
2 659 50
2 660 50
2 661 50
2 662 50
2 663 50
2 664 50
2 665 50
2 666 50
2 667 50
2 668 50
2 669 50
2 670 50
2 671 50
2 672 50
2 673 50
2 674 50
2 675 50
2 676 50
2 677 50
2 678 50
2 679 50
2 680 50
2 681 50
3 153 50
3 154 50
3 155 50
3 156 50
3 157 50
3 158 50
3 159 50
3 160 50
3 161 50
3 162 50
3 163 50
3 164 50
3 165 50
3 166 50
3 167 50
3 168 50
3 169 50
3 170 50
3 171 50
3 172 50
3 173 50
3 174 50
3 175 50
3 176 50
3 177 50
3 178 50
3 179 50
3 180 50
3 181 50
3 182 50
3 183 50
3 184 50
3 185 50
3 186 50
3 187 50
3 188 50
3 189 50
3 190 50
3 191 50
3 192 50
3 193 50
3 194 50
3 195 50
3 196 50
3 197 50
3 198 50
3 199 50
3 200 50
3 201 50
3 202 50
3 203 50
3 693 50
3 694 50
3 695 50
3 696 50
3 697 50
3 698 50
3 699 50
3 700 50
3 701 50
3 702 50
3 703 50
3 704 50
3 705 50
3 706 50
3 707 50
3 708 50
3 709 50
3 710 50
3 711 50
3 712 50
3 713 50
3 714 50
3 715 50
3 716 50
3 717 50
3 718 50
3 719 50
3 720 50
3 721 50
3 722 50
3 723 50
3 724 50
3 725 50
3 726 50
3 727 50
3 728 50
3 729 50
3 730 50
3 731 50
3 732 50
3 733 50
3 734 50
3 735 50
3 736 50
3 737 50
3 738 50
3 739 50
3 740 50
3 741 50
3 742 50
4 204 50
4 205 50
4 206 50
4 207 50
4 208 50
4 209 50
4 210 50
4 211 50
4 212 50
4 213 50
4 214 50
4 215 50
4 216 50
4 217 50
4 218 50
4 219 50
4 220 50
4 221 50
4 222 50
4 223 50
4 224 50
4 225 50
4 226 50
4 227 50
4 228 50
4 229 50
4 230 50
4 231 50
4 232 50
4 233 50
4 234 50
4 235 50
4 236 50
4 237 50
4 238 50
4 239 50
4 240 50
4 241 50
4 242 50
4 243 50
4 244 50
4 245 50
4 246 50
4 247 50
4 248 50
4 249 50
4 250 50
4 251 50
4 252 50
4 253 50
4 254 50
4 754 50
4 755 50
4 756 50
4 757 50
4 758 50
4 759 50
4 760 50
4 761 50
4 762 50
4 763 50
4 764 50
4 765 50
4 766 50
4 767 50
4 768 50
4 769 50
4 770 50
4 771 50
4 772 50
4 773 50
4 774 50
4 775 50
4 776 50
4 777 50
4 778 50
4 779 50
4 780 50
4 781 50
4 782 50
4 783 50
4 784 50
4 785 50
4 786 50
4 787 50
4 788 50
4 789 50
4 790 50
4 791 50
4 792 50
4 793 50
4 794 50
4 795 50
4 796 50
4 797 50
4 798 50
4 799 50
4 800 50
4 801 50
4 802 50
4 803 50
5 255 50
5 256 50
5 257 50
5 258 50
5 259 50
5 260 50
5 261 50
5 262 50
5 263 50
5 264 50
5 265 50
5 266 50
5 267 50
5 268 50
5 269 50
5 270 50
5 271 50
5 272 50
5 273 50
5 274 50
5 275 50
5 276 50
5 277 50
5 278 50
5 279 50
5 280 50
5 281 50
5 282 50
5 283 50
5 284 50
5 285 50
5 286 50
5 287 50
5 288 50
5 289 50
5 290 50
5 291 50
5 292 50
5 293 50
5 294 50
5 295 50
5 296 50
5 297 50
5 298 50
5 299 50
5 300 50
5 301 50
5 302 50
5 303 50
5 304 50
5 305 50
5 815 50
5 816 50
5 817 50
5 818 50
5 819 50
5 820 50
5 821 50
5 822 50
5 823 50
5 824 50
5 825 50
5 826 50
5 827 50
5 828 50
5 829 50
5 830 50
5 831 50
5 832 50
5 833 50
5 834 50
5 835 50
5 836 50
5 837 50
5 838 50
5 839 50
5 840 50
5 841 50
5 842 50
5 843 50
5 844 50
5 845 50
5 846 50
5 847 50
5 848 50
5 849 50
5 850 50
5 851 50
5 852 50
5 853 50
5 854 50
5 855 50
5 856 50
5 857 50
5 858 50
5 859 50
5 860 50
5 861 50
5 862 50
5 863 50
5 864 50
6 306 50
6 307 50
6 308 50
6 309 50
6 310 50
6 311 50
6 312 50
6 313 50
6 314 50
6 315 50
6 316 50
6 317 50
6 318 50
6 319 50
6 320 50
6 321 50
6 322 50
6 323 50
6 324 50
6 325 50
6 326 50
6 327 50
6 328 50
6 329 50
6 330 50
6 331 50
6 332 50
6 333 50
6 334 50
6 335 50
6 336 50
6 337 50
6 338 50
6 339 50
6 340 50
6 341 50
6 342 50
6 343 50
6 344 50
6 345 50
6 346 50
6 347 50
6 348 50
6 349 50
6 350 50
6 351 50
6 352 50
6 353 50
6 354 50
6 355 50
6 356 50
6 876 50
6 877 50
6 878 50
6 879 50
6 880 50
6 881 50
6 882 50
6 883 50
6 884 50
6 885 50
6 886 50
6 887 50
6 888 50
6 889 50
6 890 50
6 891 50
6 892 50
6 893 50
6 894 50
6 895 50
6 896 50
6 897 50
6 898 50
6 899 50
6 900 50
6 901 50
6 902 50
6 903 50
6 904 50
6 905 50
6 906 50
6 907 50
6 908 50
6 909 50
6 910 50
6 911 50
6 912 50
6 913 50
6 914 50
6 915 50
6 916 50
6 917 50
6 918 50
6 919 50
6 920 50
6 921 50
6 922 50
6 923 50
6 924 50
6 925 50
7 357 50
7 358 50
7 359 50
7 360 50
7 361 50
7 362 50
7 363 50
7 364 50
7 365 50
7 366 50
7 367 50
7 368 50
7 369 50
7 370 50
7 371 50
7 372 50
7 373 50
7 374 50
7 375 50
7 376 50
7 377 50
7 378 50
7 379 50
7 380 50
7 381 50
7 382 50
7 383 50
7 384 50
7 385 50
7 386 50
7 387 50
7 388 50
7 389 50
7 390 50
7 391 50
7 392 50
7 393 50
7 394 50
7 395 50
7 396 50
7 397 50
7 398 50
7 399 50
7 400 50
7 401 50
7 402 50
7 403 50
7 404 50
7 405 50
7 406 50
7 407 50
7 937 50
7 938 50
7 939 50
7 940 50
7 941 50
7 942 50
7 943 50
7 944 50
7 945 50
7 946 50
7 947 50
7 948 50
7 949 50
7 950 50
7 951 50
7 952 50
7 953 50
7 954 50
7 955 50
7 956 50
7 957 50
7 958 50
7 959 50
7 960 50
7 961 50
7 962 50
7 963 50
7 964 50
7 965 50
7 966 50
7 967 50
7 968 50
7 969 50
7 970 50
7 971 50
7 972 50
7 973 50
7 974 50
7 975 50
7 976 50
7 977 50
7 978 50
7 979 50
7 980 50
7 981 50
7 982 50
7 983 50
7 984 50
7 985 50
7 986 50
8 408 50
8 409 50
8 410 50
8 411 50
8 412 50
8 413 50
8 414 50
8 415 50
8 416 50
8 417 50
8 418 50
8 419 50
8 420 50
8 421 50
8 422 50
8 423 50
8 424 50
8 425 50
8 426 50
8 427 50
8 428 50
8 429 50
8 430 50
8 431 50
8 432 50
8 433 50
8 434 50
8 435 50
8 436 50
8 437 50
8 438 50
8 439 50
8 440 50
8 441 50
8 442 50
8 443 50
8 444 50
8 445 50
8 446 50
8 447 50
8 448 50
8 449 50
8 450 50
8 451 50
8 452 50
8 453 50
8 454 50
8 455 50
8 456 50
8 457 50
8 458 50
8 998 50
8 999 50
8 1000 50
8 1001 50
8 1002 50
8 1003 50
8 1004 50
8 1005 50
8 1006 50
8 1007 50
8 1008 50
8 1009 50
8 1010 50
8 1011 50
8 1012 50
8 1013 50
8 1014 50
8 1015 50
8 1016 50
8 1017 50
8 1018 50
8 1019 50
8 1020 50
8 1021 50
8 1022 50
8 1023 50
8 1024 50
8 1025 50
8 1026 50
8 1027 50
8 1028 50
8 1029 50
8 1030 50
8 1031 50
8 1032 50
8 1033 50
8 1034 50
8 1035 50
8 1036 50
8 1037 50
8 1038 50
8 1039 50
8 1040 50
8 1041 50
8 1042 50
8 1043 50
8 1044 50
8 1045 50
8 1046 50
8 1047 50
9 459 50
9 460 50
9 461 50
9 462 50
9 463 50
9 464 50
9 465 50
9 466 50
9 467 50
9 468 50
9 469 50
9 470 50
9 471 50
9 472 50
9 473 50
9 474 50
9 475 50
9 476 50
9 477 50
9 478 50
9 479 50
9 480 50
9 481 50
9 482 50
9 483 50
9 484 50
9 485 50
9 486 50
9 487 50
9 488 50
9 489 50
9 490 50
9 491 50
9 492 50
9 493 50
9 494 50
9 495 50
9 496 50
9 497 50
9 498 50
9 499 50
9 500 50
9 501 50
9 502 50
9 503 50
9 504 50
9 505 50
9 506 50
9 507 50
9 508 50
9 509 50
9 1059 50
9 1060 50
9 1061 50
9 1062 50
9 1063 50
9 1064 50
9 1065 50
9 1066 50
9 1067 50
9 1068 50
9 1069 50
9 1070 50
9 1071 50
9 1072 50
9 1073 50
9 1074 50
9 1075 50
9 1076 50
9 1077 50
9 1078 50
9 1079 50
9 1080 50
9 1081 50
9 1082 50
9 1083 50
9 1084 50
9 1085 50
9 1086 50
9 1087 50
9 1088 50
9 1089 50
9 1090 50
9 1091 50
9 1092 50
9 1093 50
9 1094 50
9 1095 50
9 1096 50
9 1097 50
9 1098 50
9 1099 50
9 1100 50
9 1101 50
9 1102 50
9 1103 50
9 1104 50
9 1105 50
9 1106 50
9 1107 50
9 1108 50
