block round
113 100
13 100
23 100
33 100
43 100
53 100
63 100
73 100
83 100
93 100
112 100
123 100
133 100
143 100
153 100
163 100
173 100
318 100
319 100
320 100
321 100
322 100
323 100
324 100
325 100
326 100
327 100
328 100
329 100
330 100
331 100
332 100
333 100
622 100
623 100
624 100
625 100
626 100
627 100
628 100
629 100
630 100
631 100
632 100
633 100
634 100
635 100
636 100
637 100
638 100
639 100
640 100
641 100
642 100
643 100
644 100
645 100
646 100
647 100
648 100
649 100
650 100
651 100
652 100
653 100
1230 100
1231 100
1232 100
1233 100
1234 100
1235 100
1236 100
1237 100
1238 100
1239 100
1240 100
1241 100
1242 100
1243 100
1244 100
1245 100
1246 100
1247 100
1248 100
1249 100
1250 100
1251 100
1252 100
1253 100
1254 100
1255 100
1256 100
1257 100
1258 100
1259 100
1260 100
1261 100
1262 100
1263 100
1264 100
1265 100
1266 100
