file block round
0 0 30
0 1 30
0 2 30
0 3 30
0 4 30
0 5 30
0 6 30
0 7 30
0 8 30
0 9 30
0 10 30
0 11 30
0 12 30
0 13 30
0 14 30
0 15 30
0 16 30
0 17 30
0 18 30
0 19 30
0 20 30
0 21 30
0 22 30
0 23 30
0 24 30
0 25 30
0 26 30
0 27 30
0 28 30
0 29 30
0 30 30
0 31 30
0 32 30
0 33 30
0 34 30
0 35 30
0 36 30
0 37 30
0 38 30
0 39 30
0 40 30
0 41 30
0 42 30
0 43 30
0 44 30
0 45 30
0 46 30
0 47 30
0 48 30
0 49 30
0 50 30
0 51 30
0 52 30
0 53 30
0 54 30
0 55 30
0 56 30
0 57 30
0 58 30
0 59 30
0 60 30
0 61 30
0 62 30
0 63 30
0 64 30
0 65 30
0 66 30
0 67 30
0 68 30
0 69 30
0 70 30
0 710 30
0 711 30
0 712 30
0 713 30
0 714 30
0 715 30
0 716 30
0 717 30
0 718 30
0 719 30
0 720 30
0 721 30
0 722 30
0 723 30
0 724 30
0 725 30
0 726 30
0 727 30
0 728 30
0 729 30
0 730 30
0 731 30
0 732 30
0 733 30
0 734 30
0 735 30
0 736 30
0 737 30
0 738 30
0 739 30
1 71 30
1 72 30
1 73 30
1 74 30
1 75 30
1 76 30
1 77 30
1 78 30
1 79 30
1 80 30
1 81 30
1 82 30
1 83 30
1 84 30
1 85 30
1 86 30
1 87 30
1 88 30
1 89 30
1 90 30
1 91 30
1 92 30
1 93 30
1 94 30
1 95 30
1 96 30
1 97 30
1 98 30
1 99 30
1 100 30
1 101 30
1 102 30
1 103 30
1 104 30
1 105 30
1 106 30
1 107 30
1 108 30
1 109 30
1 110 30
1 111 30
1 112 30
1 113 30
1 114 30
1 115 30
1 116 30
1 117 30
1 118 30
1 119 30
1 120 30
1 121 30
1 122 30
1 123 30
1 124 30
1 125 30
1 126 30
1 127 30
1 128 30
1 129 30
1 130 30
1 131 30
1 132 30
1 133 30
1 134 30
1 135 30
1 136 30
1 137 30
1 138 30
1 139 30
1 140 30
1 141 30
1 831 30
1 832 30
1 833 30
1 834 30
1 835 30
1 836 30
1 837 30
1 838 30
1 839 30
1 840 30
1 841 30
1 842 30
1 843 30
1 844 30
1 845 30
1 846 30
1 847 30
1 848 30
1 849 30
1 850 30
1 851 30
1 852 30
1 853 30
1 854 30
1 855 30
1 856 30
1 857 30
1 858 30
1 859 30
1 860 30
2 142 30
2 143 30
2 144 30
2 145 30
2 146 30
2 147 30
2 148 30
2 149 30
2 150 30
2 151 30
2 152 30
2 153 30
2 154 30
2 155 30
2 156 30
2 157 30
2 158 30
2 159 30
2 160 30
2 161 30
2 162 30
2 163 30
2 164 30
2 165 30
2 166 30
2 167 30
2 168 30
2 169 30
2 170 30
2 171 30
2 172 30
2 173 30
2 174 30
2 175 30
2 176 30
2 177 30
2 178 30
2 179 30
2 180 30
2 181 30
2 182 30
2 183 30
2 184 30
2 185 30
2 186 30
2 187 30
2 188 30
2 189 30
2 190 30
2 191 30
2 192 30
2 193 30
2 194 30
2 195 30
2 196 30
2 197 30
2 198 30
2 199 30
2 200 30
2 201 30
2 202 30
2 203 30
2 204 30
2 205 30
2 206 30
2 207 30
2 208 30
2 209 30
2 210 30
2 211 30
2 212 30
2 952 30
2 953 30
2 954 30
2 955 30
2 956 30
2 957 30
2 958 30
2 959 30
2 960 30
2 961 30
2 962 30
2 963 30
2 964 30
2 965 30
2 966 30
2 967 30
2 968 30
2 969 30
2 970 30
2 971 30
2 972 30
2 973 30
2 974 30
2 975 30
2 976 30
2 977 30
2 978 30
2 979 30
2 980 30
2 981 30
3 213 30
3 214 30
3 215 30
3 216 30
3 217 30
3 218 30
3 219 30
3 220 30
3 221 30
3 222 30
3 223 30
3 224 30
3 225 30
3 226 30
3 227 30
3 228 30
3 229 30
3 230 30
3 231 30
3 232 30
3 233 30
3 234 30
3 235 30
3 236 30
3 237 30
3 238 30
3 239 30
3 240 30
3 241 30
3 242 30
3 243 30
3 244 30
3 245 30
3 246 30
3 247 30
3 248 30
3 249 30
3 250 30
3 251 30
3 252 30
3 253 30
3 254 30
3 255 30
3 256 30
3 257 30
3 258 30
3 259 30
3 260 30
3 261 30
3 262 30
3 263 30
3 264 30
3 265 30
3 266 30
3 267 30
3 268 30
3 269 30
3 270 30
3 271 30
3 272 30
3 273 30
3 274 30
3 275 30
3 276 30
3 277 30
3 278 30
3 279 30
3 280 30
3 281 30
3 282 30
3 283 30
3 1073 30
3 1074 30
3 1075 30
3 1076 30
3 1077 30
3 1078 30
3 1079 30
3 1080 30
3 1081 30
3 1082 30
3 1083 30
3 1084 30
3 1085 30
3 1086 30
3 1087 30
3 1088 30
3 1089 30
3 1090 30
3 1091 30
3 1092 30
3 1093 30
3 1094 30
3 1095 30
3 1096 30
3 1097 30
3 1098 30
3 1099 30
3 1100 30
3 1101 30
3 1102 30
4 284 30
4 285 30
4 286 30
4 287 30
4 288 30
4 289 30
4 290 30
4 291 30
4 292 30
4 293 30
4 294 30
4 295 30
4 296 30
4 297 30
4 298 30
4 299 30
4 300 30
4 301 30
4 302 30
4 303 30
4 304 30
4 305 30
4 306 30
4 307 30
4 308 30
4 309 30
4 310 30
4 311 30
4 312 30
4 313 30
4 314 30
4 315 30
4 316 30
4 317 30
4 318 30
4 319 30
4 320 30
4 321 30
4 322 30
4 323 30
4 324 30
4 325 30
4 326 30
4 327 30
4 328 30
4 329 30
4 330 30
4 331 30
4 332 30
4 333 30
4 334 30
4 335 30
4 336 30
4 337 30
4 338 30
4 339 30
4 340 30
4 341 30
4 342 30
4 343 30
4 344 30
4 345 30
4 346 30
4 347 30
4 348 30
4 349 30
4 350 30
4 351 30
4 352 30
4 353 30
4 354 30
4 1194 30
4 1195 30
4 1196 30
4 1197 30
4 1198 30
4 1199 30
4 1200 30
4 1201 30
4 1202 30
4 1203 30
4 1204 30
4 1205 30
4 1206 30
4 1207 30
4 1208 30
4 1209 30
4 1210 30
4 1211 30
4 1212 30
4 1213 30
4 1214 30
4 1215 30
4 1216 30
4 1217 30
4 1218 30
4 1219 30
4 1220 30
4 1221 30
4 1222 30
4 1223 30
5 355 30
5 356 30
5 357 30
5 358 30
5 359 30
5 360 30
5 361 30
5 362 30
5 363 30
5 364 30
5 365 30
5 366 30
5 367 30
5 368 30
5 369 30
5 370 30
5 371 30
5 372 30
5 373 30
5 374 30
5 375 30
5 376 30
5 377 30
5 378 30
5 379 30
5 380 30
5 381 30
5 382 30
5 383 30
5 384 30
5 385 30
5 386 30
5 387 30
5 388 30
5 389 30
5 390 30
5 391 30
5 392 30
5 393 30
5 394 30
5 395 30
5 396 30
5 397 30
5 398 30
5 399 30
5 400 30
5 401 30
5 402 30
5 403 30
5 404 30
5 405 30
5 406 30
5 407 30
5 408 30
5 409 30
5 410 30
5 411 30
5 412 30
5 413 30
5 414 30
5 415 30
5 416 30
5 417 30
5 418 30
5 419 30
5 420 30
5 421 30
5 422 30
5 423 30
5 424 30
5 425 30
5 1315 30
5 1316 30
5 1317 30
5 1318 30
5 1319 30
5 1320 30
5 1321 30
5 1322 30
5 1323 30
5 1324 30
5 1325 30
5 1326 30
5 1327 30
5 1328 30
5 1329 30
5 1330 30
5 1331 30
5 1332 30
5 1333 30
5 1334 30
5 1335 30
5 1336 30
5 1337 30
5 1338 30
5 1339 30
5 1340 30
5 1341 30
5 1342 30
5 1343 30
5 1344 30
6 426 30
6 427 30
6 428 30
6 429 30
6 430 30
6 431 30
6 432 30
6 433 30
6 434 30
6 435 30
6 436 30
6 437 30
6 438 30
6 439 30
6 440 30
6 441 30
6 442 30
6 443 30
6 444 30
6 445 30
6 446 30
6 447 30
6 448 30
6 449 30
6 450 30
6 451 30
6 452 30
6 453 30
6 454 30
6 455 30
6 456 30
6 457 30
6 458 30
6 459 30
6 460 30
6 461 30
6 462 30
6 463 30
6 464 30
6 465 30
6 466 30
6 467 30
6 468 30
6 469 30
6 470 30
6 471 30
6 472 30
6 473 30
6 474 30
6 475 30
6 476 30
6 477 30
6 478 30
6 479 30
6 480 30
6 481 30
6 482 30
6 483 30
6 484 30
6 485 30
6 486 30
6 487 30
6 488 30
6 489 30
6 490 30
6 491 30
6 492 30
6 493 30
6 494 30
6 495 30
6 496 30
6 1436 30
6 1437 30
6 1438 30
6 1439 30
6 1440 30
6 1441 30
6 1442 30
6 1443 30
6 1444 30
6 1445 30
6 1446 30
6 1447 30
6 1448 30
6 1449 30
6 1450 30
6 1451 30
6 1452 30
6 1453 30
6 1454 30
6 1455 30
6 1456 30
6 1457 30
6 1458 30
6 1459 30
6 1460 30
6 1461 30
6 1462 30
6 1463 30
6 1464 30
6 1465 30
7 497 30
7 498 30
7 499 30
7 500 30
7 501 30
7 502 30
7 503 30
7 504 30
7 505 30
7 506 30
7 507 30
7 508 30
7 509 30
7 510 30
7 511 30
7 512 30
7 513 30
7 514 30
7 515 30
7 516 30
7 517 30
7 518 30
7 519 30
7 520 30
7 521 30
7 522 30
7 523 30
7 524 30
7 525 30
7 526 30
7 527 30
7 528 30
7 529 30
7 530 30
7 531 30
7 532 30
7 533 30
7 534 30
7 535 30
7 536 30
7 537 30
7 538 30
7 539 30
7 540 30
7 541 30
7 542 30
7 543 30
7 544 30
7 545 30
7 546 30
7 547 30
7 548 30
7 549 30
7 550 30
7 551 30
7 552 30
7 553 30
7 554 30
7 555 30
7 556 30
7 557 30
7 558 30
7 559 30
7 560 30
7 561 30
7 562 30
7 563 30
7 564 30
7 565 30
7 566 30
7 567 30
7 1557 30
7 1558 30
7 1559 30
7 1560 30
7 1561 30
7 1562 30
7 1563 30
7 1564 30
7 1565 30
7 1566 30
7 1567 30
7 1568 30
7 1569 30
7 1570 30
7 1571 30
7 1572 30
7 1573 30
7 1574 30
7 1575 30
7 1576 30
7 1577 30
7 1578 30
7 1579 30
7 1580 30
7 1581 30
7 1582 30
7 1583 30
7 1584 30
7 1585 30
7 1586 30
8 568 30
8 569 30
8 570 30
8 571 30
8 572 30
8 573 30
8 574 30
8 575 30
8 576 30
8 577 30
8 578 30
8 579 30
8 580 30
8 581 30
8 582 30
8 583 30
8 584 30
8 585 30
8 586 30
8 587 30
8 588 30
8 589 30
8 590 30
8 591 30
8 592 30
8 593 30
8 594 30
8 595 30
8 596 30
8 597 30
8 598 30
8 599 30
8 600 30
8 601 30
8 602 30
8 603 30
8 604 30
8 605 30
8 606 30
8 607 30
8 608 30
8 609 30
8 610 30
8 611 30
8 612 30
8 613 30
8 614 30
8 615 30
8 616 30
8 617 30
8 618 30
8 619 30
8 620 30
8 621 30
8 622 30
8 623 30
8 624 30
8 625 30
8 626 30
8 627 30
8 628 30
8 629 30
8 630 30
8 631 30
8 632 30
8 633 30
8 634 30
8 635 30
8 636 30
8 637 30
8 638 30
8 1678 30
8 1679 30
8 1680 30
8 1681 30
8 1682 30
8 1683 30
8 1684 30
8 1685 30
8 1686 30
8 1687 30
8 1688 30
8 1689 30
8 1690 30
8 1691 30
8 1692 30
8 1693 30
8 1694 30
8 1695 30
8 1696 30
8 1697 30
8 1698 30
8 1699 30
8 1700 30
8 1701 30
8 1702 30
8 1703 30
8 1704 30
8 1705 30
8 1706 30
8 1707 30
9 639 30
9 640 30
9 641 30
9 642 30
9 643 30
9 644 30
9 645 30
9 646 30
9 647 30
9 648 30
9 649 30
9 650 30
9 651 30
9 652 30
9 653 30
9 654 30
9 655 30
9 656 30
9 657 30
9 658 30
9 659 30
9 660 30
9 661 30
9 662 30
9 663 30
9 664 30
9 665 30
9 666 30
9 667 30
9 668 30
9 669 30
9 670 30
9 671 30
9 672 30
9 673 30
9 674 30
9 675 30
9 676 30
9 677 30
9 678 30
9 679 30
9 680 30
9 681 30
9 682 30
9 683 30
9 684 30
9 685 30
9 686 30
9 687 30
9 688 30
9 689 30
9 690 30
9 691 30
9 692 30
9 693 30
9 694 30
9 695 30
9 696 30
9 697 30
9 698 30
9 699 30
9 700 30
9 701 30
9 702 30
9 703 30
9 704 30
9 705 30
9 706 30
9 707 30
9 708 30
9 709 30
9 1799 30
9 1800 30
9 1801 30
9 1802 30
9 1803 30
9 1804 30
9 1805 30
9 1806 30
9 1807 30
9 1808 30
9 1809 30
9 1810 30
9 1811 30
9 1812 30
9 1813 30
9 1814 30
9 1815 30
9 1816 30
9 1817 30
9 1818 30
9 1819 30
9 1820 30
9 1821 30
9 1822 30
9 1823 30
9 1824 30
9 1825 30
9 1826 30
9 1827 30
9 1828 30
