file block round
0 0 70
0 1 70
0 2 70
0 3 70
0 4 70
0 5 70
0 6 70
0 7 70
0 8 70
0 9 70
0 10 70
0 11 70
0 12 70
0 13 70
0 14 70
0 15 70
0 16 70
0 17 70
0 18 70
0 19 70
0 20 70
0 21 70
0 22 70
0 23 70
0 24 70
0 25 70
0 26 70
0 27 70
0 28 70
0 29 70
0 30 70
0 310 70
0 311 70
0 312 70
0 313 70
0 314 70
0 315 70
0 316 70
0 317 70
0 318 70
0 319 70
0 320 70
0 321 70
0 322 70
0 323 70
0 324 70
0 325 70
0 326 70
0 480 70
0 481 70
0 482 70
0 483 70
0 484 70
0 485 70
0 486 70
0 487 70
0 488 70
0 489 70
0 490 70
0 491 70
0 492 70
0 493 70
0 494 70
0 495 70
0 496 70
0 497 70
0 498 70
0 499 70
0 500 70
0 501 70
0 502 70
0 503 70
0 504 70
0 505 70
0 506 70
0 507 70
0 508 70
0 509 70
0 510 70
0 511 70
0 800 70
0 801 70
0 802 70
0 803 70
0 804 70
0 805 70
0 806 70
0 807 70
0 808 70
0 809 70
0 810 70
0 811 70
0 812 70
0 813 70
0 814 70
0 815 70
0 816 70
0 817 70
0 818 70
0 819 70
0 820 70
1 31 70
1 32 70
1 33 70
1 34 70
1 35 70
1 36 70
1 37 70
1 38 70
1 39 70
1 40 70
1 41 70
1 42 70
1 43 70
1 44 70
1 45 70
1 46 70
1 47 70
1 48 70
1 49 70
1 50 70
1 51 70
1 52 70
1 53 70
1 54 70
1 55 70
1 56 70
1 57 70
1 58 70
1 59 70
1 60 70
1 61 70
1 327 70
1 328 70
1 329 70
1 330 70
1 331 70
1 332 70
1 333 70
1 334 70
1 335 70
1 336 70
1 337 70
1 338 70
1 339 70
1 340 70
1 341 70
1 342 70
1 343 70
1 512 70
1 513 70
1 514 70
1 515 70
1 516 70
1 517 70
1 518 70
1 519 70
1 520 70
1 521 70
1 522 70
1 523 70
1 524 70
1 525 70
1 526 70
1 527 70
1 528 70
1 529 70
1 530 70
1 531 70
1 532 70
1 533 70
1 534 70
1 535 70
1 536 70
1 537 70
1 538 70
1 539 70
1 540 70
1 541 70
1 542 70
1 543 70
1 864 70
1 865 70
1 866 70
1 867 70
1 868 70
1 869 70
1 870 70
1 871 70
1 872 70
1 873 70
1 874 70
1 875 70
1 876 70
1 877 70
1 878 70
1 879 70
1 880 70
1 881 70
1 882 70
1 883 70
1 884 70
2 62 70
2 63 70
2 64 70
2 65 70
2 66 70
2 67 70
2 68 70
2 69 70
2 70 70
2 71 70
2 72 70
2 73 70
2 74 70
2 75 70
2 76 70
2 77 70
2 78 70
2 79 70
2 80 70
2 81 70
2 82 70
2 83 70
2 84 70
2 85 70
2 86 70
2 87 70
2 88 70
2 89 70
2 90 70
2 91 70
2 92 70
2 344 70
2 345 70
2 346 70
2 347 70
2 348 70
2 349 70
2 350 70
2 351 70
2 352 70
2 353 70
2 354 70
2 355 70
2 356 70
2 357 70
2 358 70
2 359 70
2 360 70
2 544 70
2 545 70
2 546 70
2 547 70
2 548 70
2 549 70
2 550 70
2 551 70
2 552 70
2 553 70
2 554 70
2 555 70
2 556 70
2 557 70
2 558 70
2 559 70
2 560 70
2 561 70
2 562 70
2 563 70
2 564 70
2 565 70
2 566 70
2 567 70
2 568 70
2 569 70
2 570 70
2 571 70
2 572 70
2 573 70
2 574 70
2 575 70
2 928 70
2 929 70
2 930 70
2 931 70
2 932 70
2 933 70
2 934 70
2 935 70
2 936 70
2 937 70
2 938 70
2 939 70
2 940 70
2 941 70
2 942 70
2 943 70
2 944 70
2 945 70
2 946 70
2 947 70
2 948 70
3 93 70
3 94 70
3 95 70
3 96 70
3 97 70
3 98 70
3 99 70
3 100 70
3 101 70
3 102 70
3 103 70
3 104 70
3 105 70
3 106 70
3 107 70
3 108 70
3 109 70
3 110 70
3 111 70
3 112 70
3 113 70
3 114 70
3 115 70
3 116 70
3 117 70
3 118 70
3 119 70
3 120 70
3 121 70
3 122 70
3 123 70
3 361 70
3 362 70
3 363 70
3 364 70
3 365 70
3 366 70
3 367 70
3 368 70
3 369 70
3 370 70
3 371 70
3 372 70
3 373 70
3 374 70
3 375 70
3 376 70
3 377 70
3 576 70
3 577 70
3 578 70
3 579 70
3 580 70
3 581 70
3 582 70
3 583 70
3 584 70
3 585 70
3 586 70
3 587 70
3 588 70
3 589 70
3 590 70
3 591 70
3 592 70
3 593 70
3 594 70
3 595 70
3 596 70
3 597 70
3 598 70
3 599 70
3 600 70
3 601 70
3 602 70
3 603 70
3 604 70
3 605 70
3 606 70
3 607 70
3 992 70
3 993 70
3 994 70
3 995 70
3 996 70
3 997 70
3 998 70
3 999 70
3 1000 70
3 1001 70
3 1002 70
3 1003 70
3 1004 70
3 1005 70
3 1006 70
3 1007 70
3 1008 70
3 1009 70
3 1010 70
3 1011 70
3 1012 70
4 124 70
4 125 70
4 126 70
4 127 70
4 128 70
4 129 70
4 130 70
4 131 70
4 132 70
4 133 70
4 134 70
4 135 70
4 136 70
4 137 70
4 138 70
4 139 70
4 140 70
4 141 70
4 142 70
4 143 70
4 144 70
4 145 70
4 146 70
4 147 70
4 148 70
4 149 70
4 150 70
4 151 70
4 152 70
4 153 70
4 154 70
4 378 70
4 379 70
4 380 70
4 381 70
4 382 70
4 383 70
4 384 70
4 385 70
4 386 70
4 387 70
4 388 70
4 389 70
4 390 70
4 391 70
4 392 70
4 393 70
4 394 70
4 608 70
4 609 70
4 610 70
4 611 70
4 612 70
4 613 70
4 614 70
4 615 70
4 616 70
4 617 70
4 618 70
4 619 70
4 620 70
4 621 70
4 622 70
4 623 70
4 624 70
4 625 70
4 626 70
4 627 70
4 628 70
4 629 70
4 630 70
4 631 70
4 632 70
4 633 70
4 634 70
4 635 70
4 636 70
4 637 70
4 638 70
4 639 70
4 1056 70
4 1057 70
4 1058 70
4 1059 70
4 1060 70
4 1061 70
4 1062 70
4 1063 70
4 1064 70
4 1065 70
4 1066 70
4 1067 70
4 1068 70
4 1069 70
4 1070 70
4 1071 70
4 1072 70
4 1073 70
4 1074 70
4 1075 70
4 1076 70
5 155 70
5 156 70
5 157 70
5 158 70
5 159 70
5 160 70
5 161 70
5 162 70
5 163 70
5 164 70
5 165 70
5 166 70
5 167 70
5 168 70
5 169 70
5 170 70
5 171 70
5 172 70
5 173 70
5 174 70
5 175 70
5 176 70
5 177 70
5 178 70
5 179 70
5 180 70
5 181 70
5 182 70
5 183 70
5 184 70
5 185 70
5 395 70
5 396 70
5 397 70
5 398 70
5 399 70
5 400 70
5 401 70
5 402 70
5 403 70
5 404 70
5 405 70
5 406 70
5 407 70
5 408 70
5 409 70
5 410 70
5 411 70
5 640 70
5 641 70
5 642 70
5 643 70
5 644 70
5 645 70
5 646 70
5 647 70
5 648 70
5 649 70
5 650 70
5 651 70
5 652 70
5 653 70
5 654 70
5 655 70
5 656 70
5 657 70
5 658 70
5 659 70
5 660 70
5 661 70
5 662 70
5 663 70
5 664 70
5 665 70
5 666 70
5 667 70
5 668 70
5 669 70
5 670 70
5 671 70
5 1120 70
5 1121 70
5 1122 70
5 1123 70
5 1124 70
5 1125 70
5 1126 70
5 1127 70
5 1128 70
5 1129 70
5 1130 70
5 1131 70
5 1132 70
5 1133 70
5 1134 70
5 1135 70
5 1136 70
5 1137 70
5 1138 70
5 1139 70
5 1140 70
6 186 70
6 187 70
6 188 70
6 189 70
6 190 70
6 191 70
6 192 70
6 193 70
6 194 70
6 195 70
6 196 70
6 197 70
6 198 70
6 199 70
6 200 70
6 201 70
6 202 70
6 203 70
6 204 70
6 205 70
6 206 70
6 207 70
6 208 70
6 209 70
6 210 70
6 211 70
6 212 70
6 213 70
6 214 70
6 215 70
6 216 70
6 412 70
6 413 70
6 414 70
6 415 70
6 416 70
6 417 70
6 418 70
6 419 70
6 420 70
6 421 70
6 422 70
6 423 70
6 424 70
6 425 70
6 426 70
6 427 70
6 428 70
6 672 70
6 673 70
6 674 70
6 675 70
6 676 70
6 677 70
6 678 70
6 679 70
6 680 70
6 681 70
6 682 70
6 683 70
6 684 70
6 685 70
6 686 70
6 687 70
6 688 70
6 689 70
6 690 70
6 691 70
6 692 70
6 693 70
6 694 70
6 695 70
6 696 70
6 697 70
6 698 70
6 699 70
6 700 70
6 701 70
6 702 70
6 703 70
6 1184 70
6 1185 70
6 1186 70
6 1187 70
6 1188 70
6 1189 70
6 1190 70
6 1191 70
6 1192 70
6 1193 70
6 1194 70
6 1195 70
6 1196 70
6 1197 70
6 1198 70
6 1199 70
6 1200 70
6 1201 70
6 1202 70
6 1203 70
6 1204 70
7 217 70
7 218 70
7 219 70
7 220 70
7 221 70
7 222 70
7 223 70
7 224 70
7 225 70
7 226 70
7 227 70
7 228 70
7 229 70
7 230 70
7 231 70
7 232 70
7 233 70
7 234 70
7 235 70
7 236 70
7 237 70
7 238 70
7 239 70
7 240 70
7 241 70
7 242 70
7 243 70
7 244 70
7 245 70
7 246 70
7 247 70
7 429 70
7 430 70
7 431 70
7 432 70
7 433 70
7 434 70
7 435 70
7 436 70
7 437 70
7 438 70
7 439 70
7 440 70
7 441 70
7 442 70
7 443 70
7 444 70
7 445 70
7 704 70
7 705 70
7 706 70
7 707 70
7 708 70
7 709 70
7 710 70
7 711 70
7 712 70
7 713 70
7 714 70
7 715 70
7 716 70
7 717 70
7 718 70
7 719 70
7 720 70
7 721 70
7 722 70
7 723 70
7 724 70
7 725 70
7 726 70
7 727 70
7 728 70
7 729 70
7 730 70
7 731 70
7 732 70
7 733 70
7 734 70
7 735 70
7 1248 70
7 1249 70
7 1250 70
7 1251 70
7 1252 70
7 1253 70
7 1254 70
7 1255 70
7 1256 70
7 1257 70
7 1258 70
7 1259 70
7 1260 70
7 1261 70
7 1262 70
7 1263 70
7 1264 70
7 1265 70
7 1266 70
7 1267 70
7 1268 70
8 248 70
8 249 70
8 250 70
8 251 70
8 252 70
8 253 70
8 254 70
8 255 70
8 256 70
8 257 70
8 258 70
8 259 70
8 260 70
8 261 70
8 262 70
8 263 70
8 264 70
8 265 70
8 266 70
8 267 70
8 268 70
8 269 70
8 270 70
8 271 70
8 272 70
8 273 70
8 274 70
8 275 70
8 276 70
8 277 70
8 278 70
8 446 70
8 447 70
8 448 70
8 449 70
8 450 70
8 451 70
8 452 70
8 453 70
8 454 70
8 455 70
8 456 70
8 457 70
8 458 70
8 459 70
8 460 70
8 461 70
8 462 70
8 736 70
8 737 70
8 738 70
8 739 70
8 740 70
8 741 70
8 742 70
8 743 70
8 744 70
8 745 70
8 746 70
8 747 70
8 748 70
8 749 70
8 750 70
8 751 70
8 752 70
8 753 70
8 754 70
8 755 70
8 756 70
8 757 70
8 758 70
8 759 70
8 760 70
8 761 70
8 762 70
8 763 70
8 764 70
8 765 70
8 766 70
8 767 70
8 1312 70
8 1313 70
8 1314 70
8 1315 70
8 1316 70
8 1317 70
8 1318 70
8 1319 70
8 1320 70
8 1321 70
8 1322 70
8 1323 70
8 1324 70
8 1325 70
8 1326 70
8 1327 70
8 1328 70
8 1329 70
8 1330 70
8 1331 70
8 1332 70
9 279 70
9 280 70
9 281 70
9 282 70
9 283 70
9 284 70
9 285 70
9 286 70
9 287 70
9 288 70
9 289 70
9 290 70
9 291 70
9 292 70
9 293 70
9 294 70
9 295 70
9 296 70
9 297 70
9 298 70
9 299 70
9 300 70
9 301 70
9 302 70
9 303 70
9 304 70
9 305 70
9 306 70
9 307 70
9 308 70
9 309 70
9 463 70
9 464 70
9 465 70
9 466 70
9 467 70
9 468 70
9 469 70
9 470 70
9 471 70
9 472 70
9 473 70
9 474 70
9 475 70
9 476 70
9 477 70
9 478 70
9 479 70
9 768 70
9 769 70
9 770 70
9 771 70
9 772 70
9 773 70
9 774 70
9 775 70
9 776 70
9 777 70
9 778 70
9 779 70
9 780 70
9 781 70
9 782 70
9 783 70
9 784 70
9 785 70
9 786 70
9 787 70
9 788 70
9 789 70
9 790 70
9 791 70
9 792 70
9 793 70
9 794 70
9 795 70
9 796 70
9 797 70
9 798 70
9 799 70
9 1376 70
9 1377 70
9 1378 70
9 1379 70
9 1380 70
9 1381 70
9 1382 70
9 1383 70
9 1384 70
9 1385 70
9 1386 70
9 1387 70
9 1388 70
9 1389 70
9 1390 70
9 1391 70
9 1392 70
9 1393 70
9 1394 70
9 1395 70
9 1396 70
