block round
63 80
64 80
65 80
66 80
67 80
68 80
69 80
70 80
71 80
72 80
73 80
74 80
75 80
76 80
77 80
78 80
79 80
80 80
81 80
82 80
83 80
291 80
292 80
293 80
294 80
295 80
296 80
297 80
298 80
299 80
300 80
301 80
302 80
303 80
304 80
305 80
306 80
307 80
308 80
309 80
310 80
311 80
312 80
313 80
314 80
315 80
316 80
317 80
576 80
577 80
578 80
579 80
580 80
581 80
582 80
583 80
584 80
585 80
586 80
587 80
588 80
589 80
590 80
591 80
592 80
593 80
594 80
595 80
596 80
597 80
598 80
599 80
600 80
601 80
602 80
603 80
604 80
605 80
606 80
607 80
992 80
993 80
994 80
995 80
996 80
997 80
998 80
999 80
1000 80
1001 80
1002 80
1003 80
1004 80
1005 80
1006 80
1007 80
1008 80
1009 80
1010 80
1011 80
1012 80
