block round
279 70
280 70
281 70
282 70
283 70
284 70
285 70
286 70
287 70
288 70
289 70
290 70
291 70
292 70
293 70
294 70
295 70
296 70
297 70
298 70
299 70
300 70
301 70
302 70
303 70
304 70
305 70
306 70
307 70
308 70
309 70
463 70
464 70
465 70
466 70
467 70
468 70
469 70
470 70
471 70
472 70
473 70
474 70
475 70
476 70
477 70
478 70
479 70
768 70
769 70
770 70
771 70
772 70
773 70
774 70
775 70
776 70
777 70
778 70
779 70
780 70
781 70
782 70
783 70
784 70
785 70
786 70
787 70
788 70
789 70
790 70
791 70
792 70
793 70
794 70
795 70
796 70
797 70
798 70
799 70
1376 70
1377 70
1378 70
1379 70
1380 70
1381 70
1382 70
1383 70
1384 70
1385 70
1386 70
1387 70
1388 70
1389 70
1390 70
1391 70
1392 70
1393 70
1394 70
1395 70
1396 70
