block round
255 50
256 50
257 50
258 50
259 50
260 50
261 50
262 50
263 50
264 50
265 50
266 50
267 50
268 50
269 50
270 50
271 50
272 50
273 50
274 50
275 50
276 50
277 50
278 50
279 50
280 50
281 50
282 50
283 50
284 50
285 50
286 50
287 50
288 50
289 50
290 50
291 50
292 50
293 50
294 50
295 50
296 50
297 50
298 50
299 50
300 50
301 50
302 50
303 50
304 50
305 50
815 50
816 50
817 50
818 50
819 50
820 50
821 50
822 50
823 50
824 50
825 50
826 50
827 50
828 50
829 50
830 50
831 50
832 50
833 50
834 50
835 50
836 50
837 50
838 50
839 50
840 50
841 50
842 50
843 50
844 50
845 50
846 50
847 50
848 50
849 50
850 50
851 50
852 50
853 50
854 50
855 50
856 50
857 50
858 50
859 50
860 50
861 50
862 50
863 50
864 50
