file block round
0 0 40
0 1 40
0 2 40
0 3 40
0 4 40
0 5 40
0 6 40
0 7 40
0 8 40
0 9 40
0 10 40
0 11 40
0 12 40
0 13 40
0 14 40
0 15 40
0 16 40
0 17 40
0 18 40
0 19 40
0 20 40
0 21 40
0 22 40
0 23 40
0 24 40
0 25 40
0 26 40
0 27 40
0 28 40
0 29 40
0 30 40
0 31 40
0 32 40
0 33 40
0 34 40
0 35 40
0 36 40
0 37 40
0 38 40
0 39 40
0 40 40
0 41 40
0 42 40
0 43 40
0 44 40
0 45 40
0 46 40
0 47 40
0 48 40
0 49 40
0 50 40
0 51 40
0 52 40
0 53 40
0 54 40
0 55 40
0 56 40
0 57 40
0 58 40
0 59 40
0 60 40
0 610 40
0 611 40
0 612 40
0 613 40
0 614 40
0 615 40
0 616 40
0 617 40
0 618 40
0 619 40
0 620 40
0 621 40
0 622 40
0 623 40
0 624 40
0 625 40
0 626 40
0 627 40
0 628 40
0 629 40
0 630 40
0 631 40
0 632 40
0 633 40
0 634 40
0 635 40
0 636 40
0 637 40
0 638 40
0 639 40
0 640 40
0 641 40
0 642 40
0 643 40
0 644 40
0 645 40
0 646 40
0 647 40
0 648 40
0 649 40
1 61 40
1 62 40
1 63 40
1 64 40
1 65 40
1 66 40
1 67 40
1 68 40
1 69 40
1 70 40
1 71 40
1 72 40
1 73 40
1 74 40
1 75 40
1 76 40
1 77 40
1 78 40
1 79 40
1 80 40
1 81 40
1 82 40
1 83 40
1 84 40
1 85 40
1 86 40
1 87 40
1 88 40
1 89 40
1 90 40
1 91 40
1 92 40
1 93 40
1 94 40
1 95 40
1 96 40
1 97 40
1 98 40
1 99 40
1 100 40
1 101 40
1 102 40
1 103 40
1 104 40
1 105 40
1 106 40
1 107 40
1 108 40
1 109 40
1 110 40
1 111 40
1 112 40
1 113 40
1 114 40
1 115 40
1 116 40
1 117 40
1 118 40
1 119 40
1 120 40
1 121 40
1 661 40
1 662 40
1 663 40
1 664 40
1 665 40
1 666 40
1 667 40
1 668 40
1 669 40
1 670 40
1 671 40
1 672 40
1 673 40
1 674 40
1 675 40
1 676 40
1 677 40
1 678 40
1 679 40
1 680 40
1 681 40
1 682 40
1 683 40
1 684 40
1 685 40
1 686 40
1 687 40
1 688 40
1 689 40
1 690 40
1 691 40
1 692 40
1 693 40
1 694 40
1 695 40
1 696 40
1 697 40
1 698 40
1 699 40
1 700 40
2 122 40
2 123 40
2 124 40
2 125 40
2 126 40
2 127 40
2 128 40
2 129 40
2 130 40
2 131 40
2 132 40
2 133 40
2 134 40
2 135 40
2 136 40
2 137 40
2 138 40
2 139 40
2 140 40
2 141 40
2 142 40
2 143 40
2 144 40
2 145 40
2 146 40
2 147 40
2 148 40
2 149 40
2 150 40
2 151 40
2 152 40
2 153 40
2 154 40
2 155 40
2 156 40
2 157 40
2 158 40
2 159 40
2 160 40
2 161 40
2 162 40
2 163 40
2 164 40
2 165 40
2 166 40
2 167 40
2 168 40
2 169 40
2 170 40
2 171 40
2 172 40
2 173 40
2 174 40
2 175 40
2 176 40
2 177 40
2 178 40
2 179 40
2 180 40
2 181 40
2 182 40
2 712 40
2 713 40
2 714 40
2 715 40
2 716 40
2 717 40
2 718 40
2 719 40
2 720 40
2 721 40
2 722 40
2 723 40
2 724 40
2 725 40
2 726 40
2 727 40
2 728 40
2 729 40
2 730 40
2 731 40
2 732 40
2 733 40
2 734 40
2 735 40
2 736 40
2 737 40
2 738 40
2 739 40
2 740 40
2 741 40
2 742 40
2 743 40
2 744 40
2 745 40
2 746 40
2 747 40
2 748 40
2 749 40
2 750 40
2 751 40
3 183 40
3 184 40
3 185 40
3 186 40
3 187 40
3 188 40
3 189 40
3 190 40
3 191 40
3 192 40
3 193 40
3 194 40
3 195 40
3 196 40
3 197 40
3 198 40
3 199 40
3 200 40
3 201 40
3 202 40
3 203 40
3 204 40
3 205 40
3 206 40
3 207 40
3 208 40
3 209 40
3 210 40
3 211 40
3 212 40
3 213 40
3 214 40
3 215 40
3 216 40
3 217 40
3 218 40
3 219 40
3 220 40
3 221 40
3 222 40
3 223 40
3 224 40
3 225 40
3 226 40
3 227 40
3 228 40
3 229 40
3 230 40
3 231 40
3 232 40
3 233 40
3 234 40
3 235 40
3 236 40
3 237 40
3 238 40
3 239 40
3 240 40
3 241 40
3 242 40
3 243 40
3 763 40
3 764 40
3 765 40
3 766 40
3 767 40
3 768 40
3 769 40
3 770 40
3 771 40
3 772 40
3 773 40
3 774 40
3 775 40
3 776 40
3 777 40
3 778 40
3 779 40
3 780 40
3 781 40
3 782 40
3 783 40
3 784 40
3 785 40
3 786 40
3 787 40
3 788 40
3 789 40
3 790 40
3 791 40
3 792 40
3 793 40
3 794 40
3 795 40
3 796 40
3 797 40
3 798 40
3 799 40
3 800 40
3 801 40
3 802 40
4 244 40
4 245 40
4 246 40
4 247 40
4 248 40
4 249 40
4 250 40
4 251 40
4 252 40
4 253 40
4 254 40
4 255 40
4 256 40
4 257 40
4 258 40
4 259 40
4 260 40
4 261 40
4 262 40
4 263 40
4 264 40
4 265 40
4 266 40
4 267 40
4 268 40
4 269 40
4 270 40
4 271 40
4 272 40
4 273 40
4 274 40
4 275 40
4 276 40
4 277 40
4 278 40
4 279 40
4 280 40
4 281 40
4 282 40
4 283 40
4 284 40
4 285 40
4 286 40
4 287 40
4 288 40
4 289 40
4 290 40
4 291 40
4 292 40
4 293 40
4 294 40
4 295 40
4 296 40
4 297 40
4 298 40
4 299 40
4 300 40
4 301 40
4 302 40
4 303 40
4 304 40
4 814 40
4 815 40
4 816 40
4 817 40
4 818 40
4 819 40
4 820 40
4 821 40
4 822 40
4 823 40
4 824 40
4 825 40
4 826 40
4 827 40
4 828 40
4 829 40
4 830 40
4 831 40
4 832 40
4 833 40
4 834 40
4 835 40
4 836 40
4 837 40
4 838 40
4 839 40
4 840 40
4 841 40
4 842 40
4 843 40
4 844 40
4 845 40
4 846 40
4 847 40
4 848 40
4 849 40
4 850 40
4 851 40
4 852 40
4 853 40
5 305 40
5 306 40
5 307 40
5 308 40
5 309 40
5 310 40
5 311 40
5 312 40
5 313 40
5 314 40
5 315 40
5 316 40
5 317 40
5 318 40
5 319 40
5 320 40
5 321 40
5 322 40
5 323 40
5 324 40
5 325 40
5 326 40
5 327 40
5 328 40
5 329 40
5 330 40
5 331 40
5 332 40
5 333 40
5 334 40
5 335 40
5 336 40
5 337 40
5 338 40
5 339 40
5 340 40
5 341 40
5 342 40
5 343 40
5 344 40
5 345 40
5 346 40
5 347 40
5 348 40
5 349 40
5 350 40
5 351 40
5 352 40
5 353 40
5 354 40
5 355 40
5 356 40
5 357 40
5 358 40
5 359 40
5 360 40
5 361 40
5 362 40
5 363 40
5 364 40
5 365 40
5 865 40
5 866 40
5 867 40
5 868 40
5 869 40
5 870 40
5 871 40
5 872 40
5 873 40
5 874 40
5 875 40
5 876 40
5 877 40
5 878 40
5 879 40
5 880 40
5 881 40
5 882 40
5 883 40
5 884 40
5 885 40
5 886 40
5 887 40
5 888 40
5 889 40
5 890 40
5 891 40
5 892 40
5 893 40
5 894 40
5 895 40
5 896 40
5 897 40
5 898 40
5 899 40
5 900 40
5 901 40
5 902 40
5 903 40
5 904 40
6 366 40
6 367 40
6 368 40
6 369 40
6 370 40
6 371 40
6 372 40
6 373 40
6 374 40
6 375 40
6 376 40
6 377 40
6 378 40
6 379 40
6 380 40
6 381 40
6 382 40
6 383 40
6 384 40
6 385 40
6 386 40
6 387 40
6 388 40
6 389 40
6 390 40
6 391 40
6 392 40
6 393 40
6 394 40
6 395 40
6 396 40
6 397 40
6 398 40
6 399 40
6 400 40
6 401 40
6 402 40
6 403 40
6 404 40
6 405 40
6 406 40
6 407 40
6 408 40
6 409 40
6 410 40
6 411 40
6 412 40
6 413 40
6 414 40
6 415 40
6 416 40
6 417 40
6 418 40
6 419 40
6 420 40
6 421 40
6 422 40
6 423 40
6 424 40
6 425 40
6 426 40
6 916 40
6 917 40
6 918 40
6 919 40
6 920 40
6 921 40
6 922 40
6 923 40
6 924 40
6 925 40
6 926 40
6 927 40
6 928 40
6 929 40
6 930 40
6 931 40
6 932 40
6 933 40
6 934 40
6 935 40
6 936 40
6 937 40
6 938 40
6 939 40
6 940 40
6 941 40
6 942 40
6 943 40
6 944 40
6 945 40
6 946 40
6 947 40
6 948 40
6 949 40
6 950 40
6 951 40
6 952 40
6 953 40
6 954 40
6 955 40
7 427 40
7 428 40
7 429 40
7 430 40
7 431 40
7 432 40
7 433 40
7 434 40
7 435 40
7 436 40
7 437 40
7 438 40
7 439 40
7 440 40
7 441 40
7 442 40
7 443 40
7 444 40
7 445 40
7 446 40
7 447 40
7 448 40
7 449 40
7 450 40
7 451 40
7 452 40
7 453 40
7 454 40
7 455 40
7 456 40
7 457 40
7 458 40
7 459 40
7 460 40
7 461 40
7 462 40
7 463 40
7 464 40
7 465 40
7 466 40
7 467 40
7 468 40
7 469 40
7 470 40
7 471 40
7 472 40
7 473 40
7 474 40
7 475 40
7 476 40
7 477 40
7 478 40
7 479 40
7 480 40
7 481 40
7 482 40
7 483 40
7 484 40
7 485 40
7 486 40
7 487 40
7 967 40
7 968 40
7 969 40
7 970 40
7 971 40
7 972 40
7 973 40
7 974 40
7 975 40
7 976 40
7 977 40
7 978 40
7 979 40
7 980 40
7 981 40
7 982 40
7 983 40
7 984 40
7 985 40
7 986 40
7 987 40
7 988 40
7 989 40
7 990 40
7 991 40
7 992 40
7 993 40
7 994 40
7 995 40
7 996 40
7 997 40
7 998 40
7 999 40
7 1000 40
7 1001 40
7 1002 40
7 1003 40
7 1004 40
7 1005 40
7 1006 40
8 488 40
8 489 40
8 490 40
8 491 40
8 492 40
8 493 40
8 494 40
8 495 40
8 496 40
8 497 40
8 498 40
8 499 40
8 500 40
8 501 40
8 502 40
8 503 40
8 504 40
8 505 40
8 506 40
8 507 40
8 508 40
8 509 40
8 510 40
8 511 40
8 512 40
8 513 40
8 514 40
8 515 40
8 516 40
8 517 40
8 518 40
8 519 40
8 520 40
8 521 40
8 522 40
8 523 40
8 524 40
8 525 40
8 526 40
8 527 40
8 528 40
8 529 40
8 530 40
8 531 40
8 532 40
8 533 40
8 534 40
8 535 40
8 536 40
8 537 40
8 538 40
8 539 40
8 540 40
8 541 40
8 542 40
8 543 40
8 544 40
8 545 40
8 546 40
8 547 40
8 548 40
8 1018 40
8 1019 40
8 1020 40
8 1021 40
8 1022 40
8 1023 40
8 1024 40
8 1025 40
8 1026 40
8 1027 40
8 1028 40
8 1029 40
8 1030 40
8 1031 40
8 1032 40
8 1033 40
8 1034 40
8 1035 40
8 1036 40
8 1037 40
8 1038 40
8 1039 40
8 1040 40
8 1041 40
8 1042 40
8 1043 40
8 1044 40
8 1045 40
8 1046 40
8 1047 40
8 1048 40
8 1049 40
8 1050 40
8 1051 40
8 1052 40
8 1053 40
8 1054 40
8 1055 40
8 1056 40
8 1057 40
9 549 40
9 550 40
9 551 40
9 552 40
9 553 40
9 554 40
9 555 40
9 556 40
9 557 40
9 558 40
9 559 40
9 560 40
9 561 40
9 562 40
9 563 40
9 564 40
9 565 40
9 566 40
9 567 40
9 568 40
9 569 40
9 570 40
9 571 40
9 572 40
9 573 40
9 574 40
9 575 40
9 576 40
9 577 40
9 578 40
9 579 40
9 580 40
9 581 40
9 582 40
9 583 40
9 584 40
9 585 40
9 586 40
9 587 40
9 588 40
9 589 40
9 590 40
9 591 40
9 592 40
9 593 40
9 594 40
9 595 40
9 596 40
9 597 40
9 598 40
9 599 40
9 600 40
9 601 40
9 602 40
9 603 40
9 604 40
9 605 40
9 606 40
9 607 40
9 608 40
9 609 40
9 1069 40
9 1070 40
9 1071 40
9 1072 40
9 1073 40
9 1074 40
9 1075 40
9 1076 40
9 1077 40
9 1078 40
9 1079 40
9 1080 40
9 1081 40
9 1082 40
9 1083 40
9 1084 40
9 1085 40
9 1086 40
9 1087 40
9 1088 40
9 1089 40
9 1090 40
9 1091 40
9 1092 40
9 1093 40
9 1094 40
9 1095 40
9 1096 40
9 1097 40
9 1098 40
9 1099 40
9 1100 40
9 1101 40
9 1102 40
9 1103 40
9 1104 40
9 1105 40
9 1106 40
9 1107 40
9 1108 40
