block round
21 80
22 80
23 80
24 80
25 80
26 80
27 80
28 80
29 80
30 80
31 80
32 80
33 80
34 80
35 80
36 80
37 80
38 80
39 80
40 80
41 80
237 80
238 80
239 80
240 80
241 80
242 80
243 80
244 80
245 80
246 80
247 80
248 80
249 80
250 80
251 80
252 80
253 80
254 80
255 80
256 80
257 80
258 80
259 80
260 80
261 80
262 80
263 80
512 80
513 80
514 80
515 80
516 80
517 80
518 80
519 80
520 80
521 80
522 80
523 80
524 80
525 80
526 80
527 80
528 80
529 80
530 80
531 80
532 80
533 80
534 80
535 80
536 80
537 80
538 80
539 80
540 80
541 80
542 80
543 80
864 80
865 80
866 80
867 80
868 80
869 80
870 80
871 80
872 80
873 80
874 80
875 80
876 80
877 80
878 80
879 80
880 80
881 80
882 80
883 80
884 80
