block round
213 30
214 30
215 30
216 30
217 30
218 30
219 30
220 30
221 30
222 30
223 30
224 30
225 30
226 30
227 30
228 30
229 30
230 30
231 30
232 30
233 30
234 30
235 30
236 30
237 30
238 30
239 30
240 30
241 30
242 30
243 30
244 30
245 30
246 30
247 30
248 30
249 30
250 30
251 30
252 30
253 30
254 30
255 30
256 30
257 30
258 30
259 30
260 30
261 30
262 30
263 30
264 30
265 30
266 30
267 30
268 30
269 30
270 30
271 30
272 30
273 30
274 30
275 30
276 30
277 30
278 30
279 30
280 30
281 30
282 30
283 30
1073 30
1074 30
1075 30
1076 30
1077 30
1078 30
1079 30
1080 30
1081 30
1082 30
1083 30
1084 30
1085 30
1086 30
1087 30
1088 30
1089 30
1090 30
1091 30
1092 30
1093 30
1094 30
1095 30
1096 30
1097 30
1098 30
1099 30
1100 30
1101 30
1102 30
