block round
287 60
288 60
289 60
290 60
291 60
292 60
293 60
294 60
295 60
296 60
297 60
298 60
299 60
300 60
301 60
302 60
303 60
304 60
305 60
306 60
307 60
308 60
309 60
310 60
311 60
312 60
313 60
314 60
315 60
316 60
317 60
318 60
319 60
320 60
321 60
322 60
323 60
324 60
325 60
326 60
327 60
795 60
796 60
797 60
798 60
799 60
800 60
801 60
802 60
803 60
804 60
805 60
806 60
807 60
808 60
809 60
810 60
811 60
812 60
813 60
814 60
815 60
816 60
817 60
818 60
819 60
820 60
821 60
822 60
823 60
824 60
825 60
826 60
827 60
828 60
829 60
830 60
831 60
832 60
833 60
834 60
835 60
836 60
837 60
838 60
839 60
840 60
841 60
842 60
843 60
844 60
845 60
846 60
847 60
848 60
849 60
1408 60
1409 60
1410 60
1411 60
1412 60
