block round
84 80
85 80
86 80
87 80
88 80
89 80
90 80
91 80
92 80
93 80
94 80
95 80
96 80
97 80
98 80
99 80
100 80
101 80
102 80
103 80
104 80
318 80
319 80
320 80
321 80
322 80
323 80
324 80
325 80
326 80
327 80
328 80
329 80
330 80
331 80
332 80
333 80
334 80
335 80
336 80
337 80
338 80
339 80
340 80
341 80
342 80
343 80
344 80
608 80
609 80
610 80
611 80
612 80
613 80
614 80
615 80
616 80
617 80
618 80
619 80
620 80
621 80
622 80
623 80
624 80
625 80
626 80
627 80
628 80
629 80
630 80
631 80
632 80
633 80
634 80
635 80
636 80
637 80
638 80
639 80
1056 80
1057 80
1058 80
1059 80
1060 80
1061 80
1062 80
1063 80
1064 80
1065 80
1066 80
1067 80
1068 80
1069 80
1070 80
1071 80
1072 80
1073 80
1074 80
1075 80
1076 80
