block round
147 80
148 80
149 80
150 80
151 80
152 80
153 80
154 80
155 80
156 80
157 80
158 80
159 80
160 80
161 80
162 80
163 80
164 80
165 80
166 80
167 80
399 80
400 80
401 80
402 80
403 80
404 80
405 80
406 80
407 80
408 80
409 80
410 80
411 80
412 80
413 80
414 80
415 80
416 80
417 80
418 80
419 80
420 80
421 80
422 80
423 80
424 80
425 80
704 80
705 80
706 80
707 80
708 80
709 80
710 80
711 80
712 80
713 80
714 80
715 80
716 80
717 80
718 80
719 80
720 80
721 80
722 80
723 80
724 80
725 80
726 80
727 80
728 80
729 80
730 80
731 80
732 80
733 80
734 80
735 80
1248 80
1249 80
1250 80
1251 80
1252 80
1253 80
1254 80
1255 80
1256 80
1257 80
1258 80
1259 80
1260 80
1261 80
1262 80
1263 80
1264 80
1265 80
1266 80
1267 80
1268 80
