block round
105 100
9 100
19 100
29 100
39 100
49 100
59 100
69 100
79 100
89 100
104 100
119 100
129 100
139 100
149 100
159 100
169 100
254 100
255 100
256 100
257 100
258 100
259 100
260 100
261 100
262 100
263 100
264 100
265 100
266 100
267 100
268 100
269 100
494 100
495 100
496 100
497 100
498 100
499 100
500 100
501 100
502 100
503 100
504 100
505 100
506 100
507 100
508 100
509 100
510 100
511 100
512 100
513 100
514 100
515 100
516 100
517 100
518 100
519 100
520 100
521 100
522 100
523 100
524 100
525 100
974 100
975 100
976 100
977 100
978 100
979 100
980 100
981 100
982 100
983 100
984 100
985 100
986 100
987 100
988 100
989 100
990 100
991 100
992 100
993 100
994 100
995 100
996 100
997 100
998 100
999 100
1000 100
1001 100
1002 100
1003 100
1004 100
1005 100
1006 100
1007 100
1008 100
1009 100
1010 100
