block round
164 60
165 60
166 60
167 60
168 60
169 60
170 60
171 60
172 60
173 60
174 60
175 60
176 60
177 60
178 60
179 60
180 60
181 60
182 60
183 60
184 60
185 60
186 60
187 60
188 60
189 60
190 60
191 60
192 60
193 60
194 60
195 60
196 60
197 60
198 60
199 60
200 60
201 60
202 60
203 60
204 60
630 60
631 60
632 60
633 60
634 60
635 60
636 60
637 60
638 60
639 60
640 60
641 60
642 60
643 60
644 60
645 60
646 60
647 60
648 60
649 60
650 60
651 60
652 60
653 60
654 60
655 60
656 60
657 60
658 60
659 60
660 60
661 60
662 60
663 60
664 60
665 60
666 60
667 60
668 60
669 60
670 60
671 60
672 60
673 60
674 60
675 60
676 60
677 60
678 60
679 60
680 60
681 60
682 60
683 60
684 60
1216 60
1217 60
1218 60
1219 60
1220 60
