block round
101 100
7 100
17 100
27 100
37 100
47 100
57 100
67 100
77 100
87 100
100 100
117 100
127 100
137 100
147 100
157 100
167 100
222 100
223 100
224 100
225 100
226 100
227 100
228 100
229 100
230 100
231 100
232 100
233 100
234 100
235 100
236 100
237 100
430 100
431 100
432 100
433 100
434 100
435 100
436 100
437 100
438 100
439 100
440 100
441 100
442 100
443 100
444 100
445 100
446 100
447 100
448 100
449 100
450 100
451 100
452 100
453 100
454 100
455 100
456 100
457 100
458 100
459 100
460 100
461 100
846 100
847 100
848 100
849 100
850 100
851 100
852 100
853 100
854 100
855 100
856 100
857 100
858 100
859 100
860 100
861 100
862 100
863 100
864 100
865 100
866 100
867 100
868 100
869 100
870 100
871 100
872 100
873 100
874 100
875 100
876 100
877 100
878 100
879 100
880 100
881 100
882 100
