block round
0 50
1 50
2 50
3 50
4 50
5 50
6 50
7 50
8 50
9 50
10 50
11 50
12 50
13 50
14 50
15 50
16 50
17 50
18 50
19 50
20 50
21 50
22 50
23 50
24 50
25 50
26 50
27 50
28 50
29 50
30 50
31 50
32 50
33 50
34 50
35 50
36 50
37 50
38 50
39 50
40 50
41 50
42 50
43 50
44 50
45 50
46 50
47 50
48 50
49 50
50 50
510 50
511 50
512 50
513 50
514 50
515 50
516 50
517 50
518 50
519 50
520 50
521 50
522 50
523 50
524 50
525 50
526 50
527 50
528 50
529 50
530 50
531 50
532 50
533 50
534 50
535 50
536 50
537 50
538 50
539 50
540 50
541 50
542 50
543 50
544 50
545 50
546 50
547 50
548 50
549 50
550 50
551 50
552 50
553 50
554 50
555 50
556 50
557 50
558 50
559 50
