block round
244 40
245 40
246 40
247 40
248 40
249 40
250 40
251 40
252 40
253 40
254 40
255 40
256 40
257 40
258 40
259 40
260 40
261 40
262 40
263 40
264 40
265 40
266 40
267 40
268 40
269 40
270 40
271 40
272 40
273 40
274 40
275 40
276 40
277 40
278 40
279 40
280 40
281 40
282 40
283 40
284 40
285 40
286 40
287 40
288 40
289 40
290 40
291 40
292 40
293 40
294 40
295 40
296 40
297 40
298 40
299 40
300 40
301 40
302 40
303 40
304 40
814 40
815 40
816 40
817 40
818 40
819 40
820 40
821 40
822 40
823 40
824 40
825 40
826 40
827 40
828 40
829 40
830 40
831 40
832 40
833 40
834 40
835 40
836 40
837 40
838 40
839 40
840 40
841 40
842 40
843 40
844 40
845 40
846 40
847 40
848 40
849 40
850 40
851 40
852 40
853 40
