block round
306 50
307 50
308 50
309 50
310 50
311 50
312 50
313 50
314 50
315 50
316 50
317 50
318 50
319 50
320 50
321 50
322 50
323 50
324 50
325 50
326 50
327 50
328 50
329 50
330 50
331 50
332 50
333 50
334 50
335 50
336 50
337 50
338 50
339 50
340 50
341 50
342 50
343 50
344 50
345 50
346 50
347 50
348 50
349 50
350 50
351 50
352 50
353 50
354 50
355 50
356 50
876 50
877 50
878 50
879 50
880 50
881 50
882 50
883 50
884 50
885 50
886 50
887 50
888 50
889 50
890 50
891 50
892 50
893 50
894 50
895 50
896 50
897 50
898 50
899 50
900 50
901 50
902 50
903 50
904 50
905 50
906 50
907 50
908 50
909 50
910 50
911 50
912 50
913 50
914 50
915 50
916 50
917 50
918 50
919 50
920 50
921 50
922 50
923 50
924 50
925 50
