block round
328 60
329 60
330 60
331 60
332 60
333 60
334 60
335 60
336 60
337 60
338 60
339 60
340 60
341 60
342 60
343 60
344 60
345 60
346 60
347 60
348 60
349 60
350 60
351 60
352 60
353 60
354 60
355 60
356 60
357 60
358 60
359 60
360 60
361 60
362 60
363 60
364 60
365 60
366 60
367 60
368 60
850 60
851 60
852 60
853 60
854 60
855 60
856 60
857 60
858 60
859 60
860 60
861 60
862 60
863 60
864 60
865 60
866 60
867 60
868 60
869 60
870 60
871 60
872 60
873 60
874 60
875 60
876 60
877 60
878 60
879 60
880 60
881 60
882 60
883 60
884 60
885 60
886 60
887 60
888 60
889 60
890 60
891 60
892 60
893 60
894 60
895 60
896 60
897 60
898 60
899 60
900 60
901 60
902 60
903 60
904 60
1472 60
1473 60
1474 60
1475 60
1476 60
