block round
186 70
187 70
188 70
189 70
190 70
191 70
192 70
193 70
194 70
195 70
196 70
197 70
198 70
199 70
200 70
201 70
202 70
203 70
204 70
205 70
206 70
207 70
208 70
209 70
210 70
211 70
212 70
213 70
214 70
215 70
216 70
412 70
413 70
414 70
415 70
416 70
417 70
418 70
419 70
420 70
421 70
422 70
423 70
424 70
425 70
426 70
427 70
428 70
672 70
673 70
674 70
675 70
676 70
677 70
678 70
679 70
680 70
681 70
682 70
683 70
684 70
685 70
686 70
687 70
688 70
689 70
690 70
691 70
692 70
693 70
694 70
695 70
696 70
697 70
698 70
699 70
700 70
701 70
702 70
703 70
1184 70
1185 70
1186 70
1187 70
1188 70
1189 70
1190 70
1191 70
1192 70
1193 70
1194 70
1195 70
1196 70
1197 70
1198 70
1199 70
1200 70
1201 70
1202 70
1203 70
1204 70
