block round
109 100
11 100
21 100
31 100
41 100
51 100
61 100
71 100
81 100
91 100
108 100
121 100
131 100
141 100
151 100
161 100
171 100
286 100
287 100
288 100
289 100
290 100
291 100
292 100
293 100
294 100
295 100
296 100
297 100
298 100
299 100
300 100
301 100
558 100
559 100
560 100
561 100
562 100
563 100
564 100
565 100
566 100
567 100
568 100
569 100
570 100
571 100
572 100
573 100
574 100
575 100
576 100
577 100
578 100
579 100
580 100
581 100
582 100
583 100
584 100
585 100
586 100
587 100
588 100
589 100
1102 100
1103 100
1104 100
1105 100
1106 100
1107 100
1108 100
1109 100
1110 100
1111 100
1112 100
1113 100
1114 100
1115 100
1116 100
1117 100
1118 100
1119 100
1120 100
1121 100
1122 100
1123 100
1124 100
1125 100
1126 100
1127 100
1128 100
1129 100
1130 100
1131 100
1132 100
1133 100
1134 100
1135 100
1136 100
1137 100
1138 100
