file block round
0 0 90
0 5 90
0 6 90
0 7 90
0 8 90
0 9 90
0 10 90
0 11 90
0 12 90
0 13 90
0 14 90
0 15 90
0 124 90
0 134 90
0 144 90
0 154 90
0 164 90
0 165 90
0 166 90
0 167 90
0 168 90
0 169 90
0 170 90
0 171 90
0 172 90
0 173 90
0 174 90
0 175 90
0 176 90
0 177 90
0 178 90
0 179 90
0 324 90
0 325 90
0 326 90
0 327 90
0 328 90
0 329 90
0 330 90
0 331 90
0 332 90
0 333 90
0 334 90
0 335 90
0 336 90
0 337 90
0 338 90
0 339 90
0 340 90
0 341 90
0 342 90
0 343 90
0 344 90
0 345 90
0 346 90
0 347 90
0 348 90
0 349 90
0 350 90
0 351 90
0 352 90
0 353 90
0 354 90
0 355 90
0 644 90
0 645 90
0 646 90
0 647 90
0 648 90
0 649 90
0 650 90
0 651 90
0 652 90
0 653 90
0 654 90
0 655 90
0 656 90
0 657 90
0 658 90
0 659 90
0 660 90
0 661 90
0 662 90
0 663 90
0 664 90
0 665 90
0 666 90
0 667 90
0 668 90
0 669 90
0 670 90
0 671 90
0 672 90
0 673 90
0 674 90
0 675 90
0 676 90
0 677 90
0 678 90
0 679 90
0 680 90
1 16 90
1 17 90
1 18 90
1 19 90
1 20 90
1 21 90
1 22 90
1 23 90
1 24 90
1 25 90
1 26 90
1 115 90
1 125 90
1 135 90
1 145 90
1 155 90
1 180 90
1 181 90
1 182 90
1 183 90
1 184 90
1 185 90
1 186 90
1 187 90
1 188 90
1 189 90
1 190 90
1 191 90
1 192 90
1 193 90
1 194 90
1 195 90
1 356 90
1 357 90
1 358 90
1 359 90
1 360 90
1 361 90
1 362 90
1 363 90
1 364 90
1 365 90
1 366 90
1 367 90
1 368 90
1 369 90
1 370 90
1 371 90
1 372 90
1 373 90
1 374 90
1 375 90
1 376 90
1 377 90
1 378 90
1 379 90
1 380 90
1 381 90
1 382 90
1 383 90
1 384 90
1 385 90
1 386 90
1 387 90
1 708 90
1 709 90
1 710 90
1 711 90
1 712 90
1 713 90
1 714 90
1 715 90
1 716 90
1 717 90
1 718 90
1 719 90
1 720 90
1 721 90
1 722 90
1 723 90
1 724 90
1 725 90
1 726 90
1 727 90
1 728 90
1 729 90
1 730 90
1 731 90
1 732 90
1 733 90
1 734 90
1 735 90
1 736 90
1 737 90
1 738 90
1 739 90
1 740 90
1 741 90
1 742 90
1 743 90
1 744 90
2 27 90
2 28 90
2 29 90
2 30 90
2 31 90
2 32 90
2 33 90
2 34 90
2 35 90
2 36 90
2 37 90
2 116 90
2 126 90
2 136 90
2 146 90
2 156 90
2 196 90
2 197 90
2 198 90
2 199 90
2 200 90
2 201 90
2 202 90
2 203 90
2 204 90
2 205 90
2 206 90
2 207 90
2 208 90
2 209 90
2 210 90
2 211 90
2 388 90
2 389 90
2 390 90
2 391 90
2 392 90
2 393 90
2 394 90
2 395 90
2 396 90
2 397 90
2 398 90
2 399 90
2 400 90
2 401 90
2 402 90
2 403 90
2 404 90
2 405 90
2 406 90
2 407 90
2 408 90
2 409 90
2 410 90
2 411 90
2 412 90
2 413 90
2 414 90
2 415 90
2 416 90
2 417 90
2 418 90
2 419 90
2 772 90
2 773 90
2 774 90
2 775 90
2 776 90
2 777 90
2 778 90
2 779 90
2 780 90
2 781 90
2 782 90
2 783 90
2 784 90
2 785 90
2 786 90
2 787 90
2 788 90
2 789 90
2 790 90
2 791 90
2 792 90
2 793 90
2 794 90
2 795 90
2 796 90
2 797 90
2 798 90
2 799 90
2 800 90
2 801 90
2 802 90
2 803 90
2 804 90
2 805 90
2 806 90
2 807 90
2 808 90
3 38 90
3 39 90
3 40 90
3 41 90
3 42 90
3 43 90
3 44 90
3 45 90
3 46 90
3 47 90
3 48 90
3 117 90
3 127 90
3 137 90
3 147 90
3 157 90
3 212 90
3 213 90
3 214 90
3 215 90
3 216 90
3 217 90
3 218 90
3 219 90
3 220 90
3 221 90
3 222 90
3 223 90
3 224 90
3 225 90
3 226 90
3 227 90
3 420 90
3 421 90
3 422 90
3 423 90
3 424 90
3 425 90
3 426 90
3 427 90
3 428 90
3 429 90
3 430 90
3 431 90
3 432 90
3 433 90
3 434 90
3 435 90
3 436 90
3 437 90
3 438 90
3 439 90
3 440 90
3 441 90
3 442 90
3 443 90
3 444 90
3 445 90
3 446 90
3 447 90
3 448 90
3 449 90
3 450 90
3 451 90
3 836 90
3 837 90
3 838 90
3 839 90
3 840 90
3 841 90
3 842 90
3 843 90
3 844 90
3 845 90
3 846 90
3 847 90
3 848 90
3 849 90
3 850 90
3 851 90
3 852 90
3 853 90
3 854 90
3 855 90
3 856 90
3 857 90
3 858 90
3 859 90
3 860 90
3 861 90
3 862 90
3 863 90
3 864 90
3 865 90
3 866 90
3 867 90
3 868 90
3 869 90
3 870 90
3 871 90
3 872 90
4 49 90
4 50 90
4 51 90
4 52 90
4 53 90
4 54 90
4 55 90
4 56 90
4 57 90
4 58 90
4 59 90
4 118 90
4 128 90
4 138 90
4 148 90
4 158 90
4 228 90
4 229 90
4 230 90
4 231 90
4 232 90
4 233 90
4 234 90
4 235 90
4 236 90
4 237 90
4 238 90
4 239 90
4 240 90
4 241 90
4 242 90
4 243 90
4 452 90
4 453 90
4 454 90
4 455 90
4 456 90
4 457 90
4 458 90
4 459 90
4 460 90
4 461 90
4 462 90
4 463 90
4 464 90
4 465 90
4 466 90
4 467 90
4 468 90
4 469 90
4 470 90
4 471 90
4 472 90
4 473 90
4 474 90
4 475 90
4 476 90
4 477 90
4 478 90
4 479 90
4 480 90
4 481 90
4 482 90
4 483 90
4 900 90
4 901 90
4 902 90
4 903 90
4 904 90
4 905 90
4 906 90
4 907 90
4 908 90
4 909 90
4 910 90
4 911 90
4 912 90
4 913 90
4 914 90
4 915 90
4 916 90
4 917 90
4 918 90
4 919 90
4 920 90
4 921 90
4 922 90
4 923 90
4 924 90
4 925 90
4 926 90
4 927 90
4 928 90
4 929 90
4 930 90
4 931 90
4 932 90
4 933 90
4 934 90
4 935 90
4 936 90
5 60 90
5 61 90
5 62 90
5 63 90
5 64 90
5 65 90
5 66 90
5 67 90
5 68 90
5 69 90
5 70 90
5 119 90
5 129 90
5 139 90
5 149 90
5 159 90
5 244 90
5 245 90
5 246 90
5 247 90
5 248 90
5 249 90
5 250 90
5 251 90
5 252 90
5 253 90
5 254 90
5 255 90
5 256 90
5 257 90
5 258 90
5 259 90
5 484 90
5 485 90
5 486 90
5 487 90
5 488 90
5 489 90
5 490 90
5 491 90
5 492 90
5 493 90
5 494 90
5 495 90
5 496 90
5 497 90
5 498 90
5 499 90
5 500 90
5 501 90
5 502 90
5 503 90
5 504 90
5 505 90
5 506 90
5 507 90
5 508 90
5 509 90
5 510 90
5 511 90
5 512 90
5 513 90
5 514 90
5 515 90
5 964 90
5 965 90
5 966 90
5 967 90
5 968 90
5 969 90
5 970 90
5 971 90
5 972 90
5 973 90
5 974 90
5 975 90
5 976 90
5 977 90
5 978 90
5 979 90
5 980 90
5 981 90
5 982 90
5 983 90
5 984 90
5 985 90
5 986 90
5 987 90
5 988 90
5 989 90
5 990 90
5 991 90
5 992 90
5 993 90
5 994 90
5 995 90
5 996 90
5 997 90
5 998 90
5 999 90
5 1000 90
6 71 90
6 72 90
6 73 90
6 74 90
6 75 90
6 76 90
6 77 90
6 78 90
6 79 90
6 80 90
6 81 90
6 120 90
6 130 90
6 140 90
6 150 90
6 160 90
6 260 90
6 261 90
6 262 90
6 263 90
6 264 90
6 265 90
6 266 90
6 267 90
6 268 90
6 269 90
6 270 90
6 271 90
6 272 90
6 273 90
6 274 90
6 275 90
6 516 90
6 517 90
6 518 90
6 519 90
6 520 90
6 521 90
6 522 90
6 523 90
6 524 90
6 525 90
6 526 90
6 527 90
6 528 90
6 529 90
6 530 90
6 531 90
6 532 90
6 533 90
6 534 90
6 535 90
6 536 90
6 537 90
6 538 90
6 539 90
6 540 90
6 541 90
6 542 90
6 543 90
6 544 90
6 545 90
6 546 90
6 547 90
6 1028 90
6 1029 90
6 1030 90
6 1031 90
6 1032 90
6 1033 90
6 1034 90
6 1035 90
6 1036 90
6 1037 90
6 1038 90
6 1039 90
6 1040 90
6 1041 90
6 1042 90
6 1043 90
6 1044 90
6 1045 90
6 1046 90
6 1047 90
6 1048 90
6 1049 90
6 1050 90
6 1051 90
6 1052 90
6 1053 90
6 1054 90
6 1055 90
6 1056 90
6 1057 90
6 1058 90
6 1059 90
6 1060 90
6 1061 90
6 1062 90
6 1063 90
6 1064 90
7 82 90
7 83 90
7 84 90
7 85 90
7 86 90
7 87 90
7 88 90
7 89 90
7 90 90
7 91 90
7 92 90
7 121 90
7 131 90
7 141 90
7 151 90
7 161 90
7 276 90
7 277 90
7 278 90
7 279 90
7 280 90
7 281 90
7 282 90
7 283 90
7 284 90
7 285 90
7 286 90
7 287 90
7 288 90
7 289 90
7 290 90
7 291 90
7 548 90
7 549 90
7 550 90
7 551 90
7 552 90
7 553 90
7 554 90
7 555 90
7 556 90
7 557 90
7 558 90
7 559 90
7 560 90
7 561 90
7 562 90
7 563 90
7 564 90
7 565 90
7 566 90
7 567 90
7 568 90
7 569 90
7 570 90
7 571 90
7 572 90
7 573 90
7 574 90
7 575 90
7 576 90
7 577 90
7 578 90
7 579 90
7 1092 90
7 1093 90
7 1094 90
7 1095 90
7 1096 90
7 1097 90
7 1098 90
7 1099 90
7 1100 90
7 1101 90
7 1102 90
7 1103 90
7 1104 90
7 1105 90
7 1106 90
7 1107 90
7 1108 90
7 1109 90
7 1110 90
7 1111 90
7 1112 90
7 1113 90
7 1114 90
7 1115 90
7 1116 90
7 1117 90
7 1118 90
7 1119 90
7 1120 90
7 1121 90
7 1122 90
7 1123 90
7 1124 90
7 1125 90
7 1126 90
7 1127 90
7 1128 90
8 93 90
8 94 90
8 95 90
8 96 90
8 97 90
8 98 90
8 99 90
8 100 90
8 101 90
8 102 90
8 103 90
8 122 90
8 132 90
8 142 90
8 152 90
8 162 90
8 292 90
8 293 90
8 294 90
8 295 90
8 296 90
8 297 90
8 298 90
8 299 90
8 300 90
8 301 90
8 302 90
8 303 90
8 304 90
8 305 90
8 306 90
8 307 90
8 580 90
8 581 90
8 582 90
8 583 90
8 584 90
8 585 90
8 586 90
8 587 90
8 588 90
8 589 90
8 590 90
8 591 90
8 592 90
8 593 90
8 594 90
8 595 90
8 596 90
8 597 90
8 598 90
8 599 90
8 600 90
8 601 90
8 602 90
8 603 90
8 604 90
8 605 90
8 606 90
8 607 90
8 608 90
8 609 90
8 610 90
8 611 90
8 1156 90
8 1157 90
8 1158 90
8 1159 90
8 1160 90
8 1161 90
8 1162 90
8 1163 90
8 1164 90
8 1165 90
8 1166 90
8 1167 90
8 1168 90
8 1169 90
8 1170 90
8 1171 90
8 1172 90
8 1173 90
8 1174 90
8 1175 90
8 1176 90
8 1177 90
8 1178 90
8 1179 90
8 1180 90
8 1181 90
8 1182 90
8 1183 90
8 1184 90
8 1185 90
8 1186 90
8 1187 90
8 1188 90
8 1189 90
8 1190 90
8 1191 90
8 1192 90
9 104 90
9 105 90
9 106 90
9 107 90
9 108 90
9 109 90
9 110 90
9 111 90
9 112 90
9 113 90
9 114 90
9 123 90
9 133 90
9 143 90
9 153 90
9 163 90
9 308 90
9 309 90
9 310 90
9 311 90
9 312 90
9 313 90
9 314 90
9 315 90
9 316 90
9 317 90
9 318 90
9 319 90
9 320 90
9 321 90
9 322 90
9 323 90
9 612 90
9 613 90
9 614 90
9 615 90
9 616 90
9 617 90
9 618 90
9 619 90
9 620 90
9 621 90
9 622 90
9 623 90
9 624 90
9 625 90
9 626 90
9 627 90
9 628 90
9 629 90
9 630 90
9 631 90
9 632 90
9 633 90
9 634 90
9 635 90
9 636 90
9 637 90
9 638 90
9 639 90
9 640 90
9 641 90
9 642 90
9 643 90
9 1220 90
9 1221 90
9 1222 90
9 1223 90
9 1224 90
9 1225 90
9 1226 90
9 1227 90
9 1228 90
9 1229 90
9 1230 90
9 1231 90
9 1232 90
9 1233 90
9 1234 90
9 1235 90
9 1236 90
9 1237 90
9 1238 90
9 1239 90
9 1240 90
9 1241 90
9 1242 90
9 1243 90
9 1244 90
9 1245 90
9 1246 90
9 1247 90
9 1248 90
9 1249 90
9 1250 90
9 1251 90
9 1252 90
9 1253 90
9 1254 90
9 1255 90
9 1256 90
