block round
168 80
169 80
170 80
171 80
172 80
173 80
174 80
175 80
176 80
177 80
178 80
179 80
180 80
181 80
182 80
183 80
184 80
185 80
186 80
187 80
188 80
426 80
427 80
428 80
429 80
430 80
431 80
432 80
433 80
434 80
435 80
436 80
437 80
438 80
439 80
440 80
441 80
442 80
443 80
444 80
445 80
446 80
447 80
448 80
449 80
450 80
451 80
452 80
736 80
737 80
738 80
739 80
740 80
741 80
742 80
743 80
744 80
745 80
746 80
747 80
748 80
749 80
750 80
751 80
752 80
753 80
754 80
755 80
756 80
757 80
758 80
759 80
760 80
761 80
762 80
763 80
764 80
765 80
766 80
767 80
1312 80
1313 80
1314 80
1315 80
1316 80
1317 80
1318 80
1319 80
1320 80
1321 80
1322 80
1323 80
1324 80
1325 80
1326 80
1327 80
1328 80
1329 80
1330 80
1331 80
1332 80
