block round
61 40
62 40
63 40
64 40
65 40
66 40
67 40
68 40
69 40
70 40
71 40
72 40
73 40
74 40
75 40
76 40
77 40
78 40
79 40
80 40
81 40
82 40
83 40
84 40
85 40
86 40
87 40
88 40
89 40
90 40
91 40
92 40
93 40
94 40
95 40
96 40
97 40
98 40
99 40
100 40
101 40
102 40
103 40
104 40
105 40
106 40
107 40
108 40
109 40
110 40
111 40
112 40
113 40
114 40
115 40
116 40
117 40
118 40
119 40
120 40
121 40
661 40
662 40
663 40
664 40
665 40
666 40
667 40
668 40
669 40
670 40
671 40
672 40
673 40
674 40
675 40
676 40
677 40
678 40
679 40
680 40
681 40
682 40
683 40
684 40
685 40
686 40
687 40
688 40
689 40
690 40
691 40
692 40
693 40
694 40
695 40
696 40
697 40
698 40
699 40
700 40
