file block round
0 0 60
0 1 60
0 2 60
0 3 60
0 4 60
0 5 60
0 6 60
0 7 60
0 8 60
0 9 60
0 10 60
0 11 60
0 12 60
0 13 60
0 14 60
0 15 60
0 16 60
0 17 60
0 18 60
0 19 60
0 20 60
0 21 60
0 22 60
0 23 60
0 24 60
0 25 60
0 26 60
0 27 60
0 28 60
0 29 60
0 30 60
0 31 60
0 32 60
0 33 60
0 34 60
0 35 60
0 36 60
0 37 60
0 38 60
0 39 60
0 40 60
0 410 60
0 411 60
0 412 60
0 413 60
0 414 60
0 415 60
0 416 60
0 417 60
0 418 60
0 419 60
0 420 60
0 421 60
0 422 60
0 423 60
0 424 60
0 425 60
0 426 60
0 427 60
0 428 60
0 429 60
0 430 60
0 431 60
0 432 60
0 433 60
0 434 60
0 435 60
0 436 60
0 437 60
0 438 60
0 439 60
0 440 60
0 441 60
0 442 60
0 443 60
0 444 60
0 445 60
0 446 60
0 447 60
0 448 60
0 449 60
0 450 60
0 451 60
0 452 60
0 453 60
0 454 60
0 455 60
0 456 60
0 457 60
0 458 60
0 459 60
0 460 60
0 461 60
0 462 60
0 463 60
0 464 60
0 960 60
0 961 60
0 962 60
0 963 60
0 964 60
1 41 60
1 42 60
1 43 60
1 44 60
1 45 60
1 46 60
1 47 60
1 48 60
1 49 60
1 50 60
1 51 60
1 52 60
1 53 60
1 54 60
1 55 60
1 56 60
1 57 60
1 58 60
1 59 60
1 60 60
1 61 60
1 62 60
1 63 60
1 64 60
1 65 60
1 66 60
1 67 60
1 68 60
1 69 60
1 70 60
1 71 60
1 72 60
1 73 60
1 74 60
1 75 60
1 76 60
1 77 60
1 78 60
1 79 60
1 80 60
1 81 60
1 465 60
1 466 60
1 467 60
1 468 60
1 469 60
1 470 60
1 471 60
1 472 60
1 473 60
1 474 60
1 475 60
1 476 60
1 477 60
1 478 60
1 479 60
1 480 60
1 481 60
1 482 60
1 483 60
1 484 60
1 485 60
1 486 60
1 487 60
1 488 60
1 489 60
1 490 60
1 491 60
1 492 60
1 493 60
1 494 60
1 495 60
1 496 60
1 497 60
1 498 60
1 499 60
1 500 60
1 501 60
1 502 60
1 503 60
1 504 60
1 505 60
1 506 60
1 507 60
1 508 60
1 509 60
1 510 60
1 511 60
1 512 60
1 513 60
1 514 60
1 515 60
1 516 60
1 517 60
1 518 60
1 519 60
1 1024 60
1 1025 60
1 1026 60
1 1027 60
1 1028 60
2 82 60
2 83 60
2 84 60
2 85 60
2 86 60
2 87 60
2 88 60
2 89 60
2 90 60
2 91 60
2 92 60
2 93 60
2 94 60
2 95 60
2 96 60
2 97 60
2 98 60
2 99 60
2 100 60
2 101 60
2 102 60
2 103 60
2 104 60
2 105 60
2 106 60
2 107 60
2 108 60
2 109 60
2 110 60
2 111 60
2 112 60
2 113 60
2 114 60
2 115 60
2 116 60
2 117 60
2 118 60
2 119 60
2 120 60
2 121 60
2 122 60
2 520 60
2 521 60
2 522 60
2 523 60
2 524 60
2 525 60
2 526 60
2 527 60
2 528 60
2 529 60
2 530 60
2 531 60
2 532 60
2 533 60
2 534 60
2 535 60
2 536 60
2 537 60
2 538 60
2 539 60
2 540 60
2 541 60
2 542 60
2 543 60
2 544 60
2 545 60
2 546 60
2 547 60
2 548 60
2 549 60
2 550 60
2 551 60
2 552 60
2 553 60
2 554 60
2 555 60
2 556 60
2 557 60
2 558 60
2 559 60
2 560 60
2 561 60
2 562 60
2 563 60
2 564 60
2 565 60
2 566 60
2 567 60
2 568 60
2 569 60
2 570 60
2 571 60
2 572 60
2 573 60
2 574 60
2 1088 60
2 1089 60
2 1090 60
2 1091 60
2 1092 60
3 123 60
3 124 60
3 125 60
3 126 60
3 127 60
3 128 60
3 129 60
3 130 60
3 131 60
3 132 60
3 133 60
3 134 60
3 135 60
3 136 60
3 137 60
3 138 60
3 139 60
3 140 60
3 141 60
3 142 60
3 143 60
3 144 60
3 145 60
3 146 60
3 147 60
3 148 60
3 149 60
3 150 60
3 151 60
3 152 60
3 153 60
3 154 60
3 155 60
3 156 60
3 157 60
3 158 60
3 159 60
3 160 60
3 161 60
3 162 60
3 163 60
3 575 60
3 576 60
3 577 60
3 578 60
3 579 60
3 580 60
3 581 60
3 582 60
3 583 60
3 584 60
3 585 60
3 586 60
3 587 60
3 588 60
3 589 60
3 590 60
3 591 60
3 592 60
3 593 60
3 594 60
3 595 60
3 596 60
3 597 60
3 598 60
3 599 60
3 600 60
3 601 60
3 602 60
3 603 60
3 604 60
3 605 60
3 606 60
3 607 60
3 608 60
3 609 60
3 610 60
3 611 60
3 612 60
3 613 60
3 614 60
3 615 60
3 616 60
3 617 60
3 618 60
3 619 60
3 620 60
3 621 60
3 622 60
3 623 60
3 624 60
3 625 60
3 626 60
3 627 60
3 628 60
3 629 60
3 1152 60
3 1153 60
3 1154 60
3 1155 60
3 1156 60
4 164 60
4 165 60
4 166 60
4 167 60
4 168 60
4 169 60
4 170 60
4 171 60
4 172 60
4 173 60
4 174 60
4 175 60
4 176 60
4 177 60
4 178 60
4 179 60
4 180 60
4 181 60
4 182 60
4 183 60
4 184 60
4 185 60
4 186 60
4 187 60
4 188 60
4 189 60
4 190 60
4 191 60
4 192 60
4 193 60
4 194 60
4 195 60
4 196 60
4 197 60
4 198 60
4 199 60
4 200 60
4 201 60
4 202 60
4 203 60
4 204 60
4 630 60
4 631 60
4 632 60
4 633 60
4 634 60
4 635 60
4 636 60
4 637 60
4 638 60
4 639 60
4 640 60
4 641 60
4 642 60
4 643 60
4 644 60
4 645 60
4 646 60
4 647 60
4 648 60
4 649 60
4 650 60
4 651 60
4 652 60
4 653 60
4 654 60
4 655 60
4 656 60
4 657 60
4 658 60
4 659 60
4 660 60
4 661 60
4 662 60
4 663 60
4 664 60
4 665 60
4 666 60
4 667 60
4 668 60
4 669 60
4 670 60
4 671 60
4 672 60
4 673 60
4 674 60
4 675 60
4 676 60
4 677 60
4 678 60
4 679 60
4 680 60
4 681 60
4 682 60
4 683 60
4 684 60
4 1216 60
4 1217 60
4 1218 60
4 1219 60
4 1220 60
5 205 60
5 206 60
5 207 60
5 208 60
5 209 60
5 210 60
5 211 60
5 212 60
5 213 60
5 214 60
5 215 60
5 216 60
5 217 60
5 218 60
5 219 60
5 220 60
5 221 60
5 222 60
5 223 60
5 224 60
5 225 60
5 226 60
5 227 60
5 228 60
5 229 60
5 230 60
5 231 60
5 232 60
5 233 60
5 234 60
5 235 60
5 236 60
5 237 60
5 238 60
5 239 60
5 240 60
5 241 60
5 242 60
5 243 60
5 244 60
5 245 60
5 685 60
5 686 60
5 687 60
5 688 60
5 689 60
5 690 60
5 691 60
5 692 60
5 693 60
5 694 60
5 695 60
5 696 60
5 697 60
5 698 60
5 699 60
5 700 60
5 701 60
5 702 60
5 703 60
5 704 60
5 705 60
5 706 60
5 707 60
5 708 60
5 709 60
5 710 60
5 711 60
5 712 60
5 713 60
5 714 60
5 715 60
5 716 60
5 717 60
5 718 60
5 719 60
5 720 60
5 721 60
5 722 60
5 723 60
5 724 60
5 725 60
5 726 60
5 727 60
5 728 60
5 729 60
5 730 60
5 731 60
5 732 60
5 733 60
5 734 60
5 735 60
5 736 60
5 737 60
5 738 60
5 739 60
5 1280 60
5 1281 60
5 1282 60
5 1283 60
5 1284 60
6 246 60
6 247 60
6 248 60
6 249 60
6 250 60
6 251 60
6 252 60
6 253 60
6 254 60
6 255 60
6 256 60
6 257 60
6 258 60
6 259 60
6 260 60
6 261 60
6 262 60
6 263 60
6 264 60
6 265 60
6 266 60
6 267 60
6 268 60
6 269 60
6 270 60
6 271 60
6 272 60
6 273 60
6 274 60
6 275 60
6 276 60
6 277 60
6 278 60
6 279 60
6 280 60
6 281 60
6 282 60
6 283 60
6 284 60
6 285 60
6 286 60
6 740 60
6 741 60
6 742 60
6 743 60
6 744 60
6 745 60
6 746 60
6 747 60
6 748 60
6 749 60
6 750 60
6 751 60
6 752 60
6 753 60
6 754 60
6 755 60
6 756 60
6 757 60
6 758 60
6 759 60
6 760 60
6 761 60
6 762 60
6 763 60
6 764 60
6 765 60
6 766 60
6 767 60
6 768 60
6 769 60
6 770 60
6 771 60
6 772 60
6 773 60
6 774 60
6 775 60
6 776 60
6 777 60
6 778 60
6 779 60
6 780 60
6 781 60
6 782 60
6 783 60
6 784 60
6 785 60
6 786 60
6 787 60
6 788 60
6 789 60
6 790 60
6 791 60
6 792 60
6 793 60
6 794 60
6 1344 60
6 1345 60
6 1346 60
6 1347 60
6 1348 60
7 287 60
7 288 60
7 289 60
7 290 60
7 291 60
7 292 60
7 293 60
7 294 60
7 295 60
7 296 60
7 297 60
7 298 60
7 299 60
7 300 60
7 301 60
7 302 60
7 303 60
7 304 60
7 305 60
7 306 60
7 307 60
7 308 60
7 309 60
7 310 60
7 311 60
7 312 60
7 313 60
7 314 60
7 315 60
7 316 60
7 317 60
7 318 60
7 319 60
7 320 60
7 321 60
7 322 60
7 323 60
7 324 60
7 325 60
7 326 60
7 327 60
7 795 60
7 796 60
7 797 60
7 798 60
7 799 60
7 800 60
7 801 60
7 802 60
7 803 60
7 804 60
7 805 60
7 806 60
7 807 60
7 808 60
7 809 60
7 810 60
7 811 60
7 812 60
7 813 60
7 814 60
7 815 60
7 816 60
7 817 60
7 818 60
7 819 60
7 820 60
7 821 60
7 822 60
7 823 60
7 824 60
7 825 60
7 826 60
7 827 60
7 828 60
7 829 60
7 830 60
7 831 60
7 832 60
7 833 60
7 834 60
7 835 60
7 836 60
7 837 60
7 838 60
7 839 60
7 840 60
7 841 60
7 842 60
7 843 60
7 844 60
7 845 60
7 846 60
7 847 60
7 848 60
7 849 60
7 1408 60
7 1409 60
7 1410 60
7 1411 60
7 1412 60
8 328 60
8 329 60
8 330 60
8 331 60
8 332 60
8 333 60
8 334 60
8 335 60
8 336 60
8 337 60
8 338 60
8 339 60
8 340 60
8 341 60
8 342 60
8 343 60
8 344 60
8 345 60
8 346 60
8 347 60
8 348 60
8 349 60
8 350 60
8 351 60
8 352 60
8 353 60
8 354 60
8 355 60
8 356 60
8 357 60
8 358 60
8 359 60
8 360 60
8 361 60
8 362 60
8 363 60
8 364 60
8 365 60
8 366 60
8 367 60
8 368 60
8 850 60
8 851 60
8 852 60
8 853 60
8 854 60
8 855 60
8 856 60
8 857 60
8 858 60
8 859 60
8 860 60
8 861 60
8 862 60
8 863 60
8 864 60
8 865 60
8 866 60
8 867 60
8 868 60
8 869 60
8 870 60
8 871 60
8 872 60
8 873 60
8 874 60
8 875 60
8 876 60
8 877 60
8 878 60
8 879 60
8 880 60
8 881 60
8 882 60
8 883 60
8 884 60
8 885 60
8 886 60
8 887 60
8 888 60
8 889 60
8 890 60
8 891 60
8 892 60
8 893 60
8 894 60
8 895 60
8 896 60
8 897 60
8 898 60
8 899 60
8 900 60
8 901 60
8 902 60
8 903 60
8 904 60
8 1472 60
8 1473 60
8 1474 60
8 1475 60
8 1476 60
9 369 60
9 370 60
9 371 60
9 372 60
9 373 60
9 374 60
9 375 60
9 376 60
9 377 60
9 378 60
9 379 60
9 380 60
9 381 60
9 382 60
9 383 60
9 384 60
9 385 60
9 386 60
9 387 60
9 388 60
9 389 60
9 390 60
9 391 60
9 392 60
9 393 60
9 394 60
9 395 60
9 396 60
9 397 60
9 398 60
9 399 60
9 400 60
9 401 60
9 402 60
9 403 60
9 404 60
9 405 60
9 406 60
9 407 60
9 408 60
9 409 60
9 905 60
9 906 60
9 907 60
9 908 60
9 909 60
9 910 60
9 911 60
9 912 60
9 913 60
9 914 60
9 915 60
9 916 60
9 917 60
9 918 60
9 919 60
9 920 60
9 921 60
9 922 60
9 923 60
9 924 60
9 925 60
9 926 60
9 927 60
9 928 60
9 929 60
9 930 60
9 931 60
9 932 60
9 933 60
9 934 60
9 935 60
9 936 60
9 937 60
9 938 60
9 939 60
9 940 60
9 941 60
9 942 60
9 943 60
9 944 60
9 945 60
9 946 60
9 947 60
9 948 60
9 949 60
9 950 60
9 951 60
9 952 60
9 953 60
9 954 60
9 955 60
9 956 60
9 957 60
9 958 60
9 959 60
9 1536 60
9 1537 60
9 1538 60
9 1539 60
9 1540 60
