block round
31 70
32 70
33 70
34 70
35 70
36 70
37 70
38 70
39 70
40 70
41 70
42 70
43 70
44 70
45 70
46 70
47 70
48 70
49 70
50 70
51 70
52 70
53 70
54 70
55 70
56 70
57 70
58 70
59 70
60 70
61 70
327 70
328 70
329 70
330 70
331 70
332 70
333 70
334 70
335 70
336 70
337 70
338 70
339 70
340 70
341 70
342 70
343 70
512 70
513 70
514 70
515 70
516 70
517 70
518 70
519 70
520 70
521 70
522 70
523 70
524 70
525 70
526 70
527 70
528 70
529 70
530 70
531 70
532 70
533 70
534 70
535 70
536 70
537 70
538 70
539 70
540 70
541 70
542 70
543 70
864 70
865 70
866 70
867 70
868 70
869 70
870 70
871 70
872 70
873 70
874 70
875 70
876 70
877 70
878 70
879 70
880 70
881 70
882 70
883 70
884 70
