block round
284 30
285 30
286 30
287 30
288 30
289 30
290 30
291 30
292 30
293 30
294 30
295 30
296 30
297 30
298 30
299 30
300 30
301 30
302 30
303 30
304 30
305 30
306 30
307 30
308 30
309 30
310 30
311 30
312 30
313 30
314 30
315 30
316 30
317 30
318 30
319 30
320 30
321 30
322 30
323 30
324 30
325 30
326 30
327 30
328 30
329 30
330 30
331 30
332 30
333 30
334 30
335 30
336 30
337 30
338 30
339 30
340 30
341 30
342 30
343 30
344 30
345 30
346 30
347 30
348 30
349 30
350 30
351 30
352 30
353 30
354 30
1194 30
1195 30
1196 30
1197 30
1198 30
1199 30
1200 30
1201 30
1202 30
1203 30
1204 30
1205 30
1206 30
1207 30
1208 30
1209 30
1210 30
1211 30
1212 30
1213 30
1214 30
1215 30
1216 30
1217 30
1218 30
1219 30
1220 30
1221 30
1222 30
1223 30
