block round
729 20
730 20
731 20
732 20
733 20
734 20
735 20
736 20
737 20
738 20
739 20
740 20
741 20
742 20
743 20
744 20
745 20
746 20
747 20
748 20
749 20
750 20
751 20
752 20
753 20
754 20
755 20
756 20
757 20
758 20
759 20
760 20
761 20
762 20
763 20
764 20
765 20
766 20
767 20
768 20
769 20
770 20
771 20
772 20
773 20
774 20
775 20
776 20
777 20
778 20
779 20
780 20
781 20
782 20
783 20
784 20
785 20
786 20
787 20
788 20
789 20
790 20
791 20
792 20
793 20
794 20
795 20
796 20
797 20
798 20
799 20
800 20
801 20
802 20
803 20
804 20
805 20
806 20
807 20
808 20
809 20
1953 20
1954 20
1955 20
1956 20
1957 20
1958 20
1959 20
1960 20
1961 20
1962 20
1963 20
1964 20
1965 20
1966 20
1967 20
1968 20
1969 20
1970 20
1971 20
1972 20
