block round
0 80
1 80
2 80
3 80
4 80
5 80
6 80
7 80
8 80
9 80
10 80
11 80
12 80
13 80
14 80
15 80
16 80
17 80
18 80
19 80
20 80
210 80
211 80
212 80
213 80
214 80
215 80
216 80
217 80
218 80
219 80
220 80
221 80
222 80
223 80
224 80
225 80
226 80
227 80
228 80
229 80
230 80
231 80
232 80
233 80
234 80
235 80
236 80
480 80
481 80
482 80
483 80
484 80
485 80
486 80
487 80
488 80
489 80
490 80
491 80
492 80
493 80
494 80
495 80
496 80
497 80
498 80
499 80
500 80
501 80
502 80
503 80
504 80
505 80
506 80
507 80
508 80
509 80
510 80
511 80
800 80
801 80
802 80
803 80
804 80
805 80
806 80
807 80
808 80
809 80
810 80
811 80
812 80
813 80
814 80
815 80
816 80
817 80
818 80
819 80
820 80
