block round
568 30
569 30
570 30
571 30
572 30
573 30
574 30
575 30
576 30
577 30
578 30
579 30
580 30
581 30
582 30
583 30
584 30
585 30
586 30
587 30
588 30
589 30
590 30
591 30
592 30
593 30
594 30
595 30
596 30
597 30
598 30
599 30
600 30
601 30
602 30
603 30
604 30
605 30
606 30
607 30
608 30
609 30
610 30
611 30
612 30
613 30
614 30
615 30
616 30
617 30
618 30
619 30
620 30
621 30
622 30
623 30
624 30
625 30
626 30
627 30
628 30
629 30
630 30
631 30
632 30
633 30
634 30
635 30
636 30
637 30
638 30
1678 30
1679 30
1680 30
1681 30
1682 30
1683 30
1684 30
1685 30
1686 30
1687 30
1688 30
1689 30
1690 30
1691 30
1692 30
1693 30
1694 30
1695 30
1696 30
1697 30
1698 30
1699 30
1700 30
1701 30
1702 30
1703 30
1704 30
1705 30
1706 30
1707 30
