block round
427 40
428 40
429 40
430 40
431 40
432 40
433 40
434 40
435 40
436 40
437 40
438 40
439 40
440 40
441 40
442 40
443 40
444 40
445 40
446 40
447 40
448 40
449 40
450 40
451 40
452 40
453 40
454 40
455 40
456 40
457 40
458 40
459 40
460 40
461 40
462 40
463 40
464 40
465 40
466 40
467 40
468 40
469 40
470 40
471 40
472 40
473 40
474 40
475 40
476 40
477 40
478 40
479 40
480 40
481 40
482 40
483 40
484 40
485 40
486 40
487 40
967 40
968 40
969 40
970 40
971 40
972 40
973 40
974 40
975 40
976 40
977 40
978 40
979 40
980 40
981 40
982 40
983 40
984 40
985 40
986 40
987 40
988 40
989 40
990 40
991 40
992 40
993 40
994 40
995 40
996 40
997 40
998 40
999 40
1000 40
1001 40
1002 40
1003 40
1004 40
1005 40
1006 40
