block round
426 30
427 30
428 30
429 30
430 30
431 30
432 30
433 30
434 30
435 30
436 30
437 30
438 30
439 30
440 30
441 30
442 30
443 30
444 30
445 30
446 30
447 30
448 30
449 30
450 30
451 30
452 30
453 30
454 30
455 30
456 30
457 30
458 30
459 30
460 30
461 30
462 30
463 30
464 30
465 30
466 30
467 30
468 30
469 30
470 30
471 30
472 30
473 30
474 30
475 30
476 30
477 30
478 30
479 30
480 30
481 30
482 30
483 30
484 30
485 30
486 30
487 30
488 30
489 30
490 30
491 30
492 30
493 30
494 30
495 30
496 30
1436 30
1437 30
1438 30
1439 30
1440 30
1441 30
1442 30
1443 30
1444 30
1445 30
1446 30
1447 30
1448 30
1449 30
1450 30
1451 30
1452 30
1453 30
1454 30
1455 30
1456 30
1457 30
1458 30
1459 30
1460 30
1461 30
1462 30
1463 30
1464 30
1465 30
