block round
62 70
63 70
64 70
65 70
66 70
67 70
68 70
69 70
70 70
71 70
72 70
73 70
74 70
75 70
76 70
77 70
78 70
79 70
80 70
81 70
82 70
83 70
84 70
85 70
86 70
87 70
88 70
89 70
90 70
91 70
92 70
344 70
345 70
346 70
347 70
348 70
349 70
350 70
351 70
352 70
353 70
354 70
355 70
356 70
357 70
358 70
359 70
360 70
544 70
545 70
546 70
547 70
548 70
549 70
550 70
551 70
552 70
553 70
554 70
555 70
556 70
557 70
558 70
559 70
560 70
561 70
562 70
563 70
564 70
565 70
566 70
567 70
568 70
569 70
570 70
571 70
572 70
573 70
574 70
575 70
928 70
929 70
930 70
931 70
932 70
933 70
934 70
935 70
936 70
937 70
938 70
939 70
940 70
941 70
942 70
943 70
944 70
945 70
946 70
947 70
948 70
