block round
105 80
106 80
107 80
108 80
109 80
110 80
111 80
112 80
113 80
114 80
115 80
116 80
117 80
118 80
119 80
120 80
121 80
122 80
123 80
124 80
125 80
345 80
346 80
347 80
348 80
349 80
350 80
351 80
352 80
353 80
354 80
355 80
356 80
357 80
358 80
359 80
360 80
361 80
362 80
363 80
364 80
365 80
366 80
367 80
368 80
369 80
370 80
371 80
640 80
641 80
642 80
643 80
644 80
645 80
646 80
647 80
648 80
649 80
650 80
651 80
652 80
653 80
654 80
655 80
656 80
657 80
658 80
659 80
660 80
661 80
662 80
663 80
664 80
665 80
666 80
667 80
668 80
669 80
670 80
671 80
1120 80
1121 80
1122 80
1123 80
1124 80
1125 80
1126 80
1127 80
1128 80
1129 80
1130 80
1131 80
1132 80
1133 80
1134 80
1135 80
1136 80
1137 80
1138 80
1139 80
1140 80
