block round
217 70
218 70
219 70
220 70
221 70
222 70
223 70
224 70
225 70
226 70
227 70
228 70
229 70
230 70
231 70
232 70
233 70
234 70
235 70
236 70
237 70
238 70
239 70
240 70
241 70
242 70
243 70
244 70
245 70
246 70
247 70
429 70
430 70
431 70
432 70
433 70
434 70
435 70
436 70
437 70
438 70
439 70
440 70
441 70
442 70
443 70
444 70
445 70
704 70
705 70
706 70
707 70
708 70
709 70
710 70
711 70
712 70
713 70
714 70
715 70
716 70
717 70
718 70
719 70
720 70
721 70
722 70
723 70
724 70
725 70
726 70
727 70
728 70
729 70
730 70
731 70
732 70
733 70
734 70
735 70
1248 70
1249 70
1250 70
1251 70
1252 70
1253 70
1254 70
1255 70
1256 70
1257 70
1258 70
1259 70
1260 70
1261 70
1262 70
1263 70
1264 70
1265 70
1266 70
1267 70
1268 70
