block round
0 60
1 60
2 60
3 60
4 60
5 60
6 60
7 60
8 60
9 60
10 60
11 60
12 60
13 60
14 60
15 60
16 60
17 60
18 60
19 60
20 60
21 60
22 60
23 60
24 60
25 60
26 60
27 60
28 60
29 60
30 60
31 60
32 60
33 60
34 60
35 60
36 60
37 60
38 60
39 60
40 60
41 60
42 60
43 60
44 60
45 60
46 60
47 60
48 60
49 60
50 60
51 60
52 60
53 60
54 60
55 60
56 60
57 60
58 60
59 60
60 60
61 60
62 60
63 60
64 60
65 60
66 60
67 60
68 60
69 60
70 60
71 60
72 60
73 60
74 60
75 60
76 60
77 60
78 60
79 60
80 60
81 60
82 60
83 60
84 60
85 60
86 60
87 60
88 60
89 60
90 60
91 60
92 60
93 60
94 60
95 60
96 60
97 60
98 60
99 60
100 60
101 60
102 60
103 60
104 60
105 60
106 60
107 60
108 60
109 60
110 60
111 60
112 60
113 60
114 60
115 60
116 60
117 60
118 60
119 60
120 60
121 60
122 60
123 60
124 60
125 60
126 60
127 60
128 60
129 60
130 60
131 60
132 60
133 60
134 60
135 60
136 60
137 60
138 60
139 60
140 60
141 60
142 60
143 60
144 60
145 60
146 60
147 60
148 60
149 60
150 60
151 60
152 60
153 60
154 60
155 60
156 60
157 60
158 60
159 60
160 60
161 60
162 60
163 60
164 60
165 60
166 60
167 60
168 60
169 60
170 60
171 60
172 60
173 60
174 60
175 60
176 60
177 60
178 60
179 60
180 60
181 60
182 60
183 60
184 60
185 60
186 60
187 60
188 60
189 60
190 60
191 60
192 60
193 60
194 60
195 60
196 60
197 60
198 60
199 60
200 60
201 60
202 60
203 60
204 60
205 60
206 60
207 60
208 60
209 60
210 60
211 60
212 60
213 60
214 60
215 60
216 60
217 60
218 60
219 60
220 60
221 60
222 60
223 60
224 60
225 60
226 60
227 60
228 60
229 60
230 60
231 60
232 60
233 60
234 60
235 60
236 60
237 60
238 60
239 60
240 60
241 60
242 60
243 60
244 60
245 60
246 60
247 60
248 60
249 60
250 60
251 60
252 60
253 60
254 60
255 60
256 60
257 60
258 60
259 60
260 60
261 60
262 60
263 60
264 60
265 60
266 60
267 60
268 60
269 60
270 60
271 60
272 60
273 60
274 60
275 60
276 60
277 60
278 60
279 60
280 60
281 60
282 60
283 60
284 60
285 60
286 60
287 60
288 60
289 60
290 60
291 60
292 60
293 60
294 60
295 60
296 60
297 60
298 60
299 60
300 60
301 60
302 60
303 60
304 60
305 60
306 60
307 60
308 60
309 60
310 60
311 60
312 60
313 60
314 60
315 60
316 60
317 60
318 60
319 60
320 60
321 60
322 60
323 60
324 60
325 60
326 60
327 60
328 60
329 60
330 60
331 60
332 60
333 60
334 60
335 60
336 60
337 60
338 60
339 60
340 60
341 60
342 60
343 60
344 60
345 60
346 60
347 60
348 60
349 60
350 60
351 60
352 60
353 60
354 60
355 60
356 60
357 60
358 60
359 60
360 60
361 60
362 60
363 60
364 60
365 60
366 60
367 60
368 60
369 60
370 60
371 60
372 60
373 60
374 60
375 60
376 60
377 60
378 60
379 60
380 60
381 60
382 60
383 60
384 60
385 60
386 60
387 60
388 60
389 60
390 60
391 60
392 60
393 60
394 60
395 60
396 60
397 60
398 60
399 60
400 60
401 60
402 60
403 60
404 60
405 60
406 60
407 60
408 60
409 60
410 60
411 60
412 60
413 60
414 60
415 60
416 60
417 60
418 60
419 60
420 60
421 60
422 60
423 60
424 60
425 60
426 60
427 60
428 60
429 60
430 60
431 60
432 60
433 60
434 60
435 60
436 60
437 60
438 60
439 60
440 60
441 60
442 60
443 60
444 60
445 60
446 60
447 60
448 60
449 60
450 60
451 60
452 60
453 60
454 60
455 60
456 60
457 60
458 60
459 60
460 60
461 60
462 60
463 60
464 60
465 60
466 60
467 60
468 60
469 60
470 60
471 60
472 60
473 60
474 60
475 60
476 60
477 60
478 60
479 60
480 60
481 60
482 60
483 60
484 60
485 60
486 60
487 60
488 60
489 60
490 60
491 60
492 60
493 60
494 60
495 60
496 60
497 60
498 60
499 60
500 60
501 60
502 60
503 60
504 60
505 60
506 60
507 60
508 60
509 60
510 60
511 60
512 60
513 60
514 60
515 60
516 60
517 60
518 60
519 60
520 60
521 60
522 60
523 60
524 60
525 60
526 60
527 60
528 60
529 60
530 60
531 60
532 60
533 60
534 60
535 60
536 60
537 60
538 60
539 60
540 60
541 60
542 60
543 60
544 60
545 60
546 60
547 60
548 60
549 60
550 60
551 60
552 60
553 60
554 60
555 60
556 60
557 60
558 60
559 60
560 60
561 60
562 60
563 60
564 60
565 60
566 60
567 60
568 60
569 60
570 60
571 60
572 60
573 60
574 60
575 60
576 60
577 60
578 60
579 60
580 60
581 60
582 60
583 60
584 60
585 60
586 60
587 60
588 60
589 60
590 60
591 60
592 60
593 60
594 60
595 60
596 60
597 60
598 60
599 60
600 60
601 60
602 60
603 60
604 60
605 60
606 60
607 60
608 60
609 60
610 60
611 60
612 60
613 60
614 60
615 60
616 60
617 60
618 60
619 60
620 60
621 60
622 60
623 60
624 60
625 60
626 60
627 60
628 60
629 60
630 60
631 60
632 60
633 60
634 60
635 60
636 60
637 60
638 60
639 60
640 60
641 60
642 60
643 60
644 60
645 60
646 60
647 60
648 60
649 60
650 60
651 60
652 60
653 60
654 60
655 60
656 60
657 60
658 60
659 60
660 60
661 60
662 60
663 60
664 60
665 60
666 60
667 60
668 60
669 60
670 60
671 60
672 60
673 60
674 60
675 60
676 60
677 60
678 60
679 60
680 60
681 60
682 60
683 60
684 60
685 60
686 60
687 60
688 60
689 60
690 60
691 60
692 60
693 60
694 60
695 60
696 60
697 60
698 60
699 60
700 60
701 60
702 60
703 60
704 60
705 60
706 60
707 60
708 60
709 60
710 60
711 60
712 60
713 60
714 60
715 60
716 60
717 60
718 60
719 60
720 60
721 60
722 60
723 60
724 60
725 60
726 60
727 60
728 60
729 60
730 60
731 60
732 60
733 60
734 60
735 60
736 60
737 60
738 60
739 60
740 60
741 60
742 60
743 60
744 60
745 60
746 60
747 60
748 60
749 60
750 60
751 60
752 60
753 60
754 60
755 60
756 60
757 60
758 60
759 60
760 60
761 60
762 60
763 60
764 60
765 60
766 60
767 60
768 60
769 60
770 60
771 60
772 60
773 60
774 60
775 60
776 60
777 60
778 60
779 60
780 60
781 60
782 60
783 60
784 60
785 60
786 60
787 60
788 60
789 60
790 60
791 60
792 60
793 60
794 60
795 60
796 60
797 60
798 60
799 60
800 60
801 60
802 60
803 60
804 60
805 60
806 60
807 60
808 60
809 60
810 60
811 60
812 60
813 60
814 60
815 60
816 60
817 60
818 60
819 60
820 60
821 60
822 60
823 60
824 60
825 60
826 60
827 60
828 60
829 60
830 60
831 60
832 60
833 60
834 60
835 60
836 60
837 60
838 60
839 60
840 60
841 60
842 60
843 60
844 60
845 60
846 60
847 60
848 60
849 60
850 60
851 60
852 60
853 60
854 60
855 60
856 60
857 60
858 60
859 60
860 60
861 60
862 60
863 60
864 60
865 60
866 60
867 60
868 60
869 60
870 60
871 60
872 60
873 60
874 60
875 60
876 60
877 60
878 60
879 60
880 60
881 60
882 60
883 60
884 60
885 60
886 60
887 60
888 60
889 60
890 60
891 60
892 60
893 60
894 60
895 60
896 60
897 60
898 60
899 60
900 60
901 60
902 60
903 60
904 60
905 60
906 60
907 60
908 60
909 60
910 60
911 60
912 60
913 60
914 60
915 60
916 60
917 60
918 60
919 60
920 60
921 60
922 60
923 60
924 60
925 60
926 60
927 60
928 60
929 60
930 60
931 60
932 60
933 60
934 60
935 60
936 60
937 60
938 60
939 60
940 60
941 60
942 60
943 60
944 60
945 60
946 60
947 60
948 60
949 60
950 60
951 60
952 60
953 60
954 60
955 60
956 60
957 60
958 60
959 60
960 60
961 60
962 60
963 60
964 60
965 60
966 60
967 60
968 60
969 60
970 60
971 60
972 60
973 60
974 60
975 60
976 60
977 60
978 60
979 60
980 60
981 60
982 60
983 60
984 60
985 60
986 60
987 60
988 60
989 60
990 60
991 60
992 60
993 60
994 60
995 60
996 60
997 60
998 60
999 60
1000 60
1001 60
1002 60
1003 60
1004 60
1005 60
1006 60
1007 60
1008 60
1009 60
1010 60
1011 60
1012 60
1013 60
1014 60
1015 60
1016 60
1017 60
1018 60
1019 60
1020 60
