block round
0 80
1 80
2 80
3 80
4 80
5 80
6 80
7 80
8 80
9 80
10 80
11 80
12 80
13 80
14 80
15 80
16 80
17 80
18 80
19 80
20 80
21 80
22 80
23 80
24 80
25 80
26 80
27 80
28 80
29 80
30 80
31 80
32 80
33 80
34 80
35 80
36 80
37 80
38 80
39 80
40 80
41 80
42 80
43 80
44 80
45 80
46 80
47 80
48 80
49 80
50 80
51 80
52 80
53 80
54 80
55 80
56 80
57 80
58 80
59 80
60 80
61 80
62 80
63 80
64 80
65 80
66 80
67 80
68 80
69 80
70 80
71 80
72 80
73 80
74 80
75 80
76 80
77 80
78 80
79 80
80 80
81 80
82 80
83 80
84 80
85 80
86 80
87 80
88 80
89 80
90 80
91 80
92 80
93 80
94 80
95 80
96 80
97 80
98 80
99 80
100 80
101 80
102 80
103 80
104 80
105 80
106 80
107 80
108 80
109 80
110 80
111 80
112 80
113 80
114 80
115 80
116 80
117 80
118 80
119 80
120 80
121 80
122 80
123 80
124 80
125 80
126 80
127 80
128 80
129 80
130 80
131 80
132 80
133 80
134 80
135 80
136 80
137 80
138 80
139 80
140 80
141 80
142 80
143 80
144 80
145 80
146 80
147 80
148 80
149 80
150 80
151 80
152 80
153 80
154 80
155 80
156 80
157 80
158 80
159 80
160 80
161 80
162 80
163 80
164 80
165 80
166 80
167 80
168 80
169 80
170 80
171 80
172 80
173 80
174 80
175 80
176 80
177 80
178 80
179 80
180 80
181 80
182 80
183 80
184 80
185 80
186 80
187 80
188 80
189 80
190 80
191 80
192 80
193 80
194 80
195 80
196 80
197 80
198 80
199 80
200 80
201 80
202 80
203 80
204 80
205 80
206 80
207 80
208 80
209 80
210 80
211 80
212 80
213 80
214 80
215 80
216 80
217 80
218 80
219 80
220 80
221 80
222 80
223 80
224 80
225 80
226 80
227 80
228 80
229 80
230 80
231 80
232 80
233 80
234 80
235 80
236 80
237 80
238 80
239 80
240 80
241 80
242 80
243 80
244 80
245 80
246 80
247 80
248 80
249 80
250 80
251 80
252 80
253 80
254 80
255 80
256 80
257 80
258 80
259 80
260 80
261 80
262 80
263 80
264 80
265 80
266 80
267 80
268 80
269 80
270 80
271 80
272 80
273 80
274 80
275 80
276 80
277 80
278 80
279 80
280 80
281 80
282 80
283 80
284 80
285 80
286 80
287 80
288 80
289 80
290 80
291 80
292 80
293 80
294 80
295 80
296 80
297 80
298 80
299 80
300 80
301 80
302 80
303 80
304 80
305 80
306 80
307 80
308 80
309 80
310 80
311 80
312 80
313 80
314 80
315 80
316 80
317 80
318 80
319 80
320 80
321 80
322 80
323 80
324 80
325 80
326 80
327 80
328 80
329 80
330 80
331 80
332 80
333 80
334 80
335 80
336 80
337 80
338 80
339 80
340 80
341 80
342 80
343 80
344 80
345 80
346 80
347 80
348 80
349 80
350 80
351 80
352 80
353 80
354 80
355 80
356 80
357 80
358 80
359 80
360 80
361 80
362 80
363 80
364 80
365 80
366 80
367 80
368 80
369 80
370 80
371 80
372 80
373 80
374 80
375 80
376 80
377 80
378 80
379 80
380 80
381 80
382 80
383 80
384 80
385 80
386 80
387 80
388 80
389 80
390 80
391 80
392 80
393 80
394 80
395 80
396 80
397 80
398 80
399 80
400 80
401 80
402 80
403 80
404 80
405 80
406 80
407 80
408 80
409 80
410 80
411 80
412 80
413 80
414 80
415 80
416 80
417 80
418 80
419 80
420 80
421 80
422 80
423 80
424 80
425 80
426 80
427 80
428 80
429 80
430 80
431 80
432 80
433 80
434 80
435 80
436 80
437 80
438 80
439 80
440 80
441 80
442 80
443 80
444 80
445 80
446 80
447 80
448 80
449 80
450 80
451 80
452 80
453 80
454 80
455 80
456 80
457 80
458 80
459 80
460 80
461 80
462 80
463 80
464 80
465 80
466 80
467 80
468 80
469 80
470 80
471 80
472 80
473 80
474 80
475 80
476 80
477 80
478 80
479 80
480 80
481 80
482 80
483 80
484 80
485 80
486 80
487 80
488 80
489 80
490 80
491 80
492 80
493 80
494 80
495 80
496 80
497 80
498 80
499 80
500 80
501 80
502 80
503 80
504 80
505 80
506 80
507 80
508 80
509 80
510 80
511 80
512 80
513 80
514 80
515 80
516 80
517 80
518 80
519 80
520 80
521 80
522 80
523 80
524 80
525 80
526 80
527 80
528 80
529 80
530 80
531 80
532 80
533 80
534 80
535 80
536 80
537 80
538 80
539 80
540 80
541 80
542 80
543 80
544 80
545 80
546 80
547 80
548 80
549 80
550 80
551 80
552 80
553 80
554 80
555 80
556 80
557 80
558 80
559 80
560 80
561 80
562 80
563 80
564 80
565 80
566 80
567 80
568 80
569 80
570 80
571 80
572 80
573 80
574 80
575 80
576 80
577 80
578 80
579 80
580 80
581 80
582 80
583 80
584 80
585 80
586 80
587 80
588 80
589 80
590 80
591 80
592 80
593 80
594 80
595 80
596 80
597 80
598 80
599 80
600 80
601 80
602 80
603 80
604 80
605 80
606 80
607 80
608 80
609 80
610 80
611 80
612 80
613 80
614 80
615 80
616 80
617 80
618 80
619 80
620 80
621 80
622 80
623 80
624 80
625 80
626 80
627 80
628 80
629 80
630 80
631 80
632 80
633 80
634 80
635 80
636 80
637 80
638 80
639 80
640 80
641 80
642 80
643 80
644 80
645 80
646 80
647 80
648 80
649 80
650 80
651 80
652 80
653 80
654 80
655 80
656 80
657 80
658 80
659 80
660 80
661 80
662 80
663 80
664 80
665 80
666 80
667 80
668 80
669 80
670 80
671 80
672 80
673 80
674 80
675 80
676 80
677 80
678 80
679 80
680 80
681 80
682 80
683 80
684 80
685 80
686 80
687 80
688 80
689 80
690 80
691 80
692 80
693 80
694 80
695 80
696 80
697 80
698 80
699 80
700 80
701 80
702 80
703 80
704 80
705 80
706 80
707 80
708 80
709 80
710 80
711 80
712 80
713 80
714 80
715 80
716 80
717 80
718 80
719 80
720 80
721 80
722 80
723 80
724 80
725 80
726 80
727 80
728 80
729 80
730 80
731 80
732 80
733 80
734 80
735 80
736 80
737 80
738 80
739 80
740 80
741 80
742 80
743 80
744 80
745 80
746 80
747 80
748 80
749 80
750 80
751 80
752 80
753 80
754 80
755 80
756 80
757 80
758 80
759 80
760 80
761 80
762 80
763 80
764 80
765 80
766 80
767 80
768 80
769 80
770 80
771 80
772 80
773 80
774 80
775 80
776 80
777 80
778 80
779 80
780 80
781 80
782 80
783 80
784 80
785 80
786 80
787 80
788 80
789 80
790 80
791 80
792 80
793 80
794 80
795 80
796 80
797 80
798 80
799 80
800 80
801 80
802 80
803 80
804 80
805 80
806 80
807 80
808 80
809 80
810 80
811 80
812 80
813 80
814 80
815 80
816 80
817 80
818 80
819 80
820 80
821 80
822 80
823 80
824 80
825 80
826 80
827 80
828 80
829 80
830 80
831 80
832 80
833 80
834 80
835 80
836 80
837 80
838 80
839 80
840 80
841 80
842 80
843 80
844 80
845 80
846 80
847 80
848 80
849 80
850 80
851 80
852 80
853 80
854 80
855 80
856 80
857 80
858 80
859 80
860 80
861 80
862 80
863 80
864 80
865 80
866 80
867 80
868 80
869 80
870 80
871 80
872 80
873 80
874 80
875 80
876 80
877 80
878 80
879 80
880 80
881 80
882 80
883 80
884 80
885 80
886 80
887 80
888 80
889 80
890 80
891 80
892 80
893 80
894 80
895 80
896 80
897 80
898 80
899 80
900 80
901 80
902 80
903 80
904 80
905 80
906 80
907 80
908 80
909 80
910 80
911 80
912 80
913 80
914 80
915 80
916 80
917 80
918 80
919 80
920 80
921 80
922 80
923 80
924 80
925 80
926 80
927 80
928 80
929 80
930 80
931 80
932 80
933 80
934 80
935 80
936 80
937 80
938 80
939 80
940 80
941 80
942 80
943 80
944 80
945 80
946 80
947 80
948 80
949 80
950 80
951 80
952 80
953 80
954 80
955 80
956 80
957 80
958 80
959 80
960 80
961 80
962 80
963 80
964 80
965 80
966 80
967 80
968 80
969 80
970 80
971 80
972 80
973 80
974 80
975 80
976 80
977 80
978 80
979 80
980 80
981 80
982 80
983 80
984 80
985 80
986 80
987 80
988 80
989 80
990 80
991 80
992 80
993 80
994 80
995 80
996 80
997 80
998 80
999 80
1000 80
1001 80
1002 80
1003 80
1004 80
1005 80
1006 80
1007 80
1008 80
1009 80
1010 80
1011 80
1012 80
1013 80
1014 80
1015 80
1016 80
1017 80
1018 80
1019 80
1020 80
