block round
153 50
154 50
155 50
156 50
157 50
158 50
159 50
160 50
161 50
162 50
163 50
164 50
165 50
166 50
167 50
168 50
169 50
170 50
171 50
172 50
173 50
174 50
175 50
176 50
177 50
178 50
179 50
180 50
181 50
182 50
183 50
184 50
185 50
186 50
187 50
188 50
189 50
190 50
191 50
192 50
193 50
194 50
195 50
196 50
197 50
198 50
199 50
200 50
201 50
202 50
203 50
513 50
523 50
533 50
543 50
553 50
563 50
573 50
583 50
593 50
603 50
613 50
623 50
633 50
643 50
653 50
663 50
673 50
683 50
693 50
703 50
713 50
723 50
733 50
743 50
753 50
763 50
773 50
783 50
793 50
803 50
813 50
823 50
833 50
843 50
853 50
863 50
873 50
883 50
893 50
903 50
913 50
923 50
933 50
943 50
953 50
963 50
973 50
983 50
993 50
1003 50
