block round
126 80
127 80
128 80
129 80
130 80
131 80
132 80
133 80
134 80
135 80
136 80
137 80
138 80
139 80
140 80
141 80
142 80
143 80
144 80
145 80
146 80
216 80
226 80
236 80
246 80
256 80
266 80
276 80
286 80
296 80
306 80
316 80
326 80
336 80
346 80
356 80
366 80
376 80
386 80
396 80
406 80
416 80
426 80
436 80
446 80
456 80
466 80
476 80
486 80
496 80
506 80
516 80
526 80
536 80
546 80
556 80
566 80
576 80
586 80
596 80
606 80
616 80
626 80
636 80
646 80
656 80
666 80
676 80
686 80
696 80
706 80
716 80
726 80
736 80
746 80
756 80
766 80
776 80
786 80
796 80
806 80
816 80
826 80
836 80
846 80
856 80
866 80
876 80
886 80
896 80
906 80
916 80
926 80
936 80
946 80
956 80
966 80
976 80
986 80
996 80
1006 80
