block round
204 50
205 50
206 50
207 50
208 50
209 50
210 50
211 50
212 50
213 50
214 50
215 50
216 50
217 50
218 50
219 50
220 50
221 50
222 50
223 50
224 50
225 50
226 50
227 50
228 50
229 50
230 50
231 50
232 50
233 50
234 50
235 50
236 50
237 50
238 50
239 50
240 50
241 50
242 50
243 50
244 50
245 50
246 50
247 50
248 50
249 50
250 50
251 50
252 50
253 50
254 50
514 50
524 50
534 50
544 50
554 50
564 50
574 50
584 50
594 50
604 50
614 50
624 50
634 50
644 50
654 50
664 50
674 50
684 50
694 50
704 50
714 50
724 50
734 50
744 50
754 50
764 50
774 50
784 50
794 50
804 50
814 50
824 50
834 50
844 50
854 50
864 50
874 50
884 50
894 50
904 50
914 50
924 50
934 50
944 50
954 50
964 50
974 50
984 50
994 50
1004 50
