block round
44 90
45 90
46 90
47 90
48 90
49 90
50 90
51 90
52 90
53 90
54 90
114 90
124 90
134 90
144 90
154 90
164 90
174 90
184 90
194 90
204 90
214 90
224 90
234 90
244 90
254 90
264 90
274 90
284 90
294 90
304 90
314 90
324 90
334 90
344 90
354 90
364 90
374 90
384 90
394 90
404 90
414 90
424 90
434 90
444 90
454 90
464 90
474 90
484 90
494 90
504 90
514 90
524 90
534 90
544 90
554 90
564 90
574 90
584 90
594 90
604 90
614 90
624 90
634 90
644 90
654 90
664 90
674 90
684 90
694 90
704 90
714 90
724 90
734 90
744 90
754 90
764 90
774 90
784 90
794 90
804 90
814 90
824 90
834 90
844 90
854 90
864 90
874 90
884 90
894 90
904 90
914 90
924 90
934 90
944 90
954 90
964 90
974 90
984 90
994 90
1004 90
