file block round
0 0 70
0 1 70
0 2 70
0 3 70
0 4 70
0 5 70
0 6 70
0 7 70
0 8 70
0 9 70
0 10 70
0 11 70
0 12 70
0 13 70
0 14 70
0 15 70
0 16 70
0 17 70
0 18 70
0 19 70
0 20 70
0 21 70
0 22 70
0 23 70
0 24 70
0 25 70
0 26 70
0 27 70
0 28 70
0 29 70
0 30 70
0 310 70
0 320 70
0 330 70
0 340 70
0 350 70
0 360 70
0 370 70
0 380 70
0 390 70
0 400 70
0 410 70
0 420 70
0 430 70
0 440 70
0 450 70
0 460 70
0 470 70
0 480 70
0 490 70
0 500 70
0 510 70
0 520 70
0 530 70
0 540 70
0 550 70
0 560 70
0 570 70
0 580 70
0 590 70
0 600 70
0 610 70
0 620 70
0 630 70
0 640 70
0 650 70
0 660 70
0 670 70
0 680 70
0 690 70
0 700 70
0 710 70
0 720 70
0 730 70
0 740 70
0 750 70
0 760 70
0 770 70
0 780 70
0 790 70
0 800 70
0 810 70
0 820 70
0 830 70
0 840 70
0 850 70
0 860 70
0 870 70
0 880 70
0 890 70
0 900 70
0 910 70
0 920 70
0 930 70
0 940 70
0 950 70
0 960 70
0 970 70
0 980 70
0 990 70
0 1000 70
1 31 70
1 32 70
1 33 70
1 34 70
1 35 70
1 36 70
1 37 70
1 38 70
1 39 70
1 40 70
1 41 70
1 42 70
1 43 70
1 44 70
1 45 70
1 46 70
1 47 70
1 48 70
1 49 70
1 50 70
1 51 70
1 52 70
1 53 70
1 54 70
1 55 70
1 56 70
1 57 70
1 58 70
1 59 70
1 60 70
1 61 70
1 311 70
1 321 70
1 331 70
1 341 70
1 351 70
1 361 70
1 371 70
1 381 70
1 391 70
1 401 70
1 411 70
1 421 70
1 431 70
1 441 70
1 451 70
1 461 70
1 471 70
1 481 70
1 491 70
1 501 70
1 511 70
1 521 70
1 531 70
1 541 70
1 551 70
1 561 70
1 571 70
1 581 70
1 591 70
1 601 70
1 611 70
1 621 70
1 631 70
1 641 70
1 651 70
1 661 70
1 671 70
1 681 70
1 691 70
1 701 70
1 711 70
1 721 70
1 731 70
1 741 70
1 751 70
1 761 70
1 771 70
1 781 70
1 791 70
1 801 70
1 811 70
1 821 70
1 831 70
1 841 70
1 851 70
1 861 70
1 871 70
1 881 70
1 891 70
1 901 70
1 911 70
1 921 70
1 931 70
1 941 70
1 951 70
1 961 70
1 971 70
1 981 70
1 991 70
1 1001 70
2 62 70
2 63 70
2 64 70
2 65 70
2 66 70
2 67 70
2 68 70
2 69 70
2 70 70
2 71 70
2 72 70
2 73 70
2 74 70
2 75 70
2 76 70
2 77 70
2 78 70
2 79 70
2 80 70
2 81 70
2 82 70
2 83 70
2 84 70
2 85 70
2 86 70
2 87 70
2 88 70
2 89 70
2 90 70
2 91 70
2 92 70
2 312 70
2 322 70
2 332 70
2 342 70
2 352 70
2 362 70
2 372 70
2 382 70
2 392 70
2 402 70
2 412 70
2 422 70
2 432 70
2 442 70
2 452 70
2 462 70
2 472 70
2 482 70
2 492 70
2 502 70
2 512 70
2 522 70
2 532 70
2 542 70
2 552 70
2 562 70
2 572 70
2 582 70
2 592 70
2 602 70
2 612 70
2 622 70
2 632 70
2 642 70
2 652 70
2 662 70
2 672 70
2 682 70
2 692 70
2 702 70
2 712 70
2 722 70
2 732 70
2 742 70
2 752 70
2 762 70
2 772 70
2 782 70
2 792 70
2 802 70
2 812 70
2 822 70
2 832 70
2 842 70
2 852 70
2 862 70
2 872 70
2 882 70
2 892 70
2 902 70
2 912 70
2 922 70
2 932 70
2 942 70
2 952 70
2 962 70
2 972 70
2 982 70
2 992 70
2 1002 70
3 93 70
3 94 70
3 95 70
3 96 70
3 97 70
3 98 70
3 99 70
3 100 70
3 101 70
3 102 70
3 103 70
3 104 70
3 105 70
3 106 70
3 107 70
3 108 70
3 109 70
3 110 70
3 111 70
3 112 70
3 113 70
3 114 70
3 115 70
3 116 70
3 117 70
3 118 70
3 119 70
3 120 70
3 121 70
3 122 70
3 123 70
3 313 70
3 323 70
3 333 70
3 343 70
3 353 70
3 363 70
3 373 70
3 383 70
3 393 70
3 403 70
3 413 70
3 423 70
3 433 70
3 443 70
3 453 70
3 463 70
3 473 70
3 483 70
3 493 70
3 503 70
3 513 70
3 523 70
3 533 70
3 543 70
3 553 70
3 563 70
3 573 70
3 583 70
3 593 70
3 603 70
3 613 70
3 623 70
3 633 70
3 643 70
3 653 70
3 663 70
3 673 70
3 683 70
3 693 70
3 703 70
3 713 70
3 723 70
3 733 70
3 743 70
3 753 70
3 763 70
3 773 70
3 783 70
3 793 70
3 803 70
3 813 70
3 823 70
3 833 70
3 843 70
3 853 70
3 863 70
3 873 70
3 883 70
3 893 70
3 903 70
3 913 70
3 923 70
3 933 70
3 943 70
3 953 70
3 963 70
3 973 70
3 983 70
3 993 70
3 1003 70
4 124 70
4 125 70
4 126 70
4 127 70
4 128 70
4 129 70
4 130 70
4 131 70
4 132 70
4 133 70
4 134 70
4 135 70
4 136 70
4 137 70
4 138 70
4 139 70
4 140 70
4 141 70
4 142 70
4 143 70
4 144 70
4 145 70
4 146 70
4 147 70
4 148 70
4 149 70
4 150 70
4 151 70
4 152 70
4 153 70
4 154 70
4 314 70
4 324 70
4 334 70
4 344 70
4 354 70
4 364 70
4 374 70
4 384 70
4 394 70
4 404 70
4 414 70
4 424 70
4 434 70
4 444 70
4 454 70
4 464 70
4 474 70
4 484 70
4 494 70
4 504 70
4 514 70
4 524 70
4 534 70
4 544 70
4 554 70
4 564 70
4 574 70
4 584 70
4 594 70
4 604 70
4 614 70
4 624 70
4 634 70
4 644 70
4 654 70
4 664 70
4 674 70
4 684 70
4 694 70
4 704 70
4 714 70
4 724 70
4 734 70
4 744 70
4 754 70
4 764 70
4 774 70
4 784 70
4 794 70
4 804 70
4 814 70
4 824 70
4 834 70
4 844 70
4 854 70
4 864 70
4 874 70
4 884 70
4 894 70
4 904 70
4 914 70
4 924 70
4 934 70
4 944 70
4 954 70
4 964 70
4 974 70
4 984 70
4 994 70
4 1004 70
5 155 70
5 156 70
5 157 70
5 158 70
5 159 70
5 160 70
5 161 70
5 162 70
5 163 70
5 164 70
5 165 70
5 166 70
5 167 70
5 168 70
5 169 70
5 170 70
5 171 70
5 172 70
5 173 70
5 174 70
5 175 70
5 176 70
5 177 70
5 178 70
5 179 70
5 180 70
5 181 70
5 182 70
5 183 70
5 184 70
5 185 70
5 315 70
5 325 70
5 335 70
5 345 70
5 355 70
5 365 70
5 375 70
5 385 70
5 395 70
5 405 70
5 415 70
5 425 70
5 435 70
5 445 70
5 455 70
5 465 70
5 475 70
5 485 70
5 495 70
5 505 70
5 515 70
5 525 70
5 535 70
5 545 70
5 555 70
5 565 70
5 575 70
5 585 70
5 595 70
5 605 70
5 615 70
5 625 70
5 635 70
5 645 70
5 655 70
5 665 70
5 675 70
5 685 70
5 695 70
5 705 70
5 715 70
5 725 70
5 735 70
5 745 70
5 755 70
5 765 70
5 775 70
5 785 70
5 795 70
5 805 70
5 815 70
5 825 70
5 835 70
5 845 70
5 855 70
5 865 70
5 875 70
5 885 70
5 895 70
5 905 70
5 915 70
5 925 70
5 935 70
5 945 70
5 955 70
5 965 70
5 975 70
5 985 70
5 995 70
5 1005 70
6 186 70
6 187 70
6 188 70
6 189 70
6 190 70
6 191 70
6 192 70
6 193 70
6 194 70
6 195 70
6 196 70
6 197 70
6 198 70
6 199 70
6 200 70
6 201 70
6 202 70
6 203 70
6 204 70
6 205 70
6 206 70
6 207 70
6 208 70
6 209 70
6 210 70
6 211 70
6 212 70
6 213 70
6 214 70
6 215 70
6 216 70
6 316 70
6 326 70
6 336 70
6 346 70
6 356 70
6 366 70
6 376 70
6 386 70
6 396 70
6 406 70
6 416 70
6 426 70
6 436 70
6 446 70
6 456 70
6 466 70
6 476 70
6 486 70
6 496 70
6 506 70
6 516 70
6 526 70
6 536 70
6 546 70
6 556 70
6 566 70
6 576 70
6 586 70
6 596 70
6 606 70
6 616 70
6 626 70
6 636 70
6 646 70
6 656 70
6 666 70
6 676 70
6 686 70
6 696 70
6 706 70
6 716 70
6 726 70
6 736 70
6 746 70
6 756 70
6 766 70
6 776 70
6 786 70
6 796 70
6 806 70
6 816 70
6 826 70
6 836 70
6 846 70
6 856 70
6 866 70
6 876 70
6 886 70
6 896 70
6 906 70
6 916 70
6 926 70
6 936 70
6 946 70
6 956 70
6 966 70
6 976 70
6 986 70
6 996 70
6 1006 70
7 217 70
7 218 70
7 219 70
7 220 70
7 221 70
7 222 70
7 223 70
7 224 70
7 225 70
7 226 70
7 227 70
7 228 70
7 229 70
7 230 70
7 231 70
7 232 70
7 233 70
7 234 70
7 235 70
7 236 70
7 237 70
7 238 70
7 239 70
7 240 70
7 241 70
7 242 70
7 243 70
7 244 70
7 245 70
7 246 70
7 247 70
7 317 70
7 327 70
7 337 70
7 347 70
7 357 70
7 367 70
7 377 70
7 387 70
7 397 70
7 407 70
7 417 70
7 427 70
7 437 70
7 447 70
7 457 70
7 467 70
7 477 70
7 487 70
7 497 70
7 507 70
7 517 70
7 527 70
7 537 70
7 547 70
7 557 70
7 567 70
7 577 70
7 587 70
7 597 70
7 607 70
7 617 70
7 627 70
7 637 70
7 647 70
7 657 70
7 667 70
7 677 70
7 687 70
7 697 70
7 707 70
7 717 70
7 727 70
7 737 70
7 747 70
7 757 70
7 767 70
7 777 70
7 787 70
7 797 70
7 807 70
7 817 70
7 827 70
7 837 70
7 847 70
7 857 70
7 867 70
7 877 70
7 887 70
7 897 70
7 907 70
7 917 70
7 927 70
7 937 70
7 947 70
7 957 70
7 967 70
7 977 70
7 987 70
7 997 70
7 1007 70
8 248 70
8 249 70
8 250 70
8 251 70
8 252 70
8 253 70
8 254 70
8 255 70
8 256 70
8 257 70
8 258 70
8 259 70
8 260 70
8 261 70
8 262 70
8 263 70
8 264 70
8 265 70
8 266 70
8 267 70
8 268 70
8 269 70
8 270 70
8 271 70
8 272 70
8 273 70
8 274 70
8 275 70
8 276 70
8 277 70
8 278 70
8 318 70
8 328 70
8 338 70
8 348 70
8 358 70
8 368 70
8 378 70
8 388 70
8 398 70
8 408 70
8 418 70
8 428 70
8 438 70
8 448 70
8 458 70
8 468 70
8 478 70
8 488 70
8 498 70
8 508 70
8 518 70
8 528 70
8 538 70
8 548 70
8 558 70
8 568 70
8 578 70
8 588 70
8 598 70
8 608 70
8 618 70
8 628 70
8 638 70
8 648 70
8 658 70
8 668 70
8 678 70
8 688 70
8 698 70
8 708 70
8 718 70
8 728 70
8 738 70
8 748 70
8 758 70
8 768 70
8 778 70
8 788 70
8 798 70
8 808 70
8 818 70
8 828 70
8 838 70
8 848 70
8 858 70
8 868 70
8 878 70
8 888 70
8 898 70
8 908 70
8 918 70
8 928 70
8 938 70
8 948 70
8 958 70
8 968 70
8 978 70
8 988 70
8 998 70
8 1008 70
9 279 70
9 280 70
9 281 70
9 282 70
9 283 70
9 284 70
9 285 70
9 286 70
9 287 70
9 288 70
9 289 70
9 290 70
9 291 70
9 292 70
9 293 70
9 294 70
9 295 70
9 296 70
9 297 70
9 298 70
9 299 70
9 300 70
9 301 70
9 302 70
9 303 70
9 304 70
9 305 70
9 306 70
9 307 70
9 308 70
9 309 70
9 319 70
9 329 70
9 339 70
9 349 70
9 359 70
9 369 70
9 379 70
9 389 70
9 399 70
9 409 70
9 419 70
9 429 70
9 439 70
9 449 70
9 459 70
9 469 70
9 479 70
9 489 70
9 499 70
9 509 70
9 519 70
9 529 70
9 539 70
9 549 70
9 559 70
9 569 70
9 579 70
9 589 70
9 599 70
9 609 70
9 619 70
9 629 70
9 639 70
9 649 70
9 659 70
9 669 70
9 679 70
9 689 70
9 699 70
9 709 70
9 719 70
9 729 70
9 739 70
9 749 70
9 759 70
9 769 70
9 779 70
9 789 70
9 799 70
9 809 70
9 819 70
9 829 70
9 839 70
9 849 70
9 859 70
9 869 70
9 879 70
9 889 70
9 899 70
9 909 70
9 919 70
9 929 70
9 939 70
9 949 70
9 959 70
9 969 70
9 979 70
9 989 70
9 999 70
9 1009 70
