block round
142 30
143 30
144 30
145 30
146 30
147 30
148 30
149 30
150 30
151 30
152 30
153 30
154 30
155 30
156 30
157 30
158 30
159 30
160 30
161 30
162 30
163 30
164 30
165 30
166 30
167 30
168 30
169 30
170 30
171 30
172 30
173 30
174 30
175 30
176 30
177 30
178 30
179 30
180 30
181 30
182 30
183 30
184 30
185 30
186 30
187 30
188 30
189 30
190 30
191 30
192 30
193 30
194 30
195 30
196 30
197 30
198 30
199 30
200 30
201 30
202 30
203 30
204 30
205 30
206 30
207 30
208 30
209 30
210 30
211 30
212 30
712 30
722 30
732 30
742 30
752 30
762 30
772 30
782 30
792 30
802 30
812 30
822 30
832 30
842 30
852 30
862 30
872 30
882 30
892 30
902 30
912 30
922 30
932 30
942 30
952 30
962 30
972 30
982 30
992 30
1002 30
