block round
41 60
42 60
43 60
44 60
45 60
46 60
47 60
48 60
49 60
50 60
51 60
52 60
53 60
54 60
55 60
56 60
57 60
58 60
59 60
60 60
61 60
62 60
63 60
64 60
65 60
66 60
67 60
68 60
69 60
70 60
71 60
72 60
73 60
74 60
75 60
76 60
77 60
78 60
79 60
80 60
81 60
411 60
421 60
431 60
441 60
451 60
461 60
471 60
481 60
491 60
501 60
511 60
521 60
531 60
541 60
551 60
561 60
571 60
581 60
591 60
601 60
611 60
621 60
631 60
641 60
651 60
661 60
671 60
681 60
691 60
701 60
711 60
721 60
731 60
741 60
751 60
761 60
771 60
781 60
791 60
801 60
811 60
821 60
831 60
841 60
851 60
861 60
871 60
881 60
891 60
901 60
911 60
921 60
931 60
941 60
951 60
961 60
971 60
981 60
991 60
1001 60
