block round
488 40
489 40
490 40
491 40
492 40
493 40
494 40
495 40
496 40
497 40
498 40
499 40
500 40
501 40
502 40
503 40
504 40
505 40
506 40
507 40
508 40
509 40
510 40
511 40
512 40
513 40
514 40
515 40
516 40
517 40
518 40
519 40
520 40
521 40
522 40
523 40
524 40
525 40
526 40
527 40
528 40
529 40
530 40
531 40
532 40
533 40
534 40
535 40
536 40
537 40
538 40
539 40
540 40
541 40
542 40
543 40
544 40
545 40
546 40
547 40
548 40
618 40
628 40
638 40
648 40
658 40
668 40
678 40
688 40
698 40
708 40
718 40
728 40
738 40
748 40
758 40
768 40
778 40
788 40
798 40
808 40
818 40
828 40
838 40
848 40
858 40
868 40
878 40
888 40
898 40
908 40
918 40
928 40
938 40
948 40
958 40
968 40
978 40
988 40
998 40
1008 40
