block round
408 50
409 50
410 50
411 50
412 50
413 50
414 50
415 50
416 50
417 50
418 50
419 50
420 50
421 50
422 50
423 50
424 50
425 50
426 50
427 50
428 50
429 50
430 50
431 50
432 50
433 50
434 50
435 50
436 50
437 50
438 50
439 50
440 50
441 50
442 50
443 50
444 50
445 50
446 50
447 50
448 50
449 50
450 50
451 50
452 50
453 50
454 50
455 50
456 50
457 50
458 50
518 50
528 50
538 50
548 50
558 50
568 50
578 50
588 50
598 50
608 50
618 50
628 50
638 50
648 50
658 50
668 50
678 50
688 50
698 50
708 50
718 50
728 50
738 50
748 50
758 50
768 50
778 50
788 50
798 50
808 50
818 50
828 50
838 50
848 50
858 50
868 50
878 50
888 50
898 50
908 50
918 50
928 50
938 50
948 50
958 50
968 50
978 50
988 50
998 50
1008 50
