block round
355 30
356 30
357 30
358 30
359 30
360 30
361 30
362 30
363 30
364 30
365 30
366 30
367 30
368 30
369 30
370 30
371 30
372 30
373 30
374 30
375 30
376 30
377 30
378 30
379 30
380 30
381 30
382 30
383 30
384 30
385 30
386 30
387 30
388 30
389 30
390 30
391 30
392 30
393 30
394 30
395 30
396 30
397 30
398 30
399 30
400 30
401 30
402 30
403 30
404 30
405 30
406 30
407 30
408 30
409 30
410 30
411 30
412 30
413 30
414 30
415 30
416 30
417 30
418 30
419 30
420 30
421 30
422 30
423 30
424 30
425 30
715 30
725 30
735 30
745 30
755 30
765 30
775 30
785 30
795 30
805 30
815 30
825 30
835 30
845 30
855 30
865 30
875 30
885 30
895 30
905 30
915 30
925 30
935 30
945 30
955 30
965 30
975 30
985 30
995 30
1005 30
