file block round
0 0 50
0 1 50
0 2 50
0 3 50
0 4 50
0 5 50
0 6 50
0 7 50
0 8 50
0 9 50
0 10 50
0 11 50
0 12 50
0 13 50
0 14 50
0 15 50
0 16 50
0 17 50
0 18 50
0 19 50
0 20 50
0 21 50
0 22 50
0 23 50
0 24 50
0 25 50
0 26 50
0 27 50
0 28 50
0 29 50
0 30 50
0 31 50
0 32 50
0 33 50
0 34 50
0 35 50
0 36 50
0 37 50
0 38 50
0 39 50
0 40 50
0 41 50
0 42 50
0 43 50
0 44 50
0 45 50
0 46 50
0 47 50
0 48 50
0 49 50
0 50 50
0 510 50
0 520 50
0 530 50
0 540 50
0 550 50
0 560 50
0 570 50
0 580 50
0 590 50
0 600 50
0 610 50
0 620 50
0 630 50
0 640 50
0 650 50
0 660 50
0 670 50
0 680 50
0 690 50
0 700 50
0 710 50
0 720 50
0 730 50
0 740 50
0 750 50
0 760 50
0 770 50
0 780 50
0 790 50
0 800 50
0 810 50
0 820 50
0 830 50
0 840 50
0 850 50
0 860 50
0 870 50
0 880 50
0 890 50
0 900 50
0 910 50
0 920 50
0 930 50
0 940 50
0 950 50
0 960 50
0 970 50
0 980 50
0 990 50
0 1000 50
1 51 50
1 52 50
1 53 50
1 54 50
1 55 50
1 56 50
1 57 50
1 58 50
1 59 50
1 60 50
1 61 50
1 62 50
1 63 50
1 64 50
1 65 50
1 66 50
1 67 50
1 68 50
1 69 50
1 70 50
1 71 50
1 72 50
1 73 50
1 74 50
1 75 50
1 76 50
1 77 50
1 78 50
1 79 50
1 80 50
1 81 50
1 82 50
1 83 50
1 84 50
1 85 50
1 86 50
1 87 50
1 88 50
1 89 50
1 90 50
1 91 50
1 92 50
1 93 50
1 94 50
1 95 50
1 96 50
1 97 50
1 98 50
1 99 50
1 100 50
1 101 50
1 511 50
1 521 50
1 531 50
1 541 50
1 551 50
1 561 50
1 571 50
1 581 50
1 591 50
1 601 50
1 611 50
1 621 50
1 631 50
1 641 50
1 651 50
1 661 50
1 671 50
1 681 50
1 691 50
1 701 50
1 711 50
1 721 50
1 731 50
1 741 50
1 751 50
1 761 50
1 771 50
1 781 50
1 791 50
1 801 50
1 811 50
1 821 50
1 831 50
1 841 50
1 851 50
1 861 50
1 871 50
1 881 50
1 891 50
1 901 50
1 911 50
1 921 50
1 931 50
1 941 50
1 951 50
1 961 50
1 971 50
1 981 50
1 991 50
1 1001 50
2 102 50
2 103 50
2 104 50
2 105 50
2 106 50
2 107 50
2 108 50
2 109 50
2 110 50
2 111 50
2 112 50
2 113 50
2 114 50
2 115 50
2 116 50
2 117 50
2 118 50
2 119 50
2 120 50
2 121 50
2 122 50
2 123 50
2 124 50
2 125 50
2 126 50
2 127 50
2 128 50
2 129 50
2 130 50
2 131 50
2 132 50
2 133 50
2 134 50
2 135 50
2 136 50
2 137 50
2 138 50
2 139 50
2 140 50
2 141 50
2 142 50
2 143 50
2 144 50
2 145 50
2 146 50
2 147 50
2 148 50
2 149 50
2 150 50
2 151 50
2 152 50
2 512 50
2 522 50
2 532 50
2 542 50
2 552 50
2 562 50
2 572 50
2 582 50
2 592 50
2 602 50
2 612 50
2 622 50
2 632 50
2 642 50
2 652 50
2 662 50
2 672 50
2 682 50
2 692 50
2 702 50
2 712 50
2 722 50
2 732 50
2 742 50
2 752 50
2 762 50
2 772 50
2 782 50
2 792 50
2 802 50
2 812 50
2 822 50
2 832 50
2 842 50
2 852 50
2 862 50
2 872 50
2 882 50
2 892 50
2 902 50
2 912 50
2 922 50
2 932 50
2 942 50
2 952 50
2 962 50
2 972 50
2 982 50
2 992 50
2 1002 50
3 153 50
3 154 50
3 155 50
3 156 50
3 157 50
3 158 50
3 159 50
3 160 50
3 161 50
3 162 50
3 163 50
3 164 50
3 165 50
3 166 50
3 167 50
3 168 50
3 169 50
3 170 50
3 171 50
3 172 50
3 173 50
3 174 50
3 175 50
3 176 50
3 177 50
3 178 50
3 179 50
3 180 50
3 181 50
3 182 50
3 183 50
3 184 50
3 185 50
3 186 50
3 187 50
3 188 50
3 189 50
3 190 50
3 191 50
3 192 50
3 193 50
3 194 50
3 195 50
3 196 50
3 197 50
3 198 50
3 199 50
3 200 50
3 201 50
3 202 50
3 203 50
3 513 50
3 523 50
3 533 50
3 543 50
3 553 50
3 563 50
3 573 50
3 583 50
3 593 50
3 603 50
3 613 50
3 623 50
3 633 50
3 643 50
3 653 50
3 663 50
3 673 50
3 683 50
3 693 50
3 703 50
3 713 50
3 723 50
3 733 50
3 743 50
3 753 50
3 763 50
3 773 50
3 783 50
3 793 50
3 803 50
3 813 50
3 823 50
3 833 50
3 843 50
3 853 50
3 863 50
3 873 50
3 883 50
3 893 50
3 903 50
3 913 50
3 923 50
3 933 50
3 943 50
3 953 50
3 963 50
3 973 50
3 983 50
3 993 50
3 1003 50
4 204 50
4 205 50
4 206 50
4 207 50
4 208 50
4 209 50
4 210 50
4 211 50
4 212 50
4 213 50
4 214 50
4 215 50
4 216 50
4 217 50
4 218 50
4 219 50
4 220 50
4 221 50
4 222 50
4 223 50
4 224 50
4 225 50
4 226 50
4 227 50
4 228 50
4 229 50
4 230 50
4 231 50
4 232 50
4 233 50
4 234 50
4 235 50
4 236 50
4 237 50
4 238 50
4 239 50
4 240 50
4 241 50
4 242 50
4 243 50
4 244 50
4 245 50
4 246 50
4 247 50
4 248 50
4 249 50
4 250 50
4 251 50
4 252 50
4 253 50
4 254 50
4 514 50
4 524 50
4 534 50
4 544 50
4 554 50
4 564 50
4 574 50
4 584 50
4 594 50
4 604 50
4 614 50
4 624 50
4 634 50
4 644 50
4 654 50
4 664 50
4 674 50
4 684 50
4 694 50
4 704 50
4 714 50
4 724 50
4 734 50
4 744 50
4 754 50
4 764 50
4 774 50
4 784 50
4 794 50
4 804 50
4 814 50
4 824 50
4 834 50
4 844 50
4 854 50
4 864 50
4 874 50
4 884 50
4 894 50
4 904 50
4 914 50
4 924 50
4 934 50
4 944 50
4 954 50
4 964 50
4 974 50
4 984 50
4 994 50
4 1004 50
5 255 50
5 256 50
5 257 50
5 258 50
5 259 50
5 260 50
5 261 50
5 262 50
5 263 50
5 264 50
5 265 50
5 266 50
5 267 50
5 268 50
5 269 50
5 270 50
5 271 50
5 272 50
5 273 50
5 274 50
5 275 50
5 276 50
5 277 50
5 278 50
5 279 50
5 280 50
5 281 50
5 282 50
5 283 50
5 284 50
5 285 50
5 286 50
5 287 50
5 288 50
5 289 50
5 290 50
5 291 50
5 292 50
5 293 50
5 294 50
5 295 50
5 296 50
5 297 50
5 298 50
5 299 50
5 300 50
5 301 50
5 302 50
5 303 50
5 304 50
5 305 50
5 515 50
5 525 50
5 535 50
5 545 50
5 555 50
5 565 50
5 575 50
5 585 50
5 595 50
5 605 50
5 615 50
5 625 50
5 635 50
5 645 50
5 655 50
5 665 50
5 675 50
5 685 50
5 695 50
5 705 50
5 715 50
5 725 50
5 735 50
5 745 50
5 755 50
5 765 50
5 775 50
5 785 50
5 795 50
5 805 50
5 815 50
5 825 50
5 835 50
5 845 50
5 855 50
5 865 50
5 875 50
5 885 50
5 895 50
5 905 50
5 915 50
5 925 50
5 935 50
5 945 50
5 955 50
5 965 50
5 975 50
5 985 50
5 995 50
5 1005 50
6 306 50
6 307 50
6 308 50
6 309 50
6 310 50
6 311 50
6 312 50
6 313 50
6 314 50
6 315 50
6 316 50
6 317 50
6 318 50
6 319 50
6 320 50
6 321 50
6 322 50
6 323 50
6 324 50
6 325 50
6 326 50
6 327 50
6 328 50
6 329 50
6 330 50
6 331 50
6 332 50
6 333 50
6 334 50
6 335 50
6 336 50
6 337 50
6 338 50
6 339 50
6 340 50
6 341 50
6 342 50
6 343 50
6 344 50
6 345 50
6 346 50
6 347 50
6 348 50
6 349 50
6 350 50
6 351 50
6 352 50
6 353 50
6 354 50
6 355 50
6 356 50
6 516 50
6 526 50
6 536 50
6 546 50
6 556 50
6 566 50
6 576 50
6 586 50
6 596 50
6 606 50
6 616 50
6 626 50
6 636 50
6 646 50
6 656 50
6 666 50
6 676 50
6 686 50
6 696 50
6 706 50
6 716 50
6 726 50
6 736 50
6 746 50
6 756 50
6 766 50
6 776 50
6 786 50
6 796 50
6 806 50
6 816 50
6 826 50
6 836 50
6 846 50
6 856 50
6 866 50
6 876 50
6 886 50
6 896 50
6 906 50
6 916 50
6 926 50
6 936 50
6 946 50
6 956 50
6 966 50
6 976 50
6 986 50
6 996 50
6 1006 50
7 357 50
7 358 50
7 359 50
7 360 50
7 361 50
7 362 50
7 363 50
7 364 50
7 365 50
7 366 50
7 367 50
7 368 50
7 369 50
7 370 50
7 371 50
7 372 50
7 373 50
7 374 50
7 375 50
7 376 50
7 377 50
7 378 50
7 379 50
7 380 50
7 381 50
7 382 50
7 383 50
7 384 50
7 385 50
7 386 50
7 387 50
7 388 50
7 389 50
7 390 50
7 391 50
7 392 50
7 393 50
7 394 50
7 395 50
7 396 50
7 397 50
7 398 50
7 399 50
7 400 50
7 401 50
7 402 50
7 403 50
7 404 50
7 405 50
7 406 50
7 407 50
7 517 50
7 527 50
7 537 50
7 547 50
7 557 50
7 567 50
7 577 50
7 587 50
7 597 50
7 607 50
7 617 50
7 627 50
7 637 50
7 647 50
7 657 50
7 667 50
7 677 50
7 687 50
7 697 50
7 707 50
7 717 50
7 727 50
7 737 50
7 747 50
7 757 50
7 767 50
7 777 50
7 787 50
7 797 50
7 807 50
7 817 50
7 827 50
7 837 50
7 847 50
7 857 50
7 867 50
7 877 50
7 887 50
7 897 50
7 907 50
7 917 50
7 927 50
7 937 50
7 947 50
7 957 50
7 967 50
7 977 50
7 987 50
7 997 50
7 1007 50
8 408 50
8 409 50
8 410 50
8 411 50
8 412 50
8 413 50
8 414 50
8 415 50
8 416 50
8 417 50
8 418 50
8 419 50
8 420 50
8 421 50
8 422 50
8 423 50
8 424 50
8 425 50
8 426 50
8 427 50
8 428 50
8 429 50
8 430 50
8 431 50
8 432 50
8 433 50
8 434 50
8 435 50
8 436 50
8 437 50
8 438 50
8 439 50
8 440 50
8 441 50
8 442 50
8 443 50
8 444 50
8 445 50
8 446 50
8 447 50
8 448 50
8 449 50
8 450 50
8 451 50
8 452 50
8 453 50
8 454 50
8 455 50
8 456 50
8 457 50
8 458 50
8 518 50
8 528 50
8 538 50
8 548 50
8 558 50
8 568 50
8 578 50
8 588 50
8 598 50
8 608 50
8 618 50
8 628 50
8 638 50
8 648 50
8 658 50
8 668 50
8 678 50
8 688 50
8 698 50
8 708 50
8 718 50
8 728 50
8 738 50
8 748 50
8 758 50
8 768 50
8 778 50
8 788 50
8 798 50
8 808 50
8 818 50
8 828 50
8 838 50
8 848 50
8 858 50
8 868 50
8 878 50
8 888 50
8 898 50
8 908 50
8 918 50
8 928 50
8 938 50
8 948 50
8 958 50
8 968 50
8 978 50
8 988 50
8 998 50
8 1008 50
9 459 50
9 460 50
9 461 50
9 462 50
9 463 50
9 464 50
9 465 50
9 466 50
9 467 50
9 468 50
9 469 50
9 470 50
9 471 50
9 472 50
9 473 50
9 474 50
9 475 50
9 476 50
9 477 50
9 478 50
9 479 50
9 480 50
9 481 50
9 482 50
9 483 50
9 484 50
9 485 50
9 486 50
9 487 50
9 488 50
9 489 50
9 490 50
9 491 50
9 492 50
9 493 50
9 494 50
9 495 50
9 496 50
9 497 50
9 498 50
9 499 50
9 500 50
9 501 50
9 502 50
9 503 50
9 504 50
9 505 50
9 506 50
9 507 50
9 508 50
9 509 50
9 519 50
9 529 50
9 539 50
9 549 50
9 559 50
9 569 50
9 579 50
9 589 50
9 599 50
9 609 50
9 619 50
9 629 50
9 639 50
9 649 50
9 659 50
9 669 50
9 679 50
9 689 50
9 699 50
9 709 50
9 719 50
9 729 50
9 739 50
9 749 50
9 759 50
9 769 50
9 779 50
9 789 50
9 799 50
9 809 50
9 819 50
9 829 50
9 839 50
9 849 50
9 859 50
9 869 50
9 879 50
9 889 50
9 899 50
9 909 50
9 919 50
9 929 50
9 939 50
9 949 50
9 959 50
9 969 50
9 979 50
9 989 50
9 999 50
9 1009 50
