block round
99 90
100 90
101 90
102 90
103 90
104 90
105 90
106 90
107 90
108 90
109 90
119 90
129 90
139 90
149 90
159 90
169 90
179 90
189 90
199 90
209 90
219 90
229 90
239 90
249 90
259 90
269 90
279 90
289 90
299 90
309 90
319 90
329 90
339 90
349 90
359 90
369 90
379 90
389 90
399 90
409 90
419 90
429 90
439 90
449 90
459 90
469 90
479 90
489 90
499 90
509 90
519 90
529 90
539 90
549 90
559 90
569 90
579 90
589 90
599 90
609 90
619 90
629 90
639 90
649 90
659 90
669 90
679 90
689 90
699 90
709 90
719 90
729 90
739 90
749 90
759 90
769 90
779 90
789 90
799 90
809 90
819 90
829 90
839 90
849 90
859 90
869 90
879 90
889 90
899 90
909 90
919 90
929 90
939 90
949 90
959 90
969 90
979 90
989 90
999 90
1009 90
