block round
33 90
34 90
35 90
36 90
37 90
38 90
39 90
40 90
41 90
42 90
43 90
113 90
123 90
133 90
143 90
153 90
163 90
173 90
183 90
193 90
203 90
213 90
223 90
233 90
243 90
253 90
263 90
273 90
283 90
293 90
303 90
313 90
323 90
333 90
343 90
353 90
363 90
373 90
383 90
393 90
403 90
413 90
423 90
433 90
443 90
453 90
463 90
473 90
483 90
493 90
503 90
513 90
523 90
533 90
543 90
553 90
563 90
573 90
583 90
593 90
603 90
613 90
623 90
633 90
643 90
653 90
663 90
673 90
683 90
693 90
703 90
713 90
723 90
733 90
743 90
753 90
763 90
773 90
783 90
793 90
803 90
813 90
823 90
833 90
843 90
853 90
863 90
873 90
883 90
893 90
903 90
913 90
923 90
933 90
943 90
953 90
963 90
973 90
983 90
993 90
1003 90
