block round
77 90
78 90
79 90
80 90
81 90
82 90
83 90
84 90
85 90
86 90
87 90
117 90
127 90
137 90
147 90
157 90
167 90
177 90
187 90
197 90
207 90
217 90
227 90
237 90
247 90
257 90
267 90
277 90
287 90
297 90
307 90
317 90
327 90
337 90
347 90
357 90
367 90
377 90
387 90
397 90
407 90
417 90
427 90
437 90
447 90
457 90
467 90
477 90
487 90
497 90
507 90
517 90
527 90
537 90
547 90
557 90
567 90
577 90
587 90
597 90
607 90
617 90
627 90
637 90
647 90
657 90
667 90
677 90
687 90
697 90
707 90
717 90
727 90
737 90
747 90
757 90
767 90
777 90
787 90
797 90
807 90
817 90
827 90
837 90
847 90
857 90
867 90
877 90
887 90
897 90
907 90
917 90
927 90
937 90
947 90
957 90
967 90
977 90
987 90
997 90
1007 90
