file block round
0 0 80
0 1 80
0 2 80
0 3 80
0 4 80
0 5 80
0 6 80
0 7 80
0 8 80
0 9 80
0 10 80
0 11 80
0 12 80
0 13 80
0 14 80
0 15 80
0 16 80
0 17 80
0 18 80
0 19 80
0 20 80
0 210 80
0 220 80
0 230 80
0 240 80
0 250 80
0 260 80
0 270 80
0 280 80
0 290 80
0 300 80
0 310 80
0 320 80
0 330 80
0 340 80
0 350 80
0 360 80
0 370 80
0 380 80
0 390 80
0 400 80
0 410 80
0 420 80
0 430 80
0 440 80
0 450 80
0 460 80
0 470 80
0 480 80
0 490 80
0 500 80
0 510 80
0 520 80
0 530 80
0 540 80
0 550 80
0 560 80
0 570 80
0 580 80
0 590 80
0 600 80
0 610 80
0 620 80
0 630 80
0 640 80
0 650 80
0 660 80
0 670 80
0 680 80
0 690 80
0 700 80
0 710 80
0 720 80
0 730 80
0 740 80
0 750 80
0 760 80
0 770 80
0 780 80
0 790 80
0 800 80
0 810 80
0 820 80
0 830 80
0 840 80
0 850 80
0 860 80
0 870 80
0 880 80
0 890 80
0 900 80
0 910 80
0 920 80
0 930 80
0 940 80
0 950 80
0 960 80
0 970 80
0 980 80
0 990 80
0 1000 80
1 21 80
1 22 80
1 23 80
1 24 80
1 25 80
1 26 80
1 27 80
1 28 80
1 29 80
1 30 80
1 31 80
1 32 80
1 33 80
1 34 80
1 35 80
1 36 80
1 37 80
1 38 80
1 39 80
1 40 80
1 41 80
1 211 80
1 221 80
1 231 80
1 241 80
1 251 80
1 261 80
1 271 80
1 281 80
1 291 80
1 301 80
1 311 80
1 321 80
1 331 80
1 341 80
1 351 80
1 361 80
1 371 80
1 381 80
1 391 80
1 401 80
1 411 80
1 421 80
1 431 80
1 441 80
1 451 80
1 461 80
1 471 80
1 481 80
1 491 80
1 501 80
1 511 80
1 521 80
1 531 80
1 541 80
1 551 80
1 561 80
1 571 80
1 581 80
1 591 80
1 601 80
1 611 80
1 621 80
1 631 80
1 641 80
1 651 80
1 661 80
1 671 80
1 681 80
1 691 80
1 701 80
1 711 80
1 721 80
1 731 80
1 741 80
1 751 80
1 761 80
1 771 80
1 781 80
1 791 80
1 801 80
1 811 80
1 821 80
1 831 80
1 841 80
1 851 80
1 861 80
1 871 80
1 881 80
1 891 80
1 901 80
1 911 80
1 921 80
1 931 80
1 941 80
1 951 80
1 961 80
1 971 80
1 981 80
1 991 80
1 1001 80
2 42 80
2 43 80
2 44 80
2 45 80
2 46 80
2 47 80
2 48 80
2 49 80
2 50 80
2 51 80
2 52 80
2 53 80
2 54 80
2 55 80
2 56 80
2 57 80
2 58 80
2 59 80
2 60 80
2 61 80
2 62 80
2 212 80
2 222 80
2 232 80
2 242 80
2 252 80
2 262 80
2 272 80
2 282 80
2 292 80
2 302 80
2 312 80
2 322 80
2 332 80
2 342 80
2 352 80
2 362 80
2 372 80
2 382 80
2 392 80
2 402 80
2 412 80
2 422 80
2 432 80
2 442 80
2 452 80
2 462 80
2 472 80
2 482 80
2 492 80
2 502 80
2 512 80
2 522 80
2 532 80
2 542 80
2 552 80
2 562 80
2 572 80
2 582 80
2 592 80
2 602 80
2 612 80
2 622 80
2 632 80
2 642 80
2 652 80
2 662 80
2 672 80
2 682 80
2 692 80
2 702 80
2 712 80
2 722 80
2 732 80
2 742 80
2 752 80
2 762 80
2 772 80
2 782 80
2 792 80
2 802 80
2 812 80
2 822 80
2 832 80
2 842 80
2 852 80
2 862 80
2 872 80
2 882 80
2 892 80
2 902 80
2 912 80
2 922 80
2 932 80
2 942 80
2 952 80
2 962 80
2 972 80
2 982 80
2 992 80
2 1002 80
3 63 80
3 64 80
3 65 80
3 66 80
3 67 80
3 68 80
3 69 80
3 70 80
3 71 80
3 72 80
3 73 80
3 74 80
3 75 80
3 76 80
3 77 80
3 78 80
3 79 80
3 80 80
3 81 80
3 82 80
3 83 80
3 213 80
3 223 80
3 233 80
3 243 80
3 253 80
3 263 80
3 273 80
3 283 80
3 293 80
3 303 80
3 313 80
3 323 80
3 333 80
3 343 80
3 353 80
3 363 80
3 373 80
3 383 80
3 393 80
3 403 80
3 413 80
3 423 80
3 433 80
3 443 80
3 453 80
3 463 80
3 473 80
3 483 80
3 493 80
3 503 80
3 513 80
3 523 80
3 533 80
3 543 80
3 553 80
3 563 80
3 573 80
3 583 80
3 593 80
3 603 80
3 613 80
3 623 80
3 633 80
3 643 80
3 653 80
3 663 80
3 673 80
3 683 80
3 693 80
3 703 80
3 713 80
3 723 80
3 733 80
3 743 80
3 753 80
3 763 80
3 773 80
3 783 80
3 793 80
3 803 80
3 813 80
3 823 80
3 833 80
3 843 80
3 853 80
3 863 80
3 873 80
3 883 80
3 893 80
3 903 80
3 913 80
3 923 80
3 933 80
3 943 80
3 953 80
3 963 80
3 973 80
3 983 80
3 993 80
3 1003 80
4 84 80
4 85 80
4 86 80
4 87 80
4 88 80
4 89 80
4 90 80
4 91 80
4 92 80
4 93 80
4 94 80
4 95 80
4 96 80
4 97 80
4 98 80
4 99 80
4 100 80
4 101 80
4 102 80
4 103 80
4 104 80
4 214 80
4 224 80
4 234 80
4 244 80
4 254 80
4 264 80
4 274 80
4 284 80
4 294 80
4 304 80
4 314 80
4 324 80
4 334 80
4 344 80
4 354 80
4 364 80
4 374 80
4 384 80
4 394 80
4 404 80
4 414 80
4 424 80
4 434 80
4 444 80
4 454 80
4 464 80
4 474 80
4 484 80
4 494 80
4 504 80
4 514 80
4 524 80
4 534 80
4 544 80
4 554 80
4 564 80
4 574 80
4 584 80
4 594 80
4 604 80
4 614 80
4 624 80
4 634 80
4 644 80
4 654 80
4 664 80
4 674 80
4 684 80
4 694 80
4 704 80
4 714 80
4 724 80
4 734 80
4 744 80
4 754 80
4 764 80
4 774 80
4 784 80
4 794 80
4 804 80
4 814 80
4 824 80
4 834 80
4 844 80
4 854 80
4 864 80
4 874 80
4 884 80
4 894 80
4 904 80
4 914 80
4 924 80
4 934 80
4 944 80
4 954 80
4 964 80
4 974 80
4 984 80
4 994 80
4 1004 80
5 105 80
5 106 80
5 107 80
5 108 80
5 109 80
5 110 80
5 111 80
5 112 80
5 113 80
5 114 80
5 115 80
5 116 80
5 117 80
5 118 80
5 119 80
5 120 80
5 121 80
5 122 80
5 123 80
5 124 80
5 125 80
5 215 80
5 225 80
5 235 80
5 245 80
5 255 80
5 265 80
5 275 80
5 285 80
5 295 80
5 305 80
5 315 80
5 325 80
5 335 80
5 345 80
5 355 80
5 365 80
5 375 80
5 385 80
5 395 80
5 405 80
5 415 80
5 425 80
5 435 80
5 445 80
5 455 80
5 465 80
5 475 80
5 485 80
5 495 80
5 505 80
5 515 80
5 525 80
5 535 80
5 545 80
5 555 80
5 565 80
5 575 80
5 585 80
5 595 80
5 605 80
5 615 80
5 625 80
5 635 80
5 645 80
5 655 80
5 665 80
5 675 80
5 685 80
5 695 80
5 705 80
5 715 80
5 725 80
5 735 80
5 745 80
5 755 80
5 765 80
5 775 80
5 785 80
5 795 80
5 805 80
5 815 80
5 825 80
5 835 80
5 845 80
5 855 80
5 865 80
5 875 80
5 885 80
5 895 80
5 905 80
5 915 80
5 925 80
5 935 80
5 945 80
5 955 80
5 965 80
5 975 80
5 985 80
5 995 80
5 1005 80
6 126 80
6 127 80
6 128 80
6 129 80
6 130 80
6 131 80
6 132 80
6 133 80
6 134 80
6 135 80
6 136 80
6 137 80
6 138 80
6 139 80
6 140 80
6 141 80
6 142 80
6 143 80
6 144 80
6 145 80
6 146 80
6 216 80
6 226 80
6 236 80
6 246 80
6 256 80
6 266 80
6 276 80
6 286 80
6 296 80
6 306 80
6 316 80
6 326 80
6 336 80
6 346 80
6 356 80
6 366 80
6 376 80
6 386 80
6 396 80
6 406 80
6 416 80
6 426 80
6 436 80
6 446 80
6 456 80
6 466 80
6 476 80
6 486 80
6 496 80
6 506 80
6 516 80
6 526 80
6 536 80
6 546 80
6 556 80
6 566 80
6 576 80
6 586 80
6 596 80
6 606 80
6 616 80
6 626 80
6 636 80
6 646 80
6 656 80
6 666 80
6 676 80
6 686 80
6 696 80
6 706 80
6 716 80
6 726 80
6 736 80
6 746 80
6 756 80
6 766 80
6 776 80
6 786 80
6 796 80
6 806 80
6 816 80
6 826 80
6 836 80
6 846 80
6 856 80
6 866 80
6 876 80
6 886 80
6 896 80
6 906 80
6 916 80
6 926 80
6 936 80
6 946 80
6 956 80
6 966 80
6 976 80
6 986 80
6 996 80
6 1006 80
7 147 80
7 148 80
7 149 80
7 150 80
7 151 80
7 152 80
7 153 80
7 154 80
7 155 80
7 156 80
7 157 80
7 158 80
7 159 80
7 160 80
7 161 80
7 162 80
7 163 80
7 164 80
7 165 80
7 166 80
7 167 80
7 217 80
7 227 80
7 237 80
7 247 80
7 257 80
7 267 80
7 277 80
7 287 80
7 297 80
7 307 80
7 317 80
7 327 80
7 337 80
7 347 80
7 357 80
7 367 80
7 377 80
7 387 80
7 397 80
7 407 80
7 417 80
7 427 80
7 437 80
7 447 80
7 457 80
7 467 80
7 477 80
7 487 80
7 497 80
7 507 80
7 517 80
7 527 80
7 537 80
7 547 80
7 557 80
7 567 80
7 577 80
7 587 80
7 597 80
7 607 80
7 617 80
7 627 80
7 637 80
7 647 80
7 657 80
7 667 80
7 677 80
7 687 80
7 697 80
7 707 80
7 717 80
7 727 80
7 737 80
7 747 80
7 757 80
7 767 80
7 777 80
7 787 80
7 797 80
7 807 80
7 817 80
7 827 80
7 837 80
7 847 80
7 857 80
7 867 80
7 877 80
7 887 80
7 897 80
7 907 80
7 917 80
7 927 80
7 937 80
7 947 80
7 957 80
7 967 80
7 977 80
7 987 80
7 997 80
7 1007 80
8 168 80
8 169 80
8 170 80
8 171 80
8 172 80
8 173 80
8 174 80
8 175 80
8 176 80
8 177 80
8 178 80
8 179 80
8 180 80
8 181 80
8 182 80
8 183 80
8 184 80
8 185 80
8 186 80
8 187 80
8 188 80
8 218 80
8 228 80
8 238 80
8 248 80
8 258 80
8 268 80
8 278 80
8 288 80
8 298 80
8 308 80
8 318 80
8 328 80
8 338 80
8 348 80
8 358 80
8 368 80
8 378 80
8 388 80
8 398 80
8 408 80
8 418 80
8 428 80
8 438 80
8 448 80
8 458 80
8 468 80
8 478 80
8 488 80
8 498 80
8 508 80
8 518 80
8 528 80
8 538 80
8 548 80
8 558 80
8 568 80
8 578 80
8 588 80
8 598 80
8 608 80
8 618 80
8 628 80
8 638 80
8 648 80
8 658 80
8 668 80
8 678 80
8 688 80
8 698 80
8 708 80
8 718 80
8 728 80
8 738 80
8 748 80
8 758 80
8 768 80
8 778 80
8 788 80
8 798 80
8 808 80
8 818 80
8 828 80
8 838 80
8 848 80
8 858 80
8 868 80
8 878 80
8 888 80
8 898 80
8 908 80
8 918 80
8 928 80
8 938 80
8 948 80
8 958 80
8 968 80
8 978 80
8 988 80
8 998 80
8 1008 80
9 189 80
9 190 80
9 191 80
9 192 80
9 193 80
9 194 80
9 195 80
9 196 80
9 197 80
9 198 80
9 199 80
9 200 80
9 201 80
9 202 80
9 203 80
9 204 80
9 205 80
9 206 80
9 207 80
9 208 80
9 209 80
9 219 80
9 229 80
9 239 80
9 249 80
9 259 80
9 269 80
9 279 80
9 289 80
9 299 80
9 309 80
9 319 80
9 329 80
9 339 80
9 349 80
9 359 80
9 369 80
9 379 80
9 389 80
9 399 80
9 409 80
9 419 80
9 429 80
9 439 80
9 449 80
9 459 80
9 469 80
9 479 80
9 489 80
9 499 80
9 509 80
9 519 80
9 529 80
9 539 80
9 549 80
9 559 80
9 569 80
9 579 80
9 589 80
9 599 80
9 609 80
9 619 80
9 629 80
9 639 80
9 649 80
9 659 80
9 669 80
9 679 80
9 689 80
9 699 80
9 709 80
9 719 80
9 729 80
9 739 80
9 749 80
9 759 80
9 769 80
9 779 80
9 789 80
9 799 80
9 809 80
9 819 80
9 829 80
9 839 80
9 849 80
9 859 80
9 869 80
9 879 80
9 889 80
9 899 80
9 909 80
9 919 80
9 929 80
9 939 80
9 949 80
9 959 80
9 969 80
9 979 80
9 989 80
9 999 80
9 1009 80
