block round
0 80
1 80
2 80
3 80
4 80
5 80
6 80
7 80
8 80
9 80
10 80
11 80
12 80
13 80
14 80
15 80
16 80
17 80
18 80
19 80
20 80
210 80
220 80
230 80
240 80
250 80
260 80
270 80
280 80
290 80
300 80
310 80
320 80
330 80
340 80
350 80
360 80
370 80
380 80
390 80
400 80
410 80
420 80
430 80
440 80
450 80
460 80
470 80
480 80
490 80
500 80
510 80
520 80
530 80
540 80
550 80
560 80
570 80
580 80
590 80
600 80
610 80
620 80
630 80
640 80
650 80
660 80
670 80
680 80
690 80
700 80
710 80
720 80
730 80
740 80
750 80
760 80
770 80
780 80
790 80
800 80
810 80
820 80
830 80
840 80
850 80
860 80
870 80
880 80
890 80
900 80
910 80
920 80
930 80
940 80
950 80
960 80
970 80
980 80
990 80
1000 80
