block round
183 40
184 40
185 40
186 40
187 40
188 40
189 40
190 40
191 40
192 40
193 40
194 40
195 40
196 40
197 40
198 40
199 40
200 40
201 40
202 40
203 40
204 40
205 40
206 40
207 40
208 40
209 40
210 40
211 40
212 40
213 40
214 40
215 40
216 40
217 40
218 40
219 40
220 40
221 40
222 40
223 40
224 40
225 40
226 40
227 40
228 40
229 40
230 40
231 40
232 40
233 40
234 40
235 40
236 40
237 40
238 40
239 40
240 40
241 40
242 40
243 40
613 40
623 40
633 40
643 40
653 40
663 40
673 40
683 40
693 40
703 40
713 40
723 40
733 40
743 40
753 40
763 40
773 40
783 40
793 40
803 40
813 40
823 40
833 40
843 40
853 40
863 40
873 40
883 40
893 40
903 40
913 40
923 40
933 40
943 40
953 40
963 40
973 40
983 40
993 40
1003 40
