block round
0 40
1 40
2 40
3 40
4 40
5 40
6 40
7 40
8 40
9 40
10 40
11 40
12 40
13 40
14 40
15 40
16 40
17 40
18 40
19 40
20 40
21 40
22 40
23 40
24 40
25 40
26 40
27 40
28 40
29 40
30 40
31 40
32 40
33 40
34 40
35 40
36 40
37 40
38 40
39 40
40 40
41 40
42 40
43 40
44 40
45 40
46 40
47 40
48 40
49 40
50 40
51 40
52 40
53 40
54 40
55 40
56 40
57 40
58 40
59 40
60 40
610 40
620 40
630 40
640 40
650 40
660 40
670 40
680 40
690 40
700 40
710 40
720 40
730 40
740 40
750 40
760 40
770 40
780 40
790 40
800 40
810 40
820 40
830 40
840 40
850 40
860 40
870 40
880 40
890 40
900 40
910 40
920 40
930 40
940 40
950 40
960 40
970 40
980 40
990 40
1000 40
