block round
279 70
280 70
281 70
282 70
283 70
284 70
285 70
286 70
287 70
288 70
289 70
290 70
291 70
292 70
293 70
294 70
295 70
296 70
297 70
298 70
299 70
300 70
301 70
302 70
303 70
304 70
305 70
306 70
307 70
308 70
309 70
319 70
329 70
339 70
349 70
359 70
369 70
379 70
389 70
399 70
409 70
419 70
429 70
439 70
449 70
459 70
469 70
479 70
489 70
499 70
509 70
519 70
529 70
539 70
549 70
559 70
569 70
579 70
589 70
599 70
609 70
619 70
629 70
639 70
649 70
659 70
669 70
679 70
689 70
699 70
709 70
719 70
729 70
739 70
749 70
759 70
769 70
779 70
789 70
799 70
809 70
819 70
829 70
839 70
849 70
859 70
869 70
879 70
889 70
899 70
909 70
919 70
929 70
939 70
949 70
959 70
969 70
979 70
989 70
999 70
1009 70
