block round
405 20
406 20
407 20
408 20
409 20
410 20
411 20
412 20
413 20
414 20
415 20
416 20
417 20
418 20
419 20
420 20
421 20
422 20
423 20
424 20
425 20
426 20
427 20
428 20
429 20
430 20
431 20
432 20
433 20
434 20
435 20
436 20
437 20
438 20
439 20
440 20
441 20
442 20
443 20
444 20
445 20
446 20
447 20
448 20
449 20
450 20
451 20
452 20
453 20
454 20
455 20
456 20
457 20
458 20
459 20
460 20
461 20
462 20
463 20
464 20
465 20
466 20
467 20
468 20
469 20
470 20
471 20
472 20
473 20
474 20
475 20
476 20
477 20
478 20
479 20
480 20
481 20
482 20
483 20
484 20
485 20
815 20
825 20
835 20
845 20
855 20
865 20
875 20
885 20
895 20
905 20
915 20
925 20
935 20
945 20
955 20
965 20
975 20
985 20
995 20
1005 20
