block round
22 90
23 90
24 90
25 90
26 90
27 90
28 90
29 90
30 90
31 90
32 90
112 90
122 90
132 90
142 90
152 90
162 90
172 90
182 90
192 90
202 90
212 90
222 90
232 90
242 90
252 90
262 90
272 90
282 90
292 90
302 90
312 90
322 90
332 90
342 90
352 90
362 90
372 90
382 90
392 90
402 90
412 90
422 90
432 90
442 90
452 90
462 90
472 90
482 90
492 90
502 90
512 90
522 90
532 90
542 90
552 90
562 90
572 90
582 90
592 90
602 90
612 90
622 90
632 90
642 90
652 90
662 90
672 90
682 90
692 90
702 90
712 90
722 90
732 90
742 90
752 90
762 90
772 90
782 90
792 90
802 90
812 90
822 90
832 90
842 90
852 90
862 90
872 90
882 90
892 90
902 90
912 90
922 90
932 90
942 90
952 90
962 90
972 90
982 90
992 90
1002 90
