block round
168 80
169 80
170 80
171 80
172 80
173 80
174 80
175 80
176 80
177 80
178 80
179 80
180 80
181 80
182 80
183 80
184 80
185 80
186 80
187 80
188 80
218 80
228 80
238 80
248 80
258 80
268 80
278 80
288 80
298 80
308 80
318 80
328 80
338 80
348 80
358 80
368 80
378 80
388 80
398 80
408 80
418 80
428 80
438 80
448 80
458 80
468 80
478 80
488 80
498 80
508 80
518 80
528 80
538 80
548 80
558 80
568 80
578 80
588 80
598 80
608 80
618 80
628 80
638 80
648 80
658 80
668 80
678 80
688 80
698 80
708 80
718 80
728 80
738 80
748 80
758 80
768 80
778 80
788 80
798 80
808 80
818 80
828 80
838 80
848 80
858 80
868 80
878 80
888 80
898 80
908 80
918 80
928 80
938 80
948 80
958 80
968 80
978 80
988 80
998 80
1008 80
