block round
93 70
94 70
95 70
96 70
97 70
98 70
99 70
100 70
101 70
102 70
103 70
104 70
105 70
106 70
107 70
108 70
109 70
110 70
111 70
112 70
113 70
114 70
115 70
116 70
117 70
118 70
119 70
120 70
121 70
122 70
123 70
313 70
323 70
333 70
343 70
353 70
363 70
373 70
383 70
393 70
403 70
413 70
423 70
433 70
443 70
453 70
463 70
473 70
483 70
493 70
503 70
513 70
523 70
533 70
543 70
553 70
563 70
573 70
583 70
593 70
603 70
613 70
623 70
633 70
643 70
653 70
663 70
673 70
683 70
693 70
703 70
713 70
723 70
733 70
743 70
753 70
763 70
773 70
783 70
793 70
803 70
813 70
823 70
833 70
843 70
853 70
863 70
873 70
883 70
893 70
903 70
913 70
923 70
933 70
943 70
953 70
963 70
973 70
983 70
993 70
1003 70
