block round
164 60
165 60
166 60
167 60
168 60
169 60
170 60
171 60
172 60
173 60
174 60
175 60
176 60
177 60
178 60
179 60
180 60
181 60
182 60
183 60
184 60
185 60
186 60
187 60
188 60
189 60
190 60
191 60
192 60
193 60
194 60
195 60
196 60
197 60
198 60
199 60
200 60
201 60
202 60
203 60
204 60
414 60
424 60
434 60
444 60
454 60
464 60
474 60
484 60
494 60
504 60
514 60
524 60
534 60
544 60
554 60
564 60
574 60
584 60
594 60
604 60
614 60
624 60
634 60
644 60
654 60
664 60
674 60
684 60
694 60
704 60
714 60
724 60
734 60
744 60
754 60
764 60
774 60
784 60
794 60
804 60
814 60
824 60
834 60
844 60
854 60
864 60
874 60
884 60
894 60
904 60
914 60
924 60
934 60
944 60
954 60
964 60
974 60
984 60
994 60
1004 60
