block round
147 80
148 80
149 80
150 80
151 80
152 80
153 80
154 80
155 80
156 80
157 80
158 80
159 80
160 80
161 80
162 80
163 80
164 80
165 80
166 80
167 80
217 80
227 80
237 80
247 80
257 80
267 80
277 80
287 80
297 80
307 80
317 80
327 80
337 80
347 80
357 80
367 80
377 80
387 80
397 80
407 80
417 80
427 80
437 80
447 80
457 80
467 80
477 80
487 80
497 80
507 80
517 80
527 80
537 80
547 80
557 80
567 80
577 80
587 80
597 80
607 80
617 80
627 80
637 80
647 80
657 80
667 80
677 80
687 80
697 80
707 80
717 80
727 80
737 80
747 80
757 80
767 80
777 80
787 80
797 80
807 80
817 80
827 80
837 80
847 80
857 80
867 80
877 80
887 80
897 80
907 80
917 80
927 80
937 80
947 80
957 80
967 80
977 80
987 80
997 80
1007 80
