block round
61 40
62 40
63 40
64 40
65 40
66 40
67 40
68 40
69 40
70 40
71 40
72 40
73 40
74 40
75 40
76 40
77 40
78 40
79 40
80 40
81 40
82 40
83 40
84 40
85 40
86 40
87 40
88 40
89 40
90 40
91 40
92 40
93 40
94 40
95 40
96 40
97 40
98 40
99 40
100 40
101 40
102 40
103 40
104 40
105 40
106 40
107 40
108 40
109 40
110 40
111 40
112 40
113 40
114 40
115 40
116 40
117 40
118 40
119 40
120 40
121 40
611 40
621 40
631 40
641 40
651 40
661 40
671 40
681 40
691 40
701 40
711 40
721 40
731 40
741 40
751 40
761 40
771 40
781 40
791 40
801 40
811 40
821 40
831 40
841 40
851 40
861 40
871 40
881 40
891 40
901 40
911 40
921 40
931 40
941 40
951 40
961 40
971 40
981 40
991 40
1001 40
