block round
11 90
12 90
13 90
14 90
15 90
16 90
17 90
18 90
19 90
20 90
21 90
111 90
121 90
131 90
141 90
151 90
161 90
171 90
181 90
191 90
201 90
211 90
221 90
231 90
241 90
251 90
261 90
271 90
281 90
291 90
301 90
311 90
321 90
331 90
341 90
351 90
361 90
371 90
381 90
391 90
401 90
411 90
421 90
431 90
441 90
451 90
461 90
471 90
481 90
491 90
501 90
511 90
521 90
531 90
541 90
551 90
561 90
571 90
581 90
591 90
601 90
611 90
621 90
631 90
641 90
651 90
661 90
671 90
681 90
691 90
701 90
711 90
721 90
731 90
741 90
751 90
761 90
771 90
781 90
791 90
801 90
811 90
821 90
831 90
841 90
851 90
861 90
871 90
881 90
891 90
901 90
911 90
921 90
931 90
941 90
951 90
961 90
971 90
981 90
991 90
1001 90
