block round
189 80
190 80
191 80
192 80
193 80
194 80
195 80
196 80
197 80
198 80
199 80
200 80
201 80
202 80
203 80
204 80
205 80
206 80
207 80
208 80
209 80
219 80
229 80
239 80
249 80
259 80
269 80
279 80
289 80
299 80
309 80
319 80
329 80
339 80
349 80
359 80
369 80
379 80
389 80
399 80
409 80
419 80
429 80
439 80
449 80
459 80
469 80
479 80
489 80
499 80
509 80
519 80
529 80
539 80
549 80
559 80
569 80
579 80
589 80
599 80
609 80
619 80
629 80
639 80
649 80
659 80
669 80
679 80
689 80
699 80
709 80
719 80
729 80
739 80
749 80
759 80
769 80
779 80
789 80
799 80
809 80
819 80
829 80
839 80
849 80
859 80
869 80
879 80
889 80
899 80
909 80
919 80
929 80
939 80
949 80
959 80
969 80
979 80
989 80
999 80
1009 80
