block round
31 70
32 70
33 70
34 70
35 70
36 70
37 70
38 70
39 70
40 70
41 70
42 70
43 70
44 70
45 70
46 70
47 70
48 70
49 70
50 70
51 70
52 70
53 70
54 70
55 70
56 70
57 70
58 70
59 70
60 70
61 70
311 70
321 70
331 70
341 70
351 70
361 70
371 70
381 70
391 70
401 70
411 70
421 70
431 70
441 70
451 70
461 70
471 70
481 70
491 70
501 70
511 70
521 70
531 70
541 70
551 70
561 70
571 70
581 70
591 70
601 70
611 70
621 70
631 70
641 70
651 70
661 70
671 70
681 70
691 70
701 70
711 70
721 70
731 70
741 70
751 70
761 70
771 70
781 70
791 70
801 70
811 70
821 70
831 70
841 70
851 70
861 70
871 70
881 70
891 70
901 70
911 70
921 70
931 70
941 70
951 70
961 70
971 70
981 70
991 70
1001 70
