block round
66 90
67 90
68 90
69 90
70 90
71 90
72 90
73 90
74 90
75 90
76 90
116 90
126 90
136 90
146 90
156 90
166 90
176 90
186 90
196 90
206 90
216 90
226 90
236 90
246 90
256 90
266 90
276 90
286 90
296 90
306 90
316 90
326 90
336 90
346 90
356 90
366 90
376 90
386 90
396 90
406 90
416 90
426 90
436 90
446 90
456 90
466 90
476 90
486 90
496 90
506 90
516 90
526 90
536 90
546 90
556 90
566 90
576 90
586 90
596 90
606 90
616 90
626 90
636 90
646 90
656 90
666 90
676 90
686 90
696 90
706 90
716 90
726 90
736 90
746 90
756 90
766 90
776 90
786 90
796 90
806 90
816 90
826 90
836 90
846 90
856 90
866 90
876 90
886 90
896 90
906 90
916 90
926 90
936 90
946 90
956 90
966 90
976 90
986 90
996 90
1006 90
