block round
246 60
247 60
248 60
249 60
250 60
251 60
252 60
253 60
254 60
255 60
256 60
257 60
258 60
259 60
260 60
261 60
262 60
263 60
264 60
265 60
266 60
267 60
268 60
269 60
270 60
271 60
272 60
273 60
274 60
275 60
276 60
277 60
278 60
279 60
280 60
281 60
282 60
283 60
284 60
285 60
286 60
416 60
426 60
436 60
446 60
456 60
466 60
476 60
486 60
496 60
506 60
516 60
526 60
536 60
546 60
556 60
566 60
576 60
586 60
596 60
606 60
616 60
626 60
636 60
646 60
656 60
666 60
676 60
686 60
696 60
706 60
716 60
726 60
736 60
746 60
756 60
766 60
776 60
786 60
796 60
806 60
816 60
826 60
836 60
846 60
856 60
866 60
876 60
886 60
896 60
906 60
916 60
926 60
936 60
946 60
956 60
966 60
976 60
986 60
996 60
1006 60
