file block round
0 0 20
0 1 20
0 2 20
0 3 20
0 4 20
0 5 20
0 6 20
0 7 20
0 8 20
0 9 20
0 10 20
0 11 20
0 12 20
0 13 20
0 14 20
0 15 20
0 16 20
0 17 20
0 18 20
0 19 20
0 20 20
0 21 20
0 22 20
0 23 20
0 24 20
0 25 20
0 26 20
0 27 20
0 28 20
0 29 20
0 30 20
0 31 20
0 32 20
0 33 20
0 34 20
0 35 20
0 36 20
0 37 20
0 38 20
0 39 20
0 40 20
0 41 20
0 42 20
0 43 20
0 44 20
0 45 20
0 46 20
0 47 20
0 48 20
0 49 20
0 50 20
0 51 20
0 52 20
0 53 20
0 54 20
0 55 20
0 56 20
0 57 20
0 58 20
0 59 20
0 60 20
0 61 20
0 62 20
0 63 20
0 64 20
0 65 20
0 66 20
0 67 20
0 68 20
0 69 20
0 70 20
0 71 20
0 72 20
0 73 20
0 74 20
0 75 20
0 76 20
0 77 20
0 78 20
0 79 20
0 80 20
0 810 20
0 820 20
0 830 20
0 840 20
0 850 20
0 860 20
0 870 20
0 880 20
0 890 20
0 900 20
0 910 20
0 920 20
0 930 20
0 940 20
0 950 20
0 960 20
0 970 20
0 980 20
0 990 20
0 1000 20
1 81 20
1 82 20
1 83 20
1 84 20
1 85 20
1 86 20
1 87 20
1 88 20
1 89 20
1 90 20
1 91 20
1 92 20
1 93 20
1 94 20
1 95 20
1 96 20
1 97 20
1 98 20
1 99 20
1 100 20
1 101 20
1 102 20
1 103 20
1 104 20
1 105 20
1 106 20
1 107 20
1 108 20
1 109 20
1 110 20
1 111 20
1 112 20
1 113 20
1 114 20
1 115 20
1 116 20
1 117 20
1 118 20
1 119 20
1 120 20
1 121 20
1 122 20
1 123 20
1 124 20
1 125 20
1 126 20
1 127 20
1 128 20
1 129 20
1 130 20
1 131 20
1 132 20
1 133 20
1 134 20
1 135 20
1 136 20
1 137 20
1 138 20
1 139 20
1 140 20
1 141 20
1 142 20
1 143 20
1 144 20
1 145 20
1 146 20
1 147 20
1 148 20
1 149 20
1 150 20
1 151 20
1 152 20
1 153 20
1 154 20
1 155 20
1 156 20
1 157 20
1 158 20
1 159 20
1 160 20
1 161 20
1 811 20
1 821 20
1 831 20
1 841 20
1 851 20
1 861 20
1 871 20
1 881 20
1 891 20
1 901 20
1 911 20
1 921 20
1 931 20
1 941 20
1 951 20
1 961 20
1 971 20
1 981 20
1 991 20
1 1001 20
2 162 20
2 163 20
2 164 20
2 165 20
2 166 20
2 167 20
2 168 20
2 169 20
2 170 20
2 171 20
2 172 20
2 173 20
2 174 20
2 175 20
2 176 20
2 177 20
2 178 20
2 179 20
2 180 20
2 181 20
2 182 20
2 183 20
2 184 20
2 185 20
2 186 20
2 187 20
2 188 20
2 189 20
2 190 20
2 191 20
2 192 20
2 193 20
2 194 20
2 195 20
2 196 20
2 197 20
2 198 20
2 199 20
2 200 20
2 201 20
2 202 20
2 203 20
2 204 20
2 205 20
2 206 20
2 207 20
2 208 20
2 209 20
2 210 20
2 211 20
2 212 20
2 213 20
2 214 20
2 215 20
2 216 20
2 217 20
2 218 20
2 219 20
2 220 20
2 221 20
2 222 20
2 223 20
2 224 20
2 225 20
2 226 20
2 227 20
2 228 20
2 229 20
2 230 20
2 231 20
2 232 20
2 233 20
2 234 20
2 235 20
2 236 20
2 237 20
2 238 20
2 239 20
2 240 20
2 241 20
2 242 20
2 812 20
2 822 20
2 832 20
2 842 20
2 852 20
2 862 20
2 872 20
2 882 20
2 892 20
2 902 20
2 912 20
2 922 20
2 932 20
2 942 20
2 952 20
2 962 20
2 972 20
2 982 20
2 992 20
2 1002 20
3 243 20
3 244 20
3 245 20
3 246 20
3 247 20
3 248 20
3 249 20
3 250 20
3 251 20
3 252 20
3 253 20
3 254 20
3 255 20
3 256 20
3 257 20
3 258 20
3 259 20
3 260 20
3 261 20
3 262 20
3 263 20
3 264 20
3 265 20
3 266 20
3 267 20
3 268 20
3 269 20
3 270 20
3 271 20
3 272 20
3 273 20
3 274 20
3 275 20
3 276 20
3 277 20
3 278 20
3 279 20
3 280 20
3 281 20
3 282 20
3 283 20
3 284 20
3 285 20
3 286 20
3 287 20
3 288 20
3 289 20
3 290 20
3 291 20
3 292 20
3 293 20
3 294 20
3 295 20
3 296 20
3 297 20
3 298 20
3 299 20
3 300 20
3 301 20
3 302 20
3 303 20
3 304 20
3 305 20
3 306 20
3 307 20
3 308 20
3 309 20
3 310 20
3 311 20
3 312 20
3 313 20
3 314 20
3 315 20
3 316 20
3 317 20
3 318 20
3 319 20
3 320 20
3 321 20
3 322 20
3 323 20
3 813 20
3 823 20
3 833 20
3 843 20
3 853 20
3 863 20
3 873 20
3 883 20
3 893 20
3 903 20
3 913 20
3 923 20
3 933 20
3 943 20
3 953 20
3 963 20
3 973 20
3 983 20
3 993 20
3 1003 20
4 324 20
4 325 20
4 326 20
4 327 20
4 328 20
4 329 20
4 330 20
4 331 20
4 332 20
4 333 20
4 334 20
4 335 20
4 336 20
4 337 20
4 338 20
4 339 20
4 340 20
4 341 20
4 342 20
4 343 20
4 344 20
4 345 20
4 346 20
4 347 20
4 348 20
4 349 20
4 350 20
4 351 20
4 352 20
4 353 20
4 354 20
4 355 20
4 356 20
4 357 20
4 358 20
4 359 20
4 360 20
4 361 20
4 362 20
4 363 20
4 364 20
4 365 20
4 366 20
4 367 20
4 368 20
4 369 20
4 370 20
4 371 20
4 372 20
4 373 20
4 374 20
4 375 20
4 376 20
4 377 20
4 378 20
4 379 20
4 380 20
4 381 20
4 382 20
4 383 20
4 384 20
4 385 20
4 386 20
4 387 20
4 388 20
4 389 20
4 390 20
4 391 20
4 392 20
4 393 20
4 394 20
4 395 20
4 396 20
4 397 20
4 398 20
4 399 20
4 400 20
4 401 20
4 402 20
4 403 20
4 404 20
4 814 20
4 824 20
4 834 20
4 844 20
4 854 20
4 864 20
4 874 20
4 884 20
4 894 20
4 904 20
4 914 20
4 924 20
4 934 20
4 944 20
4 954 20
4 964 20
4 974 20
4 984 20
4 994 20
4 1004 20
5 405 20
5 406 20
5 407 20
5 408 20
5 409 20
5 410 20
5 411 20
5 412 20
5 413 20
5 414 20
5 415 20
5 416 20
5 417 20
5 418 20
5 419 20
5 420 20
5 421 20
5 422 20
5 423 20
5 424 20
5 425 20
5 426 20
5 427 20
5 428 20
5 429 20
5 430 20
5 431 20
5 432 20
5 433 20
5 434 20
5 435 20
5 436 20
5 437 20
5 438 20
5 439 20
5 440 20
5 441 20
5 442 20
5 443 20
5 444 20
5 445 20
5 446 20
5 447 20
5 448 20
5 449 20
5 450 20
5 451 20
5 452 20
5 453 20
5 454 20
5 455 20
5 456 20
5 457 20
5 458 20
5 459 20
5 460 20
5 461 20
5 462 20
5 463 20
5 464 20
5 465 20
5 466 20
5 467 20
5 468 20
5 469 20
5 470 20
5 471 20
5 472 20
5 473 20
5 474 20
5 475 20
5 476 20
5 477 20
5 478 20
5 479 20
5 480 20
5 481 20
5 482 20
5 483 20
5 484 20
5 485 20
5 815 20
5 825 20
5 835 20
5 845 20
5 855 20
5 865 20
5 875 20
5 885 20
5 895 20
5 905 20
5 915 20
5 925 20
5 935 20
5 945 20
5 955 20
5 965 20
5 975 20
5 985 20
5 995 20
5 1005 20
6 486 20
6 487 20
6 488 20
6 489 20
6 490 20
6 491 20
6 492 20
6 493 20
6 494 20
6 495 20
6 496 20
6 497 20
6 498 20
6 499 20
6 500 20
6 501 20
6 502 20
6 503 20
6 504 20
6 505 20
6 506 20
6 507 20
6 508 20
6 509 20
6 510 20
6 511 20
6 512 20
6 513 20
6 514 20
6 515 20
6 516 20
6 517 20
6 518 20
6 519 20
6 520 20
6 521 20
6 522 20
6 523 20
6 524 20
6 525 20
6 526 20
6 527 20
6 528 20
6 529 20
6 530 20
6 531 20
6 532 20
6 533 20
6 534 20
6 535 20
6 536 20
6 537 20
6 538 20
6 539 20
6 540 20
6 541 20
6 542 20
6 543 20
6 544 20
6 545 20
6 546 20
6 547 20
6 548 20
6 549 20
6 550 20
6 551 20
6 552 20
6 553 20
6 554 20
6 555 20
6 556 20
6 557 20
6 558 20
6 559 20
6 560 20
6 561 20
6 562 20
6 563 20
6 564 20
6 565 20
6 566 20
6 816 20
6 826 20
6 836 20
6 846 20
6 856 20
6 866 20
6 876 20
6 886 20
6 896 20
6 906 20
6 916 20
6 926 20
6 936 20
6 946 20
6 956 20
6 966 20
6 976 20
6 986 20
6 996 20
6 1006 20
7 567 20
7 568 20
7 569 20
7 570 20
7 571 20
7 572 20
7 573 20
7 574 20
7 575 20
7 576 20
7 577 20
7 578 20
7 579 20
7 580 20
7 581 20
7 582 20
7 583 20
7 584 20
7 585 20
7 586 20
7 587 20
7 588 20
7 589 20
7 590 20
7 591 20
7 592 20
7 593 20
7 594 20
7 595 20
7 596 20
7 597 20
7 598 20
7 599 20
7 600 20
7 601 20
7 602 20
7 603 20
7 604 20
7 605 20
7 606 20
7 607 20
7 608 20
7 609 20
7 610 20
7 611 20
7 612 20
7 613 20
7 614 20
7 615 20
7 616 20
7 617 20
7 618 20
7 619 20
7 620 20
7 621 20
7 622 20
7 623 20
7 624 20
7 625 20
7 626 20
7 627 20
7 628 20
7 629 20
7 630 20
7 631 20
7 632 20
7 633 20
7 634 20
7 635 20
7 636 20
7 637 20
7 638 20
7 639 20
7 640 20
7 641 20
7 642 20
7 643 20
7 644 20
7 645 20
7 646 20
7 647 20
7 817 20
7 827 20
7 837 20
7 847 20
7 857 20
7 867 20
7 877 20
7 887 20
7 897 20
7 907 20
7 917 20
7 927 20
7 937 20
7 947 20
7 957 20
7 967 20
7 977 20
7 987 20
7 997 20
7 1007 20
8 648 20
8 649 20
8 650 20
8 651 20
8 652 20
8 653 20
8 654 20
8 655 20
8 656 20
8 657 20
8 658 20
8 659 20
8 660 20
8 661 20
8 662 20
8 663 20
8 664 20
8 665 20
8 666 20
8 667 20
8 668 20
8 669 20
8 670 20
8 671 20
8 672 20
8 673 20
8 674 20
8 675 20
8 676 20
8 677 20
8 678 20
8 679 20
8 680 20
8 681 20
8 682 20
8 683 20
8 684 20
8 685 20
8 686 20
8 687 20
8 688 20
8 689 20
8 690 20
8 691 20
8 692 20
8 693 20
8 694 20
8 695 20
8 696 20
8 697 20
8 698 20
8 699 20
8 700 20
8 701 20
8 702 20
8 703 20
8 704 20
8 705 20
8 706 20
8 707 20
8 708 20
8 709 20
8 710 20
8 711 20
8 712 20
8 713 20
8 714 20
8 715 20
8 716 20
8 717 20
8 718 20
8 719 20
8 720 20
8 721 20
8 722 20
8 723 20
8 724 20
8 725 20
8 726 20
8 727 20
8 728 20
8 818 20
8 828 20
8 838 20
8 848 20
8 858 20
8 868 20
8 878 20
8 888 20
8 898 20
8 908 20
8 918 20
8 928 20
8 938 20
8 948 20
8 958 20
8 968 20
8 978 20
8 988 20
8 998 20
8 1008 20
9 729 20
9 730 20
9 731 20
9 732 20
9 733 20
9 734 20
9 735 20
9 736 20
9 737 20
9 738 20
9 739 20
9 740 20
9 741 20
9 742 20
9 743 20
9 744 20
9 745 20
9 746 20
9 747 20
9 748 20
9 749 20
9 750 20
9 751 20
9 752 20
9 753 20
9 754 20
9 755 20
9 756 20
9 757 20
9 758 20
9 759 20
9 760 20
9 761 20
9 762 20
9 763 20
9 764 20
9 765 20
9 766 20
9 767 20
9 768 20
9 769 20
9 770 20
9 771 20
9 772 20
9 773 20
9 774 20
9 775 20
9 776 20
9 777 20
9 778 20
9 779 20
9 780 20
9 781 20
9 782 20
9 783 20
9 784 20
9 785 20
9 786 20
9 787 20
9 788 20
9 789 20
9 790 20
9 791 20
9 792 20
9 793 20
9 794 20
9 795 20
9 796 20
9 797 20
9 798 20
9 799 20
9 800 20
9 801 20
9 802 20
9 803 20
9 804 20
9 805 20
9 806 20
9 807 20
9 808 20
9 809 20
9 819 20
9 829 20
9 839 20
9 849 20
9 859 20
9 869 20
9 879 20
9 889 20
9 899 20
9 909 20
9 919 20
9 929 20
9 939 20
9 949 20
9 959 20
9 969 20
9 979 20
9 989 20
9 999 20
9 1009 20
