block round
71 30
72 30
73 30
74 30
75 30
76 30
77 30
78 30
79 30
80 30
81 30
82 30
83 30
84 30
85 30
86 30
87 30
88 30
89 30
90 30
91 30
92 30
93 30
94 30
95 30
96 30
97 30
98 30
99 30
100 30
101 30
102 30
103 30
104 30
105 30
106 30
107 30
108 30
109 30
110 30
111 30
112 30
113 30
114 30
115 30
116 30
117 30
118 30
119 30
120 30
121 30
122 30
123 30
124 30
125 30
126 30
127 30
128 30
129 30
130 30
131 30
132 30
133 30
134 30
135 30
136 30
137 30
138 30
139 30
140 30
141 30
711 30
721 30
731 30
741 30
751 30
761 30
771 30
781 30
791 30
801 30
811 30
821 30
831 30
841 30
851 30
861 30
871 30
881 30
891 30
901 30
911 30
921 30
931 30
941 30
951 30
961 30
971 30
981 30
991 30
1001 30
