block round
1 100
11 100
21 100
31 100
41 100
51 100
61 100
71 100
81 100
91 100
101 100
111 100
121 100
131 100
141 100
151 100
161 100
171 100
181 100
191 100
201 100
211 100
221 100
231 100
241 100
251 100
261 100
271 100
281 100
291 100
301 100
311 100
321 100
331 100
341 100
351 100
361 100
371 100
381 100
391 100
401 100
411 100
421 100
431 100
441 100
451 100
461 100
471 100
481 100
491 100
501 100
511 100
521 100
531 100
541 100
551 100
561 100
571 100
581 100
591 100
601 100
611 100
621 100
631 100
641 100
651 100
661 100
671 100
681 100
691 100
701 100
711 100
721 100
731 100
741 100
751 100
761 100
771 100
781 100
791 100
801 100
811 100
821 100
831 100
841 100
851 100
861 100
871 100
881 100
891 100
901 100
911 100
921 100
931 100
941 100
951 100
961 100
971 100
981 100
991 100
1001 100
