block round
124 70
125 70
126 70
127 70
128 70
129 70
130 70
131 70
132 70
133 70
134 70
135 70
136 70
137 70
138 70
139 70
140 70
141 70
142 70
143 70
144 70
145 70
146 70
147 70
148 70
149 70
150 70
151 70
152 70
153 70
154 70
314 70
324 70
334 70
344 70
354 70
364 70
374 70
384 70
394 70
404 70
414 70
424 70
434 70
444 70
454 70
464 70
474 70
484 70
494 70
504 70
514 70
524 70
534 70
544 70
554 70
564 70
574 70
584 70
594 70
604 70
614 70
624 70
634 70
644 70
654 70
664 70
674 70
684 70
694 70
704 70
714 70
724 70
734 70
744 70
754 70
764 70
774 70
784 70
794 70
804 70
814 70
824 70
834 70
844 70
854 70
864 70
874 70
884 70
894 70
904 70
914 70
924 70
934 70
944 70
954 70
964 70
974 70
984 70
994 70
1004 70
