block round
357 50
358 50
359 50
360 50
361 50
362 50
363 50
364 50
365 50
366 50
367 50
368 50
369 50
370 50
371 50
372 50
373 50
374 50
375 50
376 50
377 50
378 50
379 50
380 50
381 50
382 50
383 50
384 50
385 50
386 50
387 50
388 50
389 50
390 50
391 50
392 50
393 50
394 50
395 50
396 50
397 50
398 50
399 50
400 50
401 50
402 50
403 50
404 50
405 50
406 50
407 50
517 50
527 50
537 50
547 50
557 50
567 50
577 50
587 50
597 50
607 50
617 50
627 50
637 50
647 50
657 50
667 50
677 50
687 50
697 50
707 50
717 50
727 50
737 50
747 50
757 50
767 50
777 50
787 50
797 50
807 50
817 50
827 50
837 50
847 50
857 50
867 50
877 50
887 50
897 50
907 50
917 50
927 50
937 50
947 50
957 50
967 50
977 50
987 50
997 50
1007 50
