block round
84 80
85 80
86 80
87 80
88 80
89 80
90 80
91 80
92 80
93 80
94 80
95 80
96 80
97 80
98 80
99 80
100 80
101 80
102 80
103 80
104 80
214 80
224 80
234 80
244 80
254 80
264 80
274 80
284 80
294 80
304 80
314 80
324 80
334 80
344 80
354 80
364 80
374 80
384 80
394 80
404 80
414 80
424 80
434 80
444 80
454 80
464 80
474 80
484 80
494 80
504 80
514 80
524 80
534 80
544 80
554 80
564 80
574 80
584 80
594 80
604 80
614 80
624 80
634 80
644 80
654 80
664 80
674 80
684 80
694 80
704 80
714 80
724 80
734 80
744 80
754 80
764 80
774 80
784 80
794 80
804 80
814 80
824 80
834 80
844 80
854 80
864 80
874 80
884 80
894 80
904 80
914 80
924 80
934 80
944 80
954 80
964 80
974 80
984 80
994 80
1004 80
