block round
217 70
218 70
219 70
220 70
221 70
222 70
223 70
224 70
225 70
226 70
227 70
228 70
229 70
230 70
231 70
232 70
233 70
234 70
235 70
236 70
237 70
238 70
239 70
240 70
241 70
242 70
243 70
244 70
245 70
246 70
247 70
317 70
327 70
337 70
347 70
357 70
367 70
377 70
387 70
397 70
407 70
417 70
427 70
437 70
447 70
457 70
467 70
477 70
487 70
497 70
507 70
517 70
527 70
537 70
547 70
557 70
567 70
577 70
587 70
597 70
607 70
617 70
627 70
637 70
647 70
657 70
667 70
677 70
687 70
697 70
707 70
717 70
727 70
737 70
747 70
757 70
767 70
777 70
787 70
797 70
807 70
817 70
827 70
837 70
847 70
857 70
867 70
877 70
887 70
897 70
907 70
917 70
927 70
937 70
947 70
957 70
967 70
977 70
987 70
997 70
1007 70
