block round
0 90
1 90
2 90
3 90
4 90
5 90
6 90
7 90
8 90
9 90
10 90
110 90
120 90
130 90
140 90
150 90
160 90
170 90
180 90
190 90
200 90
210 90
220 90
230 90
240 90
250 90
260 90
270 90
280 90
290 90
300 90
310 90
320 90
330 90
340 90
350 90
360 90
370 90
380 90
390 90
400 90
410 90
420 90
430 90
440 90
450 90
460 90
470 90
480 90
490 90
500 90
510 90
520 90
530 90
540 90
550 90
560 90
570 90
580 90
590 90
600 90
610 90
620 90
630 90
640 90
650 90
660 90
670 90
680 90
690 90
700 90
710 90
720 90
730 90
740 90
750 90
760 90
770 90
780 90
790 90
800 90
810 90
820 90
830 90
840 90
850 90
860 90
870 90
880 90
890 90
900 90
910 90
920 90
930 90
940 90
950 90
960 90
970 90
980 90
990 90
1000 90
