block round
305 40
306 40
307 40
308 40
309 40
310 40
311 40
312 40
313 40
314 40
315 40
316 40
317 40
318 40
319 40
320 40
321 40
322 40
323 40
324 40
325 40
326 40
327 40
328 40
329 40
330 40
331 40
332 40
333 40
334 40
335 40
336 40
337 40
338 40
339 40
340 40
341 40
342 40
343 40
344 40
345 40
346 40
347 40
348 40
349 40
350 40
351 40
352 40
353 40
354 40
355 40
356 40
357 40
358 40
359 40
360 40
361 40
362 40
363 40
364 40
365 40
615 40
625 40
635 40
645 40
655 40
665 40
675 40
685 40
695 40
705 40
715 40
725 40
735 40
745 40
755 40
765 40
775 40
785 40
795 40
805 40
815 40
825 40
835 40
845 40
855 40
865 40
875 40
885 40
895 40
905 40
915 40
925 40
935 40
945 40
955 40
965 40
975 40
985 40
995 40
1005 40
