file block round
0 0 100
0 10 100
0 20 100
0 30 100
0 40 100
0 50 100
0 60 100
0 70 100
0 80 100
0 90 100
0 100 100
0 110 100
0 120 100
0 130 100
0 140 100
0 150 100
0 160 100
0 170 100
0 180 100
0 190 100
0 200 100
0 210 100
0 220 100
0 230 100
0 240 100
0 250 100
0 260 100
0 270 100
0 280 100
0 290 100
0 300 100
0 310 100
0 320 100
0 330 100
0 340 100
0 350 100
0 360 100
0 370 100
0 380 100
0 390 100
0 400 100
0 410 100
0 420 100
0 430 100
0 440 100
0 450 100
0 460 100
0 470 100
0 480 100
0 490 100
0 500 100
0 510 100
0 520 100
0 530 100
0 540 100
0 550 100
0 560 100
0 570 100
0 580 100
0 590 100
0 600 100
0 610 100
0 620 100
0 630 100
0 640 100
0 650 100
0 660 100
0 670 100
0 680 100
0 690 100
0 700 100
0 710 100
0 720 100
0 730 100
0 740 100
0 750 100
0 760 100
0 770 100
0 780 100
0 790 100
0 800 100
0 810 100
0 820 100
0 830 100
0 840 100
0 850 100
0 860 100
0 870 100
0 880 100
0 890 100
0 900 100
0 910 100
0 920 100
0 930 100
0 940 100
0 950 100
0 960 100
0 970 100
0 980 100
0 990 100
0 1000 100
1 1 100
1 11 100
1 21 100
1 31 100
1 41 100
1 51 100
1 61 100
1 71 100
1 81 100
1 91 100
1 101 100
1 111 100
1 121 100
1 131 100
1 141 100
1 151 100
1 161 100
1 171 100
1 181 100
1 191 100
1 201 100
1 211 100
1 221 100
1 231 100
1 241 100
1 251 100
1 261 100
1 271 100
1 281 100
1 291 100
1 301 100
1 311 100
1 321 100
1 331 100
1 341 100
1 351 100
1 361 100
1 371 100
1 381 100
1 391 100
1 401 100
1 411 100
1 421 100
1 431 100
1 441 100
1 451 100
1 461 100
1 471 100
1 481 100
1 491 100
1 501 100
1 511 100
1 521 100
1 531 100
1 541 100
1 551 100
1 561 100
1 571 100
1 581 100
1 591 100
1 601 100
1 611 100
1 621 100
1 631 100
1 641 100
1 651 100
1 661 100
1 671 100
1 681 100
1 691 100
1 701 100
1 711 100
1 721 100
1 731 100
1 741 100
1 751 100
1 761 100
1 771 100
1 781 100
1 791 100
1 801 100
1 811 100
1 821 100
1 831 100
1 841 100
1 851 100
1 861 100
1 871 100
1 881 100
1 891 100
1 901 100
1 911 100
1 921 100
1 931 100
1 941 100
1 951 100
1 961 100
1 971 100
1 981 100
1 991 100
1 1001 100
2 2 100
2 12 100
2 22 100
2 32 100
2 42 100
2 52 100
2 62 100
2 72 100
2 82 100
2 92 100
2 102 100
2 112 100
2 122 100
2 132 100
2 142 100
2 152 100
2 162 100
2 172 100
2 182 100
2 192 100
2 202 100
2 212 100
2 222 100
2 232 100
2 242 100
2 252 100
2 262 100
2 272 100
2 282 100
2 292 100
2 302 100
2 312 100
2 322 100
2 332 100
2 342 100
2 352 100
2 362 100
2 372 100
2 382 100
2 392 100
2 402 100
2 412 100
2 422 100
2 432 100
2 442 100
2 452 100
2 462 100
2 472 100
2 482 100
2 492 100
2 502 100
2 512 100
2 522 100
2 532 100
2 542 100
2 552 100
2 562 100
2 572 100
2 582 100
2 592 100
2 602 100
2 612 100
2 622 100
2 632 100
2 642 100
2 652 100
2 662 100
2 672 100
2 682 100
2 692 100
2 702 100
2 712 100
2 722 100
2 732 100
2 742 100
2 752 100
2 762 100
2 772 100
2 782 100
2 792 100
2 802 100
2 812 100
2 822 100
2 832 100
2 842 100
2 852 100
2 862 100
2 872 100
2 882 100
2 892 100
2 902 100
2 912 100
2 922 100
2 932 100
2 942 100
2 952 100
2 962 100
2 972 100
2 982 100
2 992 100
2 1002 100
3 3 100
3 13 100
3 23 100
3 33 100
3 43 100
3 53 100
3 63 100
3 73 100
3 83 100
3 93 100
3 103 100
3 113 100
3 123 100
3 133 100
3 143 100
3 153 100
3 163 100
3 173 100
3 183 100
3 193 100
3 203 100
3 213 100
3 223 100
3 233 100
3 243 100
3 253 100
3 263 100
3 273 100
3 283 100
3 293 100
3 303 100
3 313 100
3 323 100
3 333 100
3 343 100
3 353 100
3 363 100
3 373 100
3 383 100
3 393 100
3 403 100
3 413 100
3 423 100
3 433 100
3 443 100
3 453 100
3 463 100
3 473 100
3 483 100
3 493 100
3 503 100
3 513 100
3 523 100
3 533 100
3 543 100
3 553 100
3 563 100
3 573 100
3 583 100
3 593 100
3 603 100
3 613 100
3 623 100
3 633 100
3 643 100
3 653 100
3 663 100
3 673 100
3 683 100
3 693 100
3 703 100
3 713 100
3 723 100
3 733 100
3 743 100
3 753 100
3 763 100
3 773 100
3 783 100
3 793 100
3 803 100
3 813 100
3 823 100
3 833 100
3 843 100
3 853 100
3 863 100
3 873 100
3 883 100
3 893 100
3 903 100
3 913 100
3 923 100
3 933 100
3 943 100
3 953 100
3 963 100
3 973 100
3 983 100
3 993 100
3 1003 100
4 4 100
4 14 100
4 24 100
4 34 100
4 44 100
4 54 100
4 64 100
4 74 100
4 84 100
4 94 100
4 104 100
4 114 100
4 124 100
4 134 100
4 144 100
4 154 100
4 164 100
4 174 100
4 184 100
4 194 100
4 204 100
4 214 100
4 224 100
4 234 100
4 244 100
4 254 100
4 264 100
4 274 100
4 284 100
4 294 100
4 304 100
4 314 100
4 324 100
4 334 100
4 344 100
4 354 100
4 364 100
4 374 100
4 384 100
4 394 100
4 404 100
4 414 100
4 424 100
4 434 100
4 444 100
4 454 100
4 464 100
4 474 100
4 484 100
4 494 100
4 504 100
4 514 100
4 524 100
4 534 100
4 544 100
4 554 100
4 564 100
4 574 100
4 584 100
4 594 100
4 604 100
4 614 100
4 624 100
4 634 100
4 644 100
4 654 100
4 664 100
4 674 100
4 684 100
4 694 100
4 704 100
4 714 100
4 724 100
4 734 100
4 744 100
4 754 100
4 764 100
4 774 100
4 784 100
4 794 100
4 804 100
4 814 100
4 824 100
4 834 100
4 844 100
4 854 100
4 864 100
4 874 100
4 884 100
4 894 100
4 904 100
4 914 100
4 924 100
4 934 100
4 944 100
4 954 100
4 964 100
4 974 100
4 984 100
4 994 100
4 1004 100
5 5 100
5 15 100
5 25 100
5 35 100
5 45 100
5 55 100
5 65 100
5 75 100
5 85 100
5 95 100
5 105 100
5 115 100
5 125 100
5 135 100
5 145 100
5 155 100
5 165 100
5 175 100
5 185 100
5 195 100
5 205 100
5 215 100
5 225 100
5 235 100
5 245 100
5 255 100
5 265 100
5 275 100
5 285 100
5 295 100
5 305 100
5 315 100
5 325 100
5 335 100
5 345 100
5 355 100
5 365 100
5 375 100
5 385 100
5 395 100
5 405 100
5 415 100
5 425 100
5 435 100
5 445 100
5 455 100
5 465 100
5 475 100
5 485 100
5 495 100
5 505 100
5 515 100
5 525 100
5 535 100
5 545 100
5 555 100
5 565 100
5 575 100
5 585 100
5 595 100
5 605 100
5 615 100
5 625 100
5 635 100
5 645 100
5 655 100
5 665 100
5 675 100
5 685 100
5 695 100
5 705 100
5 715 100
5 725 100
5 735 100
5 745 100
5 755 100
5 765 100
5 775 100
5 785 100
5 795 100
5 805 100
5 815 100
5 825 100
5 835 100
5 845 100
5 855 100
5 865 100
5 875 100
5 885 100
5 895 100
5 905 100
5 915 100
5 925 100
5 935 100
5 945 100
5 955 100
5 965 100
5 975 100
5 985 100
5 995 100
5 1005 100
6 6 100
6 16 100
6 26 100
6 36 100
6 46 100
6 56 100
6 66 100
6 76 100
6 86 100
6 96 100
6 106 100
6 116 100
6 126 100
6 136 100
6 146 100
6 156 100
6 166 100
6 176 100
6 186 100
6 196 100
6 206 100
6 216 100
6 226 100
6 236 100
6 246 100
6 256 100
6 266 100
6 276 100
6 286 100
6 296 100
6 306 100
6 316 100
6 326 100
6 336 100
6 346 100
6 356 100
6 366 100
6 376 100
6 386 100
6 396 100
6 406 100
6 416 100
6 426 100
6 436 100
6 446 100
6 456 100
6 466 100
6 476 100
6 486 100
6 496 100
6 506 100
6 516 100
6 526 100
6 536 100
6 546 100
6 556 100
6 566 100
6 576 100
6 586 100
6 596 100
6 606 100
6 616 100
6 626 100
6 636 100
6 646 100
6 656 100
6 666 100
6 676 100
6 686 100
6 696 100
6 706 100
6 716 100
6 726 100
6 736 100
6 746 100
6 756 100
6 766 100
6 776 100
6 786 100
6 796 100
6 806 100
6 816 100
6 826 100
6 836 100
6 846 100
6 856 100
6 866 100
6 876 100
6 886 100
6 896 100
6 906 100
6 916 100
6 926 100
6 936 100
6 946 100
6 956 100
6 966 100
6 976 100
6 986 100
6 996 100
6 1006 100
7 7 100
7 17 100
7 27 100
7 37 100
7 47 100
7 57 100
7 67 100
7 77 100
7 87 100
7 97 100
7 107 100
7 117 100
7 127 100
7 137 100
7 147 100
7 157 100
7 167 100
7 177 100
7 187 100
7 197 100
7 207 100
7 217 100
7 227 100
7 237 100
7 247 100
7 257 100
7 267 100
7 277 100
7 287 100
7 297 100
7 307 100
7 317 100
7 327 100
7 337 100
7 347 100
7 357 100
7 367 100
7 377 100
7 387 100
7 397 100
7 407 100
7 417 100
7 427 100
7 437 100
7 447 100
7 457 100
7 467 100
7 477 100
7 487 100
7 497 100
7 507 100
7 517 100
7 527 100
7 537 100
7 547 100
7 557 100
7 567 100
7 577 100
7 587 100
7 597 100
7 607 100
7 617 100
7 627 100
7 637 100
7 647 100
7 657 100
7 667 100
7 677 100
7 687 100
7 697 100
7 707 100
7 717 100
7 727 100
7 737 100
7 747 100
7 757 100
7 767 100
7 777 100
7 787 100
7 797 100
7 807 100
7 817 100
7 827 100
7 837 100
7 847 100
7 857 100
7 867 100
7 877 100
7 887 100
7 897 100
7 907 100
7 917 100
7 927 100
7 937 100
7 947 100
7 957 100
7 967 100
7 977 100
7 987 100
7 997 100
7 1007 100
8 8 100
8 18 100
8 28 100
8 38 100
8 48 100
8 58 100
8 68 100
8 78 100
8 88 100
8 98 100
8 108 100
8 118 100
8 128 100
8 138 100
8 148 100
8 158 100
8 168 100
8 178 100
8 188 100
8 198 100
8 208 100
8 218 100
8 228 100
8 238 100
8 248 100
8 258 100
8 268 100
8 278 100
8 288 100
8 298 100
8 308 100
8 318 100
8 328 100
8 338 100
8 348 100
8 358 100
8 368 100
8 378 100
8 388 100
8 398 100
8 408 100
8 418 100
8 428 100
8 438 100
8 448 100
8 458 100
8 468 100
8 478 100
8 488 100
8 498 100
8 508 100
8 518 100
8 528 100
8 538 100
8 548 100
8 558 100
8 568 100
8 578 100
8 588 100
8 598 100
8 608 100
8 618 100
8 628 100
8 638 100
8 648 100
8 658 100
8 668 100
8 678 100
8 688 100
8 698 100
8 708 100
8 718 100
8 728 100
8 738 100
8 748 100
8 758 100
8 768 100
8 778 100
8 788 100
8 798 100
8 808 100
8 818 100
8 828 100
8 838 100
8 848 100
8 858 100
8 868 100
8 878 100
8 888 100
8 898 100
8 908 100
8 918 100
8 928 100
8 938 100
8 948 100
8 958 100
8 968 100
8 978 100
8 988 100
8 998 100
8 1008 100
9 9 100
9 19 100
9 29 100
9 39 100
9 49 100
9 59 100
9 69 100
9 79 100
9 89 100
9 99 100
9 109 100
9 119 100
9 129 100
9 139 100
9 149 100
9 159 100
9 169 100
9 179 100
9 189 100
9 199 100
9 209 100
9 219 100
9 229 100
9 239 100
9 249 100
9 259 100
9 269 100
9 279 100
9 289 100
9 299 100
9 309 100
9 319 100
9 329 100
9 339 100
9 349 100
9 359 100
9 369 100
9 379 100
9 389 100
9 399 100
9 409 100
9 419 100
9 429 100
9 439 100
9 449 100
9 459 100
9 469 100
9 479 100
9 489 100
9 499 100
9 509 100
9 519 100
9 529 100
9 539 100
9 549 100
9 559 100
9 569 100
9 579 100
9 589 100
9 599 100
9 609 100
9 619 100
9 629 100
9 639 100
9 649 100
9 659 100
9 669 100
9 679 100
9 689 100
9 699 100
9 709 100
9 719 100
9 729 100
9 739 100
9 749 100
9 759 100
9 769 100
9 779 100
9 789 100
9 799 100
9 809 100
9 819 100
9 829 100
9 839 100
9 849 100
9 859 100
9 869 100
9 879 100
9 889 100
9 899 100
9 909 100
9 919 100
9 929 100
9 939 100
9 949 100
9 959 100
9 969 100
9 979 100
9 989 100
9 999 100
9 1009 100
