block round
459 50
460 50
461 50
462 50
463 50
464 50
465 50
466 50
467 50
468 50
469 50
470 50
471 50
472 50
473 50
474 50
475 50
476 50
477 50
478 50
479 50
480 50
481 50
482 50
483 50
484 50
485 50
486 50
487 50
488 50
489 50
490 50
491 50
492 50
493 50
494 50
495 50
496 50
497 50
498 50
499 50
500 50
501 50
502 50
503 50
504 50
505 50
506 50
507 50
508 50
509 50
519 50
529 50
539 50
549 50
559 50
569 50
579 50
589 50
599 50
609 50
619 50
629 50
639 50
649 50
659 50
669 50
679 50
689 50
699 50
709 50
719 50
729 50
739 50
749 50
759 50
769 50
779 50
789 50
799 50
809 50
819 50
829 50
839 50
849 50
859 50
869 50
879 50
889 50
899 50
909 50
919 50
929 50
939 50
949 50
959 50
969 50
979 50
989 50
999 50
1009 50
