block round
0 70
1 70
2 70
3 70
4 70
5 70
6 70
7 70
8 70
9 70
10 70
11 70
12 70
13 70
14 70
15 70
16 70
17 70
18 70
19 70
20 70
21 70
22 70
23 70
24 70
25 70
26 70
27 70
28 70
29 70
30 70
310 70
320 70
330 70
340 70
350 70
360 70
370 70
380 70
390 70
400 70
410 70
420 70
430 70
440 70
450 70
460 70
470 70
480 70
490 70
500 70
510 70
520 70
530 70
540 70
550 70
560 70
570 70
580 70
590 70
600 70
610 70
620 70
630 70
640 70
650 70
660 70
670 70
680 70
690 70
700 70
710 70
720 70
730 70
740 70
750 70
760 70
770 70
780 70
790 70
800 70
810 70
820 70
830 70
840 70
850 70
860 70
870 70
880 70
890 70
900 70
910 70
920 70
930 70
940 70
950 70
960 70
970 70
980 70
990 70
1000 70
