block round
105 80
106 80
107 80
108 80
109 80
110 80
111 80
112 80
113 80
114 80
115 80
116 80
117 80
118 80
119 80
120 80
121 80
122 80
123 80
124 80
125 80
215 80
225 80
235 80
245 80
255 80
265 80
275 80
285 80
295 80
305 80
315 80
325 80
335 80
345 80
355 80
365 80
375 80
385 80
395 80
405 80
415 80
425 80
435 80
445 80
455 80
465 80
475 80
485 80
495 80
505 80
515 80
525 80
535 80
545 80
555 80
565 80
575 80
585 80
595 80
605 80
615 80
625 80
635 80
645 80
655 80
665 80
675 80
685 80
695 80
705 80
715 80
725 80
735 80
745 80
755 80
765 80
775 80
785 80
795 80
805 80
815 80
825 80
835 80
845 80
855 80
865 80
875 80
885 80
895 80
905 80
915 80
925 80
935 80
945 80
955 80
965 80
975 80
985 80
995 80
1005 80
