block round
21 80
22 80
23 80
24 80
25 80
26 80
27 80
28 80
29 80
30 80
31 80
32 80
33 80
34 80
35 80
36 80
37 80
38 80
39 80
40 80
41 80
211 80
221 80
231 80
241 80
251 80
261 80
271 80
281 80
291 80
301 80
311 80
321 80
331 80
341 80
351 80
361 80
371 80
381 80
391 80
401 80
411 80
421 80
431 80
441 80
451 80
461 80
471 80
481 80
491 80
501 80
511 80
521 80
531 80
541 80
551 80
561 80
571 80
581 80
591 80
601 80
611 80
621 80
631 80
641 80
651 80
661 80
671 80
681 80
691 80
701 80
711 80
721 80
731 80
741 80
751 80
761 80
771 80
781 80
791 80
801 80
811 80
821 80
831 80
841 80
851 80
861 80
871 80
881 80
891 80
901 80
911 80
921 80
931 80
941 80
951 80
961 80
971 80
981 80
991 80
1001 80
