file block round
0 0 90
0 1 90
0 2 90
0 3 90
0 4 90
0 5 90
0 6 90
0 7 90
0 8 90
0 9 90
0 10 90
0 110 90
0 120 90
0 130 90
0 140 90
0 150 90
0 160 90
0 170 90
0 180 90
0 190 90
0 200 90
0 210 90
0 220 90
0 230 90
0 240 90
0 250 90
0 260 90
0 270 90
0 280 90
0 290 90
0 300 90
0 310 90
0 320 90
0 330 90
0 340 90
0 350 90
0 360 90
0 370 90
0 380 90
0 390 90
0 400 90
0 410 90
0 420 90
0 430 90
0 440 90
0 450 90
0 460 90
0 470 90
0 480 90
0 490 90
0 500 90
0 510 90
0 520 90
0 530 90
0 540 90
0 550 90
0 560 90
0 570 90
0 580 90
0 590 90
0 600 90
0 610 90
0 620 90
0 630 90
0 640 90
0 650 90
0 660 90
0 670 90
0 680 90
0 690 90
0 700 90
0 710 90
0 720 90
0 730 90
0 740 90
0 750 90
0 760 90
0 770 90
0 780 90
0 790 90
0 800 90
0 810 90
0 820 90
0 830 90
0 840 90
0 850 90
0 860 90
0 870 90
0 880 90
0 890 90
0 900 90
0 910 90
0 920 90
0 930 90
0 940 90
0 950 90
0 960 90
0 970 90
0 980 90
0 990 90
0 1000 90
1 11 90
1 12 90
1 13 90
1 14 90
1 15 90
1 16 90
1 17 90
1 18 90
1 19 90
1 20 90
1 21 90
1 111 90
1 121 90
1 131 90
1 141 90
1 151 90
1 161 90
1 171 90
1 181 90
1 191 90
1 201 90
1 211 90
1 221 90
1 231 90
1 241 90
1 251 90
1 261 90
1 271 90
1 281 90
1 291 90
1 301 90
1 311 90
1 321 90
1 331 90
1 341 90
1 351 90
1 361 90
1 371 90
1 381 90
1 391 90
1 401 90
1 411 90
1 421 90
1 431 90
1 441 90
1 451 90
1 461 90
1 471 90
1 481 90
1 491 90
1 501 90
1 511 90
1 521 90
1 531 90
1 541 90
1 551 90
1 561 90
1 571 90
1 581 90
1 591 90
1 601 90
1 611 90
1 621 90
1 631 90
1 641 90
1 651 90
1 661 90
1 671 90
1 681 90
1 691 90
1 701 90
1 711 90
1 721 90
1 731 90
1 741 90
1 751 90
1 761 90
1 771 90
1 781 90
1 791 90
1 801 90
1 811 90
1 821 90
1 831 90
1 841 90
1 851 90
1 861 90
1 871 90
1 881 90
1 891 90
1 901 90
1 911 90
1 921 90
1 931 90
1 941 90
1 951 90
1 961 90
1 971 90
1 981 90
1 991 90
1 1001 90
2 22 90
2 23 90
2 24 90
2 25 90
2 26 90
2 27 90
2 28 90
2 29 90
2 30 90
2 31 90
2 32 90
2 112 90
2 122 90
2 132 90
2 142 90
2 152 90
2 162 90
2 172 90
2 182 90
2 192 90
2 202 90
2 212 90
2 222 90
2 232 90
2 242 90
2 252 90
2 262 90
2 272 90
2 282 90
2 292 90
2 302 90
2 312 90
2 322 90
2 332 90
2 342 90
2 352 90
2 362 90
2 372 90
2 382 90
2 392 90
2 402 90
2 412 90
2 422 90
2 432 90
2 442 90
2 452 90
2 462 90
2 472 90
2 482 90
2 492 90
2 502 90
2 512 90
2 522 90
2 532 90
2 542 90
2 552 90
2 562 90
2 572 90
2 582 90
2 592 90
2 602 90
2 612 90
2 622 90
2 632 90
2 642 90
2 652 90
2 662 90
2 672 90
2 682 90
2 692 90
2 702 90
2 712 90
2 722 90
2 732 90
2 742 90
2 752 90
2 762 90
2 772 90
2 782 90
2 792 90
2 802 90
2 812 90
2 822 90
2 832 90
2 842 90
2 852 90
2 862 90
2 872 90
2 882 90
2 892 90
2 902 90
2 912 90
2 922 90
2 932 90
2 942 90
2 952 90
2 962 90
2 972 90
2 982 90
2 992 90
2 1002 90
3 33 90
3 34 90
3 35 90
3 36 90
3 37 90
3 38 90
3 39 90
3 40 90
3 41 90
3 42 90
3 43 90
3 113 90
3 123 90
3 133 90
3 143 90
3 153 90
3 163 90
3 173 90
3 183 90
3 193 90
3 203 90
3 213 90
3 223 90
3 233 90
3 243 90
3 253 90
3 263 90
3 273 90
3 283 90
3 293 90
3 303 90
3 313 90
3 323 90
3 333 90
3 343 90
3 353 90
3 363 90
3 373 90
3 383 90
3 393 90
3 403 90
3 413 90
3 423 90
3 433 90
3 443 90
3 453 90
3 463 90
3 473 90
3 483 90
3 493 90
3 503 90
3 513 90
3 523 90
3 533 90
3 543 90
3 553 90
3 563 90
3 573 90
3 583 90
3 593 90
3 603 90
3 613 90
3 623 90
3 633 90
3 643 90
3 653 90
3 663 90
3 673 90
3 683 90
3 693 90
3 703 90
3 713 90
3 723 90
3 733 90
3 743 90
3 753 90
3 763 90
3 773 90
3 783 90
3 793 90
3 803 90
3 813 90
3 823 90
3 833 90
3 843 90
3 853 90
3 863 90
3 873 90
3 883 90
3 893 90
3 903 90
3 913 90
3 923 90
3 933 90
3 943 90
3 953 90
3 963 90
3 973 90
3 983 90
3 993 90
3 1003 90
4 44 90
4 45 90
4 46 90
4 47 90
4 48 90
4 49 90
4 50 90
4 51 90
4 52 90
4 53 90
4 54 90
4 114 90
4 124 90
4 134 90
4 144 90
4 154 90
4 164 90
4 174 90
4 184 90
4 194 90
4 204 90
4 214 90
4 224 90
4 234 90
4 244 90
4 254 90
4 264 90
4 274 90
4 284 90
4 294 90
4 304 90
4 314 90
4 324 90
4 334 90
4 344 90
4 354 90
4 364 90
4 374 90
4 384 90
4 394 90
4 404 90
4 414 90
4 424 90
4 434 90
4 444 90
4 454 90
4 464 90
4 474 90
4 484 90
4 494 90
4 504 90
4 514 90
4 524 90
4 534 90
4 544 90
4 554 90
4 564 90
4 574 90
4 584 90
4 594 90
4 604 90
4 614 90
4 624 90
4 634 90
4 644 90
4 654 90
4 664 90
4 674 90
4 684 90
4 694 90
4 704 90
4 714 90
4 724 90
4 734 90
4 744 90
4 754 90
4 764 90
4 774 90
4 784 90
4 794 90
4 804 90
4 814 90
4 824 90
4 834 90
4 844 90
4 854 90
4 864 90
4 874 90
4 884 90
4 894 90
4 904 90
4 914 90
4 924 90
4 934 90
4 944 90
4 954 90
4 964 90
4 974 90
4 984 90
4 994 90
4 1004 90
5 55 90
5 56 90
5 57 90
5 58 90
5 59 90
5 60 90
5 61 90
5 62 90
5 63 90
5 64 90
5 65 90
5 115 90
5 125 90
5 135 90
5 145 90
5 155 90
5 165 90
5 175 90
5 185 90
5 195 90
5 205 90
5 215 90
5 225 90
5 235 90
5 245 90
5 255 90
5 265 90
5 275 90
5 285 90
5 295 90
5 305 90
5 315 90
5 325 90
5 335 90
5 345 90
5 355 90
5 365 90
5 375 90
5 385 90
5 395 90
5 405 90
5 415 90
5 425 90
5 435 90
5 445 90
5 455 90
5 465 90
5 475 90
5 485 90
5 495 90
5 505 90
5 515 90
5 525 90
5 535 90
5 545 90
5 555 90
5 565 90
5 575 90
5 585 90
5 595 90
5 605 90
5 615 90
5 625 90
5 635 90
5 645 90
5 655 90
5 665 90
5 675 90
5 685 90
5 695 90
5 705 90
5 715 90
5 725 90
5 735 90
5 745 90
5 755 90
5 765 90
5 775 90
5 785 90
5 795 90
5 805 90
5 815 90
5 825 90
5 835 90
5 845 90
5 855 90
5 865 90
5 875 90
5 885 90
5 895 90
5 905 90
5 915 90
5 925 90
5 935 90
5 945 90
5 955 90
5 965 90
5 975 90
5 985 90
5 995 90
5 1005 90
6 66 90
6 67 90
6 68 90
6 69 90
6 70 90
6 71 90
6 72 90
6 73 90
6 74 90
6 75 90
6 76 90
6 116 90
6 126 90
6 136 90
6 146 90
6 156 90
6 166 90
6 176 90
6 186 90
6 196 90
6 206 90
6 216 90
6 226 90
6 236 90
6 246 90
6 256 90
6 266 90
6 276 90
6 286 90
6 296 90
6 306 90
6 316 90
6 326 90
6 336 90
6 346 90
6 356 90
6 366 90
6 376 90
6 386 90
6 396 90
6 406 90
6 416 90
6 426 90
6 436 90
6 446 90
6 456 90
6 466 90
6 476 90
6 486 90
6 496 90
6 506 90
6 516 90
6 526 90
6 536 90
6 546 90
6 556 90
6 566 90
6 576 90
6 586 90
6 596 90
6 606 90
6 616 90
6 626 90
6 636 90
6 646 90
6 656 90
6 666 90
6 676 90
6 686 90
6 696 90
6 706 90
6 716 90
6 726 90
6 736 90
6 746 90
6 756 90
6 766 90
6 776 90
6 786 90
6 796 90
6 806 90
6 816 90
6 826 90
6 836 90
6 846 90
6 856 90
6 866 90
6 876 90
6 886 90
6 896 90
6 906 90
6 916 90
6 926 90
6 936 90
6 946 90
6 956 90
6 966 90
6 976 90
6 986 90
6 996 90
6 1006 90
7 77 90
7 78 90
7 79 90
7 80 90
7 81 90
7 82 90
7 83 90
7 84 90
7 85 90
7 86 90
7 87 90
7 117 90
7 127 90
7 137 90
7 147 90
7 157 90
7 167 90
7 177 90
7 187 90
7 197 90
7 207 90
7 217 90
7 227 90
7 237 90
7 247 90
7 257 90
7 267 90
7 277 90
7 287 90
7 297 90
7 307 90
7 317 90
7 327 90
7 337 90
7 347 90
7 357 90
7 367 90
7 377 90
7 387 90
7 397 90
7 407 90
7 417 90
7 427 90
7 437 90
7 447 90
7 457 90
7 467 90
7 477 90
7 487 90
7 497 90
7 507 90
7 517 90
7 527 90
7 537 90
7 547 90
7 557 90
7 567 90
7 577 90
7 587 90
7 597 90
7 607 90
7 617 90
7 627 90
7 637 90
7 647 90
7 657 90
7 667 90
7 677 90
7 687 90
7 697 90
7 707 90
7 717 90
7 727 90
7 737 90
7 747 90
7 757 90
7 767 90
7 777 90
7 787 90
7 797 90
7 807 90
7 817 90
7 827 90
7 837 90
7 847 90
7 857 90
7 867 90
7 877 90
7 887 90
7 897 90
7 907 90
7 917 90
7 927 90
7 937 90
7 947 90
7 957 90
7 967 90
7 977 90
7 987 90
7 997 90
7 1007 90
8 88 90
8 89 90
8 90 90
8 91 90
8 92 90
8 93 90
8 94 90
8 95 90
8 96 90
8 97 90
8 98 90
8 118 90
8 128 90
8 138 90
8 148 90
8 158 90
8 168 90
8 178 90
8 188 90
8 198 90
8 208 90
8 218 90
8 228 90
8 238 90
8 248 90
8 258 90
8 268 90
8 278 90
8 288 90
8 298 90
8 308 90
8 318 90
8 328 90
8 338 90
8 348 90
8 358 90
8 368 90
8 378 90
8 388 90
8 398 90
8 408 90
8 418 90
8 428 90
8 438 90
8 448 90
8 458 90
8 468 90
8 478 90
8 488 90
8 498 90
8 508 90
8 518 90
8 528 90
8 538 90
8 548 90
8 558 90
8 568 90
8 578 90
8 588 90
8 598 90
8 608 90
8 618 90
8 628 90
8 638 90
8 648 90
8 658 90
8 668 90
8 678 90
8 688 90
8 698 90
8 708 90
8 718 90
8 728 90
8 738 90
8 748 90
8 758 90
8 768 90
8 778 90
8 788 90
8 798 90
8 808 90
8 818 90
8 828 90
8 838 90
8 848 90
8 858 90
8 868 90
8 878 90
8 888 90
8 898 90
8 908 90
8 918 90
8 928 90
8 938 90
8 948 90
8 958 90
8 968 90
8 978 90
8 988 90
8 998 90
8 1008 90
9 99 90
9 100 90
9 101 90
9 102 90
9 103 90
9 104 90
9 105 90
9 106 90
9 107 90
9 108 90
9 109 90
9 119 90
9 129 90
9 139 90
9 149 90
9 159 90
9 169 90
9 179 90
9 189 90
9 199 90
9 209 90
9 219 90
9 229 90
9 239 90
9 249 90
9 259 90
9 269 90
9 279 90
9 289 90
9 299 90
9 309 90
9 319 90
9 329 90
9 339 90
9 349 90
9 359 90
9 369 90
9 379 90
9 389 90
9 399 90
9 409 90
9 419 90
9 429 90
9 439 90
9 449 90
9 459 90
9 469 90
9 479 90
9 489 90
9 499 90
9 509 90
9 519 90
9 529 90
9 539 90
9 549 90
9 559 90
9 569 90
9 579 90
9 589 90
9 599 90
9 609 90
9 619 90
9 629 90
9 639 90
9 649 90
9 659 90
9 669 90
9 679 90
9 689 90
9 699 90
9 709 90
9 719 90
9 729 90
9 739 90
9 749 90
9 759 90
9 769 90
9 779 90
9 789 90
9 799 90
9 809 90
9 819 90
9 829 90
9 839 90
9 849 90
9 859 90
9 869 90
9 879 90
9 889 90
9 899 90
9 909 90
9 919 90
9 929 90
9 939 90
9 949 90
9 959 90
9 969 90
9 979 90
9 989 90
9 999 90
9 1009 90
