file block round
0 0 0
0 1 0
0 2 0
0 3 0
0 4 0
0 5 0
0 6 0
0 7 0
0 8 0
0 9 0
0 10 0
0 11 0
0 12 0
0 13 0
0 14 0
0 15 0
0 16 0
0 17 0
0 18 0
0 19 0
0 20 0
0 21 0
0 22 0
0 23 0
0 24 0
0 25 0
0 26 0
0 27 0
0 28 0
0 29 0
0 30 0
0 31 0
0 32 0
0 33 0
0 34 0
0 35 0
0 36 0
0 37 0
0 38 0
0 39 0
0 40 0
0 41 0
0 42 0
0 43 0
0 44 0
0 45 0
0 46 0
0 47 0
0 48 0
0 49 0
0 50 0
0 51 0
0 52 0
0 53 0
0 54 0
0 55 0
0 56 0
0 57 0
0 58 0
0 59 0
0 60 0
0 61 0
0 62 0
0 63 0
0 64 0
0 65 0
0 66 0
0 67 0
0 68 0
0 69 0
0 70 0
0 71 0
0 72 0
0 73 0
0 74 0
0 75 0
0 76 0
0 77 0
0 78 0
0 79 0
0 80 0
0 81 0
0 82 0
0 83 0
0 84 0
0 85 0
0 86 0
0 87 0
0 88 0
0 89 0
0 90 0
0 91 0
0 92 0
0 93 0
0 94 0
0 95 0
0 96 0
0 97 0
0 98 0
0 99 0
0 100 0
1 101 0
1 102 0
1 103 0
1 104 0
1 105 0
1 106 0
1 107 0
1 108 0
1 109 0
1 110 0
1 111 0
1 112 0
1 113 0
1 114 0
1 115 0
1 116 0
1 117 0
1 118 0
1 119 0
1 120 0
1 121 0
1 122 0
1 123 0
1 124 0
1 125 0
1 126 0
1 127 0
1 128 0
1 129 0
1 130 0
1 131 0
1 132 0
1 133 0
1 134 0
1 135 0
1 136 0
1 137 0
1 138 0
1 139 0
1 140 0
1 141 0
1 142 0
1 143 0
1 144 0
1 145 0
1 146 0
1 147 0
1 148 0
1 149 0
1 150 0
1 151 0
1 152 0
1 153 0
1 154 0
1 155 0
1 156 0
1 157 0
1 158 0
1 159 0
1 160 0
1 161 0
1 162 0
1 163 0
1 164 0
1 165 0
1 166 0
1 167 0
1 168 0
1 169 0
1 170 0
1 171 0
1 172 0
1 173 0
1 174 0
1 175 0
1 176 0
1 177 0
1 178 0
1 179 0
1 180 0
1 181 0
1 182 0
1 183 0
1 184 0
1 185 0
1 186 0
1 187 0
1 188 0
1 189 0
1 190 0
1 191 0
1 192 0
1 193 0
1 194 0
1 195 0
1 196 0
1 197 0
1 198 0
1 199 0
1 200 0
1 201 0
2 202 0
2 203 0
2 204 0
2 205 0
2 206 0
2 207 0
2 208 0
2 209 0
2 210 0
2 211 0
2 212 0
2 213 0
2 214 0
2 215 0
2 216 0
2 217 0
2 218 0
2 219 0
2 220 0
2 221 0
2 222 0
2 223 0
2 224 0
2 225 0
2 226 0
2 227 0
2 228 0
2 229 0
2 230 0
2 231 0
2 232 0
2 233 0
2 234 0
2 235 0
2 236 0
2 237 0
2 238 0
2 239 0
2 240 0
2 241 0
2 242 0
2 243 0
2 244 0
2 245 0
2 246 0
2 247 0
2 248 0
2 249 0
2 250 0
2 251 0
2 252 0
2 253 0
2 254 0
2 255 0
2 256 0
2 257 0
2 258 0
2 259 0
2 260 0
2 261 0
2 262 0
2 263 0
2 264 0
2 265 0
2 266 0
2 267 0
2 268 0
2 269 0
2 270 0
2 271 0
2 272 0
2 273 0
2 274 0
2 275 0
2 276 0
2 277 0
2 278 0
2 279 0
2 280 0
2 281 0
2 282 0
2 283 0
2 284 0
2 285 0
2 286 0
2 287 0
2 288 0
2 289 0
2 290 0
2 291 0
2 292 0
2 293 0
2 294 0
2 295 0
2 296 0
2 297 0
2 298 0
2 299 0
2 300 0
2 301 0
2 302 0
3 303 0
3 304 0
3 305 0
3 306 0
3 307 0
3 308 0
3 309 0
3 310 0
3 311 0
3 312 0
3 313 0
3 314 0
3 315 0
3 316 0
3 317 0
3 318 0
3 319 0
3 320 0
3 321 0
3 322 0
3 323 0
3 324 0
3 325 0
3 326 0
3 327 0
3 328 0
3 329 0
3 330 0
3 331 0
3 332 0
3 333 0
3 334 0
3 335 0
3 336 0
3 337 0
3 338 0
3 339 0
3 340 0
3 341 0
3 342 0
3 343 0
3 344 0
3 345 0
3 346 0
3 347 0
3 348 0
3 349 0
3 350 0
3 351 0
3 352 0
3 353 0
3 354 0
3 355 0
3 356 0
3 357 0
3 358 0
3 359 0
3 360 0
3 361 0
3 362 0
3 363 0
3 364 0
3 365 0
3 366 0
3 367 0
3 368 0
3 369 0
3 370 0
3 371 0
3 372 0
3 373 0
3 374 0
3 375 0
3 376 0
3 377 0
3 378 0
3 379 0
3 380 0
3 381 0
3 382 0
3 383 0
3 384 0
3 385 0
3 386 0
3 387 0
3 388 0
3 389 0
3 390 0
3 391 0
3 392 0
3 393 0
3 394 0
3 395 0
3 396 0
3 397 0
3 398 0
3 399 0
3 400 0
3 401 0
3 402 0
3 403 0
4 404 0
4 405 0
4 406 0
4 407 0
4 408 0
4 409 0
4 410 0
4 411 0
4 412 0
4 413 0
4 414 0
4 415 0
4 416 0
4 417 0
4 418 0
4 419 0
4 420 0
4 421 0
4 422 0
4 423 0
4 424 0
4 425 0
4 426 0
4 427 0
4 428 0
4 429 0
4 430 0
4 431 0
4 432 0
4 433 0
4 434 0
4 435 0
4 436 0
4 437 0
4 438 0
4 439 0
4 440 0
4 441 0
4 442 0
4 443 0
4 444 0
4 445 0
4 446 0
4 447 0
4 448 0
4 449 0
4 450 0
4 451 0
4 452 0
4 453 0
4 454 0
4 455 0
4 456 0
4 457 0
4 458 0
4 459 0
4 460 0
4 461 0
4 462 0
4 463 0
4 464 0
4 465 0
4 466 0
4 467 0
4 468 0
4 469 0
4 470 0
4 471 0
4 472 0
4 473 0
4 474 0
4 475 0
4 476 0
4 477 0
4 478 0
4 479 0
4 480 0
4 481 0
4 482 0
4 483 0
4 484 0
4 485 0
4 486 0
4 487 0
4 488 0
4 489 0
4 490 0
4 491 0
4 492 0
4 493 0
4 494 0
4 495 0
4 496 0
4 497 0
4 498 0
4 499 0
4 500 0
4 501 0
4 502 0
4 503 0
4 504 0
5 505 0
5 506 0
5 507 0
5 508 0
5 509 0
5 510 0
5 511 0
5 512 0
5 513 0
5 514 0
5 515 0
5 516 0
5 517 0
5 518 0
5 519 0
5 520 0
5 521 0
5 522 0
5 523 0
5 524 0
5 525 0
5 526 0
5 527 0
5 528 0
5 529 0
5 530 0
5 531 0
5 532 0
5 533 0
5 534 0
5 535 0
5 536 0
5 537 0
5 538 0
5 539 0
5 540 0
5 541 0
5 542 0
5 543 0
5 544 0
5 545 0
5 546 0
5 547 0
5 548 0
5 549 0
5 550 0
5 551 0
5 552 0
5 553 0
5 554 0
5 555 0
5 556 0
5 557 0
5 558 0
5 559 0
5 560 0
5 561 0
5 562 0
5 563 0
5 564 0
5 565 0
5 566 0
5 567 0
5 568 0
5 569 0
5 570 0
5 571 0
5 572 0
5 573 0
5 574 0
5 575 0
5 576 0
5 577 0
5 578 0
5 579 0
5 580 0
5 581 0
5 582 0
5 583 0
5 584 0
5 585 0
5 586 0
5 587 0
5 588 0
5 589 0
5 590 0
5 591 0
5 592 0
5 593 0
5 594 0
5 595 0
5 596 0
5 597 0
5 598 0
5 599 0
5 600 0
5 601 0
5 602 0
5 603 0
5 604 0
5 605 0
6 606 0
6 607 0
6 608 0
6 609 0
6 610 0
6 611 0
6 612 0
6 613 0
6 614 0
6 615 0
6 616 0
6 617 0
6 618 0
6 619 0
6 620 0
6 621 0
6 622 0
6 623 0
6 624 0
6 625 0
6 626 0
6 627 0
6 628 0
6 629 0
6 630 0
6 631 0
6 632 0
6 633 0
6 634 0
6 635 0
6 636 0
6 637 0
6 638 0
6 639 0
6 640 0
6 641 0
6 642 0
6 643 0
6 644 0
6 645 0
6 646 0
6 647 0
6 648 0
6 649 0
6 650 0
6 651 0
6 652 0
6 653 0
6 654 0
6 655 0
6 656 0
6 657 0
6 658 0
6 659 0
6 660 0
6 661 0
6 662 0
6 663 0
6 664 0
6 665 0
6 666 0
6 667 0
6 668 0
6 669 0
6 670 0
6 671 0
6 672 0
6 673 0
6 674 0
6 675 0
6 676 0
6 677 0
6 678 0
6 679 0
6 680 0
6 681 0
6 682 0
6 683 0
6 684 0
6 685 0
6 686 0
6 687 0
6 688 0
6 689 0
6 690 0
6 691 0
6 692 0
6 693 0
6 694 0
6 695 0
6 696 0
6 697 0
6 698 0
6 699 0
6 700 0
6 701 0
6 702 0
6 703 0
6 704 0
6 705 0
6 706 0
7 707 0
7 708 0
7 709 0
7 710 0
7 711 0
7 712 0
7 713 0
7 714 0
7 715 0
7 716 0
7 717 0
7 718 0
7 719 0
7 720 0
7 721 0
7 722 0
7 723 0
7 724 0
7 725 0
7 726 0
7 727 0
7 728 0
7 729 0
7 730 0
7 731 0
7 732 0
7 733 0
7 734 0
7 735 0
7 736 0
7 737 0
7 738 0
7 739 0
7 740 0
7 741 0
7 742 0
7 743 0
7 744 0
7 745 0
7 746 0
7 747 0
7 748 0
7 749 0
7 750 0
7 751 0
7 752 0
7 753 0
7 754 0
7 755 0
7 756 0
7 757 0
7 758 0
7 759 0
7 760 0
7 761 0
7 762 0
7 763 0
7 764 0
7 765 0
7 766 0
7 767 0
7 768 0
7 769 0
7 770 0
7 771 0
7 772 0
7 773 0
7 774 0
7 775 0
7 776 0
7 777 0
7 778 0
7 779 0
7 780 0
7 781 0
7 782 0
7 783 0
7 784 0
7 785 0
7 786 0
7 787 0
7 788 0
7 789 0
7 790 0
7 791 0
7 792 0
7 793 0
7 794 0
7 795 0
7 796 0
7 797 0
7 798 0
7 799 0
7 800 0
7 801 0
7 802 0
7 803 0
7 804 0
7 805 0
7 806 0
7 807 0
8 808 0
8 809 0
8 810 0
8 811 0
8 812 0
8 813 0
8 814 0
8 815 0
8 816 0
8 817 0
8 818 0
8 819 0
8 820 0
8 821 0
8 822 0
8 823 0
8 824 0
8 825 0
8 826 0
8 827 0
8 828 0
8 829 0
8 830 0
8 831 0
8 832 0
8 833 0
8 834 0
8 835 0
8 836 0
8 837 0
8 838 0
8 839 0
8 840 0
8 841 0
8 842 0
8 843 0
8 844 0
8 845 0
8 846 0
8 847 0
8 848 0
8 849 0
8 850 0
8 851 0
8 852 0
8 853 0
8 854 0
8 855 0
8 856 0
8 857 0
8 858 0
8 859 0
8 860 0
8 861 0
8 862 0
8 863 0
8 864 0
8 865 0
8 866 0
8 867 0
8 868 0
8 869 0
8 870 0
8 871 0
8 872 0
8 873 0
8 874 0
8 875 0
8 876 0
8 877 0
8 878 0
8 879 0
8 880 0
8 881 0
8 882 0
8 883 0
8 884 0
8 885 0
8 886 0
8 887 0
8 888 0
8 889 0
8 890 0
8 891 0
8 892 0
8 893 0
8 894 0
8 895 0
8 896 0
8 897 0
8 898 0
8 899 0
8 900 0
8 901 0
8 902 0
8 903 0
8 904 0
8 905 0
8 906 0
8 907 0
8 908 0
9 909 0
9 910 0
9 911 0
9 912 0
9 913 0
9 914 0
9 915 0
9 916 0
9 917 0
9 918 0
9 919 0
9 920 0
9 921 0
9 922 0
9 923 0
9 924 0
9 925 0
9 926 0
9 927 0
9 928 0
9 929 0
9 930 0
9 931 0
9 932 0
9 933 0
9 934 0
9 935 0
9 936 0
9 937 0
9 938 0
9 939 0
9 940 0
9 941 0
9 942 0
9 943 0
9 944 0
9 945 0
9 946 0
9 947 0
9 948 0
9 949 0
9 950 0
9 951 0
9 952 0
9 953 0
9 954 0
9 955 0
9 956 0
9 957 0
9 958 0
9 959 0
9 960 0
9 961 0
9 962 0
9 963 0
9 964 0
9 965 0
9 966 0
9 967 0
9 968 0
9 969 0
9 970 0
9 971 0
9 972 0
9 973 0
9 974 0
9 975 0
9 976 0
9 977 0
9 978 0
9 979 0
9 980 0
9 981 0
9 982 0
9 983 0
9 984 0
9 985 0
9 986 0
9 987 0
9 988 0
9 989 0
9 990 0
9 991 0
9 992 0
9 993 0
9 994 0
9 995 0
9 996 0
9 997 0
9 998 0
9 999 0
9 1000 0
9 1001 0
9 1002 0
9 1003 0
9 1004 0
9 1005 0
9 1006 0
9 1007 0
9 1008 0
9 1009 0
