block round
244 40
245 40
246 40
247 40
248 40
249 40
250 40
251 40
252 40
253 40
254 40
255 40
256 40
257 40
258 40
259 40
260 40
261 40
262 40
263 40
264 40
265 40
266 40
267 40
268 40
269 40
270 40
271 40
272 40
273 40
274 40
275 40
276 40
277 40
278 40
279 40
280 40
281 40
282 40
283 40
284 40
285 40
286 40
287 40
288 40
289 40
290 40
291 40
292 40
293 40
294 40
295 40
296 40
297 40
298 40
299 40
300 40
301 40
302 40
303 40
304 40
614 40
624 40
634 40
644 40
654 40
664 40
674 40
684 40
694 40
704 40
714 40
724 40
734 40
744 40
754 40
764 40
774 40
784 40
794 40
804 40
814 40
824 40
834 40
844 40
854 40
864 40
874 40
884 40
894 40
904 40
914 40
924 40
934 40
944 40
954 40
964 40
974 40
984 40
994 40
1004 40
