block round
328 60
329 60
330 60
331 60
332 60
333 60
334 60
335 60
336 60
337 60
338 60
339 60
340 60
341 60
342 60
343 60
344 60
345 60
346 60
347 60
348 60
349 60
350 60
351 60
352 60
353 60
354 60
355 60
356 60
357 60
358 60
359 60
360 60
361 60
362 60
363 60
364 60
365 60
366 60
367 60
368 60
418 60
428 60
438 60
448 60
458 60
468 60
478 60
488 60
498 60
508 60
518 60
528 60
538 60
548 60
558 60
568 60
578 60
588 60
598 60
608 60
618 60
628 60
638 60
648 60
658 60
668 60
678 60
688 60
698 60
708 60
718 60
728 60
738 60
748 60
758 60
768 60
778 60
788 60
798 60
808 60
818 60
828 60
838 60
848 60
858 60
868 60
878 60
888 60
898 60
908 60
918 60
928 60
938 60
948 60
958 60
968 60
978 60
988 60
998 60
1008 60
