block round
648 20
649 20
650 20
651 20
652 20
653 20
654 20
655 20
656 20
657 20
658 20
659 20
660 20
661 20
662 20
663 20
664 20
665 20
666 20
667 20
668 20
669 20
670 20
671 20
672 20
673 20
674 20
675 20
676 20
677 20
678 20
679 20
680 20
681 20
682 20
683 20
684 20
685 20
686 20
687 20
688 20
689 20
690 20
691 20
692 20
693 20
694 20
695 20
696 20
697 20
698 20
699 20
700 20
701 20
702 20
703 20
704 20
705 20
706 20
707 20
708 20
709 20
710 20
711 20
712 20
713 20
714 20
715 20
716 20
717 20
718 20
719 20
720 20
721 20
722 20
723 20
724 20
725 20
726 20
727 20
728 20
818 20
828 20
838 20
848 20
858 20
868 20
878 20
888 20
898 20
908 20
918 20
928 20
938 20
948 20
958 20
968 20
978 20
988 20
998 20
1008 20
