block round
213 30
214 30
215 30
216 30
217 30
218 30
219 30
220 30
221 30
222 30
223 30
224 30
225 30
226 30
227 30
228 30
229 30
230 30
231 30
232 30
233 30
234 30
235 30
236 30
237 30
238 30
239 30
240 30
241 30
242 30
243 30
244 30
245 30
246 30
247 30
248 30
249 30
250 30
251 30
252 30
253 30
254 30
255 30
256 30
257 30
258 30
259 30
260 30
261 30
262 30
263 30
264 30
265 30
266 30
267 30
268 30
269 30
270 30
271 30
272 30
273 30
274 30
275 30
276 30
277 30
278 30
279 30
280 30
281 30
282 30
283 30
713 30
723 30
733 30
743 30
753 30
763 30
773 30
783 30
793 30
803 30
813 30
823 30
833 30
843 30
853 30
863 30
873 30
883 30
893 30
903 30
913 30
923 30
933 30
943 30
953 30
963 30
973 30
983 30
993 30
1003 30
