block round
306 50
307 50
308 50
309 50
310 50
311 50
312 50
313 50
314 50
315 50
316 50
317 50
318 50
319 50
320 50
321 50
322 50
323 50
324 50
325 50
326 50
327 50
328 50
329 50
330 50
331 50
332 50
333 50
334 50
335 50
336 50
337 50
338 50
339 50
340 50
341 50
342 50
343 50
344 50
345 50
346 50
347 50
348 50
349 50
350 50
351 50
352 50
353 50
354 50
355 50
356 50
516 50
526 50
536 50
546 50
556 50
566 50
576 50
586 50
596 50
606 50
616 50
626 50
636 50
646 50
656 50
666 50
676 50
686 50
696 50
706 50
716 50
726 50
736 50
746 50
756 50
766 50
776 50
786 50
796 50
806 50
816 50
826 50
836 50
846 50
856 50
866 50
876 50
886 50
896 50
906 50
916 50
926 50
936 50
946 50
956 50
966 50
976 50
986 50
996 50
1006 50
