block round
1655 20
115 20
116 20
117 20
118 20
119 20
120 20
121 20
122 20
123 20
124 20
125 20
126 20
127 20
128 20
129 20
130 20
131 20
132 20
133 20
134 20
135 20
136 20
137 20
138 20
139 20
140 20
141 20
142 20
143 20
144 20
145 20
146 20
147 20
148 20
149 20
150 20
151 20
152 20
153 20
154 20
155 20
156 20
157 20
158 20
159 20
160 20
161 20
162 20
163 20
164 20
165 20
166 20
167 20
168 20
169 20
170 20
171 20
172 20
173 20
174 20
175 20
176 20
177 20
178 20
1623 20
1624 20
1625 20
1626 20
1627 20
1628 20
1629 20
1630 20
1631 20
1632 20
1633 20
1634 20
1635 20
1636 20
1637 20
1638 20
1639 20
1640 20
1641 20
1642 20
1643 20
1644 20
1645 20
1646 20
1647 20
1648 20
1649 20
1650 20
1651 20
1652 20
1653 20
1654 20
1591 20
1592 20
1593 20
1594 20
1595 20
1596 20
1597 20
1598 20
1599 20
1600 20
1601 20
1602 20
1603 20
1604 20
1605 20
1606 20
1607 20
1608 20
1609 20
1610 20
1611 20
1612 20
1613 20
1614 20
1615 20
1616 20
1617 20
1618 20
1619 20
1620 20
1621 20
1622 20
