block round
3393 90
163 90
164 90
165 90
166 90
167 90
168 90
169 90
170 90
171 90
172 90
173 90
174 90
175 90
176 90
177 90
178 90
179 90
180 90
181 90
182 90
183 90
184 90
185 90
186 90
187 90
188 90
189 90
190 90
191 90
192 90
193 90
194 90
1612 90
1613 90
1614 90
1615 90
1616 90
1617 90
1618 90
1619 90
1620 90
1621 90
1622 90
1623 90
1624 90
1625 90
1626 90
1627 90
1628 90
1629 90
1630 90
1631 90
1632 90
1633 90
1634 90
1635 90
1636 90
1637 90
1638 90
1639 90
1640 90
1641 90
1642 90
1643 90
3329 90
3330 90
3331 90
3332 90
3333 90
3334 90
3335 90
3336 90
3337 90
3338 90
3339 90
3340 90
3341 90
3342 90
3343 90
3344 90
3345 90
3346 90
3347 90
3348 90
3349 90
3350 90
3351 90
3352 90
3353 90
3354 90
3355 90
3356 90
3357 90
3358 90
3359 90
3360 90
3361 90
3362 90
3363 90
3364 90
3365 90
3366 90
3367 90
3368 90
3369 90
3370 90
3371 90
3372 90
3373 90
3374 90
3375 90
3376 90
3377 90
3378 90
3379 90
3380 90
3381 90
3382 90
3383 90
3384 90
3385 90
3386 90
3387 90
3388 90
3389 90
3390 90
3391 90
3392 90
