block round
1615 10
503 10
504 10
505 10
506 10
507 10
508 10
509 10
510 10
511 10
512 10
513 10
514 10
515 10
516 10
517 10
518 10
519 10
520 10
521 10
522 10
523 10
524 10
525 10
526 10
527 10
528 10
529 10
530 10
531 10
532 10
533 10
534 10
535 10
536 10
537 10
538 10
539 10
540 10
541 10
542 10
543 10
544 10
545 10
546 10
547 10
548 10
549 10
550 10
551 10
552 10
553 10
554 10
555 10
556 10
557 10
558 10
559 10
560 10
561 10
562 10
563 10
564 10
565 10
566 10
1551 10
1552 10
1553 10
1554 10
1555 10
1556 10
1557 10
1558 10
1559 10
1560 10
1561 10
1562 10
1563 10
1564 10
1565 10
1566 10
1567 10
1568 10
1569 10
1570 10
1571 10
1572 10
1573 10
1574 10
1575 10
1576 10
1577 10
1578 10
1579 10
1580 10
1581 10
1582 10
1583 10
1584 10
1585 10
1586 10
1587 10
1588 10
1589 10
1590 10
1591 10
1592 10
1593 10
1594 10
1595 10
1596 10
1597 10
1598 10
1599 10
1600 10
1601 10
1602 10
1603 10
1604 10
1605 10
1606 10
1607 10
1608 10
1609 10
1610 10
1611 10
1612 10
1613 10
1614 10
