block round
2824 100
585 100
586 100
587 100
588 100
589 100
590 100
591 100
592 100
593 100
594 100
595 100
596 100
597 100
598 100
599 100
600 100
601 100
602 100
603 100
604 100
605 100
606 100
607 100
608 100
609 100
610 100
611 100
612 100
613 100
614 100
615 100
616 100
1873 100
1874 100
1875 100
1876 100
1877 100
1878 100
1879 100
1880 100
1881 100
1882 100
1883 100
1884 100
1885 100
1886 100
1887 100
1888 100
1889 100
1890 100
1891 100
1892 100
1893 100
1894 100
1895 100
1896 100
1897 100
1898 100
1899 100
1900 100
1901 100
1902 100
1903 100
1904 100
2695 100
2696 100
2697 100
2698 100
2699 100
2700 100
2701 100
2702 100
2703 100
2704 100
2705 100
2706 100
2707 100
2708 100
2709 100
2710 100
2711 100
2712 100
2713 100
2714 100
2715 100
2716 100
2717 100
2718 100
2719 100
2720 100
2721 100
2722 100
2723 100
2724 100
2725 100
2726 100
2728 100
2729 100
2730 100
2731 100
2732 100
2733 100
2734 100
2735 100
2736 100
2737 100
2738 100
2739 100
2740 100
2741 100
2742 100
2743 100
2744 100
2745 100
2746 100
2747 100
2748 100
2749 100
2750 100
2751 100
2752 100
2753 100
2754 100
2755 100
2756 100
2757 100
2758 100
2759 100
