block round
2095 30
424 30
425 30
426 30
427 30
428 30
429 30
430 30
431 30
432 30
433 30
434 30
435 30
436 30
437 30
438 30
439 30
440 30
441 30
442 30
443 30
444 30
445 30
446 30
447 30
448 30
449 30
450 30
451 30
452 30
453 30
454 30
455 30
456 30
457 30
458 30
459 30
460 30
461 30
462 30
463 30
464 30
465 30
466 30
467 30
468 30
469 30
470 30
471 30
472 30
473 30
474 30
475 30
476 30
477 30
478 30
479 30
480 30
481 30
482 30
483 30
484 30
485 30
486 30
487 30
2031 30
2032 30
2033 30
2034 30
2035 30
2036 30
2037 30
2038 30
2039 30
2040 30
2041 30
2042 30
2043 30
2044 30
2045 30
2046 30
2047 30
2048 30
2049 30
2050 30
2051 30
2052 30
2053 30
2054 30
2055 30
2056 30
2057 30
2058 30
2059 30
2060 30
2061 30
2062 30
2063 30
2064 30
2065 30
2066 30
2067 30
2068 30
2069 30
2070 30
2071 30
2072 30
2073 30
2074 30
2075 30
2076 30
2077 30
2078 30
2079 30
2080 30
2081 30
2082 30
2083 30
2084 30
2085 30
2086 30
2087 30
2088 30
2089 30
2090 30
2091 30
2092 30
2093 30
2094 30
