file block round
0 2830 80
0 621 80
0 622 80
0 623 80
0 624 80
0 625 80
0 626 80
0 627 80
0 628 80
0 629 80
0 630 80
0 631 80
0 632 80
0 633 80
0 634 80
0 635 80
0 636 80
0 637 80
0 638 80
0 639 80
0 640 80
0 641 80
0 642 80
0 643 80
0 644 80
0 645 80
0 646 80
0 647 80
0 648 80
0 649 80
0 650 80
0 651 80
0 652 80
0 2092 80
0 2093 80
0 2094 80
0 2095 80
0 2096 80
0 2097 80
0 2098 80
0 2099 80
0 2100 80
0 2101 80
0 2102 80
0 2103 80
0 2104 80
0 2105 80
0 2106 80
0 2107 80
0 2108 80
0 2109 80
0 2110 80
0 2111 80
0 2112 80
0 2113 80
0 2114 80
0 2115 80
0 2116 80
0 2117 80
0 2118 80
0 2119 80
0 2120 80
0 2121 80
0 2122 80
0 2123 80
0 2733 80
0 2734 80
0 2735 80
0 2736 80
0 2737 80
0 2738 80
0 2739 80
0 2740 80
0 2741 80
0 2742 80
0 2743 80
0 2744 80
0 2745 80
0 2746 80
0 2747 80
0 2748 80
0 2749 80
0 2750 80
0 2751 80
0 2752 80
0 2753 80
0 2754 80
0 2755 80
0 2756 80
0 2757 80
0 2758 80
0 2759 80
0 2760 80
0 2761 80
0 2762 80
0 2763 80
0 2764 80
0 2798 80
0 2799 80
0 2800 80
0 2801 80
0 2802 80
0 2803 80
0 2804 80
0 2805 80
0 2806 80
0 2807 80
0 2808 80
0 2809 80
0 2810 80
0 2811 80
0 2812 80
0 2813 80
0 2814 80
0 2815 80
0 2816 80
0 2817 80
0 2818 80
0 2819 80
0 2820 80
0 2821 80
0 2822 80
0 2823 80
0 2824 80
0 2825 80
0 2826 80
0 2827 80
0 2828 80
0 2829 80
1 2895 80
1 0 80
1 1 80
1 2 80
1 3 80
1 4 80
1 5 80
1 6 80
1 7 80
1 8 80
1 9 80
1 10 80
1 11 80
1 12 80
1 13 80
1 14 80
1 15 80
1 16 80
1 17 80
1 18 80
1 19 80
1 20 80
1 21 80
1 22 80
1 23 80
1 24 80
1 25 80
1 26 80
1 27 80
1 28 80
1 29 80
1 30 80
1 31 80
1 2157 80
1 2158 80
1 2159 80
1 2160 80
1 2161 80
1 2162 80
1 2163 80
1 2164 80
1 2165 80
1 2166 80
1 2167 80
1 2168 80
1 2169 80
1 2170 80
1 2171 80
1 2172 80
1 2173 80
1 2174 80
1 2175 80
1 2176 80
1 2177 80
1 2178 80
1 2179 80
1 2180 80
1 2181 80
1 2182 80
1 2183 80
1 2184 80
1 2185 80
1 2186 80
1 2187 80
1 2188 80
1 2831 80
1 2832 80
1 2833 80
1 2834 80
1 2835 80
1 2836 80
1 2837 80
1 2838 80
1 2839 80
1 2840 80
1 2841 80
1 2842 80
1 2843 80
1 2844 80
1 2845 80
1 2846 80
1 2847 80
1 2848 80
1 2849 80
1 2850 80
1 2851 80
1 2852 80
1 2853 80
1 2854 80
1 2855 80
1 2856 80
1 2857 80
1 2858 80
1 2859 80
1 2860 80
1 2861 80
1 2862 80
1 2863 80
1 2864 80
1 2865 80
1 2866 80
1 2867 80
1 2868 80
1 2869 80
1 2870 80
1 2871 80
1 2872 80
1 2873 80
1 2874 80
1 2875 80
1 2876 80
1 2877 80
1 2878 80
1 2879 80
1 2880 80
1 2881 80
1 2882 80
1 2883 80
1 2884 80
1 2885 80
1 2886 80
1 2887 80
1 2888 80
1 2889 80
1 2890 80
1 2891 80
1 2892 80
1 2893 80
1 2894 80
2 2960 80
2 66 80
2 67 80
2 68 80
2 69 80
2 70 80
2 71 80
2 72 80
2 73 80
2 74 80
2 75 80
2 76 80
2 77 80
2 78 80
2 79 80
2 80 80
2 81 80
2 82 80
2 83 80
2 84 80
2 85 80
2 86 80
2 87 80
2 88 80
2 89 80
2 90 80
2 91 80
2 92 80
2 93 80
2 94 80
2 95 80
2 96 80
2 97 80
2 2222 80
2 2223 80
2 2224 80
2 2225 80
2 2226 80
2 2227 80
2 2228 80
2 2229 80
2 2230 80
2 2231 80
2 2232 80
2 2233 80
2 2234 80
2 2235 80
2 2236 80
2 2237 80
2 2238 80
2 2239 80
2 2240 80
2 2241 80
2 2242 80
2 2243 80
2 2244 80
2 2245 80
2 2246 80
2 2247 80
2 2248 80
2 2249 80
2 2250 80
2 2251 80
2 2252 80
2 2253 80
2 2928 80
2 2929 80
2 2930 80
2 2931 80
2 2932 80
2 2933 80
2 2934 80
2 2935 80
2 2936 80
2 2937 80
2 2938 80
2 2939 80
2 2940 80
2 2941 80
2 2942 80
2 2943 80
2 2944 80
2 2945 80
2 2946 80
2 2947 80
2 2948 80
2 2949 80
2 2950 80
2 2951 80
2 2952 80
2 2953 80
2 2954 80
2 2955 80
2 2956 80
2 2957 80
2 2958 80
2 2959 80
2 2896 80
2 2897 80
2 2898 80
2 2899 80
2 2900 80
2 2901 80
2 2902 80
2 2903 80
2 2904 80
2 2905 80
2 2906 80
2 2907 80
2 2908 80
2 2909 80
2 2910 80
2 2911 80
2 2912 80
2 2913 80
2 2914 80
2 2915 80
2 2916 80
2 2917 80
2 2918 80
2 2919 80
2 2920 80
2 2921 80
2 2922 80
2 2923 80
2 2924 80
2 2925 80
2 2926 80
2 2927 80
3 3025 80
3 134 80
3 135 80
3 136 80
3 137 80
3 138 80
3 139 80
3 140 80
3 141 80
3 142 80
3 143 80
3 144 80
3 145 80
3 146 80
3 147 80
3 148 80
3 149 80
3 150 80
3 151 80
3 152 80
3 153 80
3 154 80
3 155 80
3 156 80
3 157 80
3 158 80
3 159 80
3 160 80
3 161 80
3 162 80
3 163 80
3 164 80
3 165 80
3 2287 80
3 2288 80
3 2289 80
3 2290 80
3 2291 80
3 2292 80
3 2293 80
3 2294 80
3 2295 80
3 2296 80
3 2297 80
3 2298 80
3 2299 80
3 2300 80
3 2301 80
3 2302 80
3 2303 80
3 2304 80
3 2305 80
3 2306 80
3 2307 80
3 2308 80
3 2309 80
3 2310 80
3 2311 80
3 2312 80
3 2313 80
3 2314 80
3 2315 80
3 2316 80
3 2317 80
3 2318 80
3 2961 80
3 2962 80
3 2963 80
3 2964 80
3 2965 80
3 2966 80
3 2967 80
3 2968 80
3 2969 80
3 2970 80
3 2971 80
3 2972 80
3 2973 80
3 2974 80
3 2975 80
3 2976 80
3 2977 80
3 2978 80
3 2979 80
3 2980 80
3 2981 80
3 2982 80
3 2983 80
3 2984 80
3 2985 80
3 2986 80
3 2987 80
3 2988 80
3 2989 80
3 2990 80
3 2991 80
3 2992 80
3 2993 80
3 2994 80
3 2995 80
3 2996 80
3 2997 80
3 2998 80
3 2999 80
3 3000 80
3 3001 80
3 3002 80
3 3003 80
3 3004 80
3 3005 80
3 3006 80
3 3007 80
3 3008 80
3 3009 80
3 3010 80
3 3011 80
3 3012 80
3 3013 80
3 3014 80
3 3015 80
3 3016 80
3 3017 80
3 3018 80
3 3019 80
3 3020 80
3 3021 80
3 3022 80
3 3023 80
3 3024 80
4 3090 80
4 199 80
4 200 80
4 201 80
4 202 80
4 203 80
4 204 80
4 205 80
4 206 80
4 207 80
4 208 80
4 209 80
4 210 80
4 211 80
4 212 80
4 213 80
4 214 80
4 215 80
4 216 80
4 217 80
4 218 80
4 219 80
4 220 80
4 221 80
4 222 80
4 223 80
4 224 80
4 225 80
4 226 80
4 227 80
4 228 80
4 229 80
4 230 80
4 1702 80
4 1703 80
4 1704 80
4 1705 80
4 1706 80
4 1707 80
4 1708 80
4 1709 80
4 1710 80
4 1711 80
4 1712 80
4 1713 80
4 1714 80
4 1715 80
4 1716 80
4 1717 80
4 1718 80
4 1719 80
4 1720 80
4 1721 80
4 1722 80
4 1723 80
4 1724 80
4 1725 80
4 1726 80
4 1727 80
4 1728 80
4 1729 80
4 1730 80
4 1731 80
4 1732 80
4 1733 80
4 3026 80
4 3027 80
4 3028 80
4 3029 80
4 3030 80
4 3031 80
4 3032 80
4 3033 80
4 3034 80
4 3035 80
4 3036 80
4 3037 80
4 3038 80
4 3039 80
4 3040 80
4 3041 80
4 3042 80
4 3043 80
4 3044 80
4 3045 80
4 3046 80
4 3047 80
4 3048 80
4 3049 80
4 3050 80
4 3051 80
4 3052 80
4 3053 80
4 3054 80
4 3055 80
4 3056 80
4 3057 80
4 3058 80
4 3059 80
4 3060 80
4 3061 80
4 3062 80
4 3063 80
4 3064 80
4 3065 80
4 3066 80
4 3067 80
4 3068 80
4 3069 80
4 3070 80
4 3071 80
4 3072 80
4 3073 80
4 3074 80
4 3075 80
4 3076 80
4 3077 80
4 3078 80
4 3079 80
4 3080 80
4 3081 80
4 3082 80
4 3083 80
4 3084 80
4 3085 80
4 3086 80
4 3087 80
4 3088 80
4 3089 80
5 3155 80
5 296 80
5 297 80
5 298 80
5 299 80
5 300 80
5 301 80
5 302 80
5 303 80
5 304 80
5 305 80
5 306 80
5 307 80
5 308 80
5 309 80
5 310 80
5 311 80
5 312 80
5 313 80
5 314 80
5 315 80
5 316 80
5 317 80
5 318 80
5 319 80
5 320 80
5 321 80
5 322 80
5 323 80
5 324 80
5 325 80
5 326 80
5 327 80
5 1766 80
5 1767 80
5 1768 80
5 1769 80
5 1770 80
5 1771 80
5 1772 80
5 1773 80
5 1774 80
5 1775 80
5 1776 80
5 1777 80
5 1778 80
5 1779 80
5 1780 80
5 1781 80
5 1782 80
5 1783 80
5 1784 80
5 1785 80
5 1786 80
5 1787 80
5 1788 80
5 1789 80
5 1790 80
5 1791 80
5 1792 80
5 1793 80
5 1794 80
5 1795 80
5 1796 80
5 1797 80
5 3091 80
5 3092 80
5 3093 80
5 3094 80
5 3095 80
5 3096 80
5 3097 80
5 3098 80
5 3099 80
5 3100 80
5 3101 80
5 3102 80
5 3103 80
5 3104 80
5 3105 80
5 3106 80
5 3107 80
5 3108 80
5 3109 80
5 3110 80
5 3111 80
5 3112 80
5 3113 80
5 3114 80
5 3115 80
5 3116 80
5 3117 80
5 3118 80
5 3119 80
5 3120 80
5 3121 80
5 3122 80
5 3123 80
5 3124 80
5 3125 80
5 3126 80
5 3127 80
5 3128 80
5 3129 80
5 3130 80
5 3131 80
5 3132 80
5 3133 80
5 3134 80
5 3135 80
5 3136 80
5 3137 80
5 3138 80
5 3139 80
5 3140 80
5 3141 80
5 3142 80
5 3143 80
5 3144 80
5 3145 80
5 3146 80
5 3147 80
5 3148 80
5 3149 80
5 3150 80
5 3151 80
5 3152 80
5 3153 80
5 3154 80
6 3220 80
6 361 80
6 362 80
6 363 80
6 364 80
6 365 80
6 366 80
6 367 80
6 368 80
6 369 80
6 370 80
6 371 80
6 372 80
6 373 80
6 374 80
6 375 80
6 376 80
6 377 80
6 378 80
6 379 80
6 380 80
6 381 80
6 382 80
6 383 80
6 384 80
6 385 80
6 386 80
6 387 80
6 388 80
6 389 80
6 390 80
6 391 80
6 392 80
6 1832 80
6 1833 80
6 1834 80
6 1835 80
6 1836 80
6 1837 80
6 1838 80
6 1839 80
6 1840 80
6 1841 80
6 1842 80
6 1843 80
6 1844 80
6 1845 80
6 1846 80
6 1847 80
6 1848 80
6 1849 80
6 1850 80
6 1851 80
6 1852 80
6 1853 80
6 1854 80
6 1855 80
6 1856 80
6 1857 80
6 1858 80
6 1859 80
6 1860 80
6 1861 80
6 1862 80
6 1863 80
6 3156 80
6 3157 80
6 3158 80
6 3159 80
6 3160 80
6 3161 80
6 3162 80
6 3163 80
6 3164 80
6 3165 80
6 3166 80
6 3167 80
6 3168 80
6 3169 80
6 3170 80
6 3171 80
6 3172 80
6 3173 80
6 3174 80
6 3175 80
6 3176 80
6 3177 80
6 3178 80
6 3179 80
6 3180 80
6 3181 80
6 3182 80
6 3183 80
6 3184 80
6 3185 80
6 3186 80
6 3187 80
6 3188 80
6 3189 80
6 3190 80
6 3191 80
6 3192 80
6 3193 80
6 3194 80
6 3195 80
6 3196 80
6 3197 80
6 3198 80
6 3199 80
6 3200 80
6 3201 80
6 3202 80
6 3203 80
6 3204 80
6 3205 80
6 3206 80
6 3207 80
6 3208 80
6 3209 80
6 3210 80
6 3211 80
6 3212 80
6 3213 80
6 3214 80
6 3215 80
6 3216 80
6 3217 80
6 3218 80
6 3219 80
7 3285 80
7 426 80
7 427 80
7 428 80
7 429 80
7 430 80
7 431 80
7 432 80
7 433 80
7 434 80
7 435 80
7 436 80
7 437 80
7 438 80
7 439 80
7 440 80
7 441 80
7 442 80
7 443 80
7 444 80
7 445 80
7 446 80
7 447 80
7 448 80
7 449 80
7 450 80
7 451 80
7 452 80
7 453 80
7 454 80
7 455 80
7 456 80
7 457 80
7 1897 80
7 1898 80
7 1899 80
7 1900 80
7 1901 80
7 1902 80
7 1903 80
7 1904 80
7 1905 80
7 1906 80
7 1907 80
7 1908 80
7 1909 80
7 1910 80
7 1911 80
7 1912 80
7 1913 80
7 1914 80
7 1915 80
7 1916 80
7 1917 80
7 1918 80
7 1919 80
7 1920 80
7 1921 80
7 1922 80
7 1923 80
7 1924 80
7 1925 80
7 1926 80
7 1927 80
7 1928 80
7 3253 80
7 3254 80
7 3255 80
7 3256 80
7 3257 80
7 3258 80
7 3259 80
7 3260 80
7 3261 80
7 3262 80
7 3263 80
7 3264 80
7 3265 80
7 3266 80
7 3267 80
7 3268 80
7 3269 80
7 3270 80
7 3271 80
7 3272 80
7 3273 80
7 3274 80
7 3275 80
7 3276 80
7 3277 80
7 3278 80
7 3279 80
7 3280 80
7 3281 80
7 3282 80
7 3283 80
7 3284 80
7 3221 80
7 3222 80
7 3223 80
7 3224 80
7 3225 80
7 3226 80
7 3227 80
7 3228 80
7 3229 80
7 3230 80
7 3231 80
7 3232 80
7 3233 80
7 3234 80
7 3235 80
7 3236 80
7 3237 80
7 3238 80
7 3239 80
7 3240 80
7 3241 80
7 3242 80
7 3243 80
7 3244 80
7 3245 80
7 3246 80
7 3247 80
7 3248 80
7 3249 80
7 3250 80
7 3251 80
7 3252 80
8 3350 80
8 491 80
8 492 80
8 493 80
8 494 80
8 495 80
8 496 80
8 497 80
8 498 80
8 499 80
8 500 80
8 501 80
8 502 80
8 503 80
8 504 80
8 505 80
8 506 80
8 507 80
8 508 80
8 509 80
8 510 80
8 511 80
8 512 80
8 513 80
8 514 80
8 515 80
8 516 80
8 517 80
8 518 80
8 519 80
8 520 80
8 521 80
8 522 80
8 1962 80
8 1963 80
8 1964 80
8 1965 80
8 1966 80
8 1967 80
8 1968 80
8 1969 80
8 1970 80
8 1971 80
8 1972 80
8 1973 80
8 1974 80
8 1975 80
8 1976 80
8 1977 80
8 1978 80
8 1979 80
8 1980 80
8 1981 80
8 1982 80
8 1983 80
8 1984 80
8 1985 80
8 1986 80
8 1987 80
8 1988 80
8 1989 80
8 1990 80
8 1991 80
8 1992 80
8 1993 80
8 3286 80
8 3287 80
8 3288 80
8 3289 80
8 3290 80
8 3291 80
8 3292 80
8 3293 80
8 3294 80
8 3295 80
8 3296 80
8 3297 80
8 3298 80
8 3299 80
8 3300 80
8 3301 80
8 3302 80
8 3303 80
8 3304 80
8 3305 80
8 3306 80
8 3307 80
8 3308 80
8 3309 80
8 3310 80
8 3311 80
8 3312 80
8 3313 80
8 3314 80
8 3315 80
8 3316 80
8 3317 80
8 3318 80
8 3319 80
8 3320 80
8 3321 80
8 3322 80
8 3323 80
8 3324 80
8 3325 80
8 3326 80
8 3327 80
8 3328 80
8 3329 80
8 3330 80
8 3331 80
8 3332 80
8 3333 80
8 3334 80
8 3335 80
8 3336 80
8 3337 80
8 3338 80
8 3339 80
8 3340 80
8 3341 80
8 3342 80
8 3343 80
8 3344 80
8 3345 80
8 3346 80
8 3347 80
8 3348 80
8 3349 80
9 2797 80
9 524 80
9 525 80
9 526 80
9 527 80
9 528 80
9 529 80
9 530 80
9 531 80
9 532 80
9 533 80
9 534 80
9 535 80
9 536 80
9 537 80
9 538 80
9 539 80
9 540 80
9 541 80
9 542 80
9 543 80
9 544 80
9 545 80
9 546 80
9 547 80
9 548 80
9 549 80
9 550 80
9 551 80
9 552 80
9 553 80
9 554 80
9 555 80
9 2027 80
9 2028 80
9 2029 80
9 2030 80
9 2031 80
9 2032 80
9 2033 80
9 2034 80
9 2035 80
9 2036 80
9 2037 80
9 2038 80
9 2039 80
9 2040 80
9 2041 80
9 2042 80
9 2043 80
9 2044 80
9 2045 80
9 2046 80
9 2047 80
9 2048 80
9 2049 80
9 2050 80
9 2051 80
9 2052 80
9 2053 80
9 2054 80
9 2055 80
9 2056 80
9 2057 80
9 2058 80
9 2765 80
9 2766 80
9 2767 80
9 2768 80
9 2769 80
9 2770 80
9 2771 80
9 2772 80
9 2773 80
9 2774 80
9 2775 80
9 2776 80
9 2777 80
9 2778 80
9 2779 80
9 2780 80
9 2781 80
9 2782 80
9 2783 80
9 2784 80
9 2785 80
9 2786 80
9 2787 80
9 2788 80
9 2789 80
9 2790 80
9 2791 80
9 2792 80
9 2793 80
9 2794 80
9 2795 80
9 2796 80
9 2701 80
9 2702 80
9 2703 80
9 2704 80
9 2705 80
9 2706 80
9 2707 80
9 2708 80
9 2709 80
9 2710 80
9 2711 80
9 2712 80
9 2713 80
9 2714 80
9 2715 80
9 2716 80
9 2717 80
9 2718 80
9 2719 80
9 2720 80
9 2721 80
9 2722 80
9 2723 80
9 2724 80
9 2725 80
9 2726 80
9 2727 80
9 2728 80
9 2729 80
9 2730 80
9 2731 80
9 2732 80
