file block round
0 2926 40
0 0 40
0 1 40
0 2 40
0 3 40
0 4 40
0 5 40
0 6 40
0 7 40
0 8 40
0 9 40
0 10 40
0 11 40
0 12 40
0 13 40
0 14 40
0 15 40
0 16 40
0 17 40
0 18 40
0 19 40
0 20 40
0 21 40
0 22 40
0 23 40
0 24 40
0 25 40
0 26 40
0 27 40
0 28 40
0 29 40
0 30 40
0 31 40
0 2230 40
0 2231 40
0 2232 40
0 2233 40
0 2234 40
0 2235 40
0 2236 40
0 2237 40
0 2238 40
0 2239 40
0 2240 40
0 2241 40
0 2242 40
0 2243 40
0 2244 40
0 2245 40
0 2246 40
0 2247 40
0 2248 40
0 2249 40
0 2250 40
0 2251 40
0 2252 40
0 2253 40
0 2254 40
0 2255 40
0 2256 40
0 2257 40
0 2258 40
0 2259 40
0 2260 40
0 2261 40
0 2862 40
0 2863 40
0 2864 40
0 2865 40
0 2866 40
0 2867 40
0 2868 40
0 2869 40
0 2870 40
0 2871 40
0 2872 40
0 2873 40
0 2874 40
0 2875 40
0 2876 40
0 2877 40
0 2878 40
0 2879 40
0 2880 40
0 2881 40
0 2882 40
0 2883 40
0 2884 40
0 2885 40
0 2886 40
0 2887 40
0 2888 40
0 2889 40
0 2890 40
0 2891 40
0 2892 40
0 2893 40
0 2894 40
0 2895 40
0 2896 40
0 2897 40
0 2898 40
0 2899 40
0 2900 40
0 2901 40
0 2902 40
0 2903 40
0 2904 40
0 2905 40
0 2906 40
0 2907 40
0 2908 40
0 2909 40
0 2910 40
0 2911 40
0 2912 40
0 2913 40
0 2914 40
0 2915 40
0 2916 40
0 2917 40
0 2918 40
0 2919 40
0 2920 40
0 2921 40
0 2922 40
0 2923 40
0 2924 40
0 2925 40
1 2991 40
1 83 40
1 84 40
1 85 40
1 86 40
1 87 40
1 88 40
1 89 40
1 90 40
1 91 40
1 92 40
1 93 40
1 94 40
1 95 40
1 96 40
1 97 40
1 98 40
1 99 40
1 100 40
1 101 40
1 102 40
1 103 40
1 104 40
1 105 40
1 106 40
1 107 40
1 108 40
1 109 40
1 110 40
1 111 40
1 112 40
1 113 40
1 114 40
1 1646 40
1 1647 40
1 1648 40
1 1649 40
1 1650 40
1 1651 40
1 1652 40
1 1653 40
1 1654 40
1 1655 40
1 1656 40
1 1657 40
1 1658 40
1 1659 40
1 1660 40
1 1661 40
1 1662 40
1 1663 40
1 1664 40
1 1665 40
1 1666 40
1 1667 40
1 1668 40
1 1669 40
1 1670 40
1 1671 40
1 1672 40
1 1673 40
1 1674 40
1 1675 40
1 1676 40
1 1677 40
1 2927 40
1 2928 40
1 2929 40
1 2930 40
1 2931 40
1 2932 40
1 2933 40
1 2934 40
1 2935 40
1 2936 40
1 2937 40
1 2938 40
1 2939 40
1 2940 40
1 2941 40
1 2942 40
1 2943 40
1 2944 40
1 2945 40
1 2946 40
1 2947 40
1 2948 40
1 2949 40
1 2950 40
1 2951 40
1 2952 40
1 2953 40
1 2954 40
1 2955 40
1 2956 40
1 2957 40
1 2958 40
1 2959 40
1 2960 40
1 2961 40
1 2962 40
1 2963 40
1 2964 40
1 2965 40
1 2966 40
1 2967 40
1 2968 40
1 2969 40
1 2970 40
1 2971 40
1 2972 40
1 2973 40
1 2974 40
1 2975 40
1 2976 40
1 2977 40
1 2978 40
1 2979 40
1 2980 40
1 2981 40
1 2982 40
1 2983 40
1 2984 40
1 2985 40
1 2986 40
1 2987 40
1 2988 40
1 2989 40
1 2990 40
2 3056 40
2 148 40
2 149 40
2 150 40
2 151 40
2 152 40
2 153 40
2 154 40
2 155 40
2 156 40
2 157 40
2 158 40
2 159 40
2 160 40
2 161 40
2 162 40
2 163 40
2 164 40
2 165 40
2 166 40
2 167 40
2 168 40
2 169 40
2 170 40
2 171 40
2 172 40
2 173 40
2 174 40
2 175 40
2 176 40
2 177 40
2 178 40
2 179 40
2 1711 40
2 1712 40
2 1713 40
2 1714 40
2 1715 40
2 1716 40
2 1717 40
2 1718 40
2 1719 40
2 1720 40
2 1721 40
2 1722 40
2 1723 40
2 1724 40
2 1725 40
2 1726 40
2 1727 40
2 1728 40
2 1729 40
2 1730 40
2 1731 40
2 1732 40
2 1733 40
2 1734 40
2 1735 40
2 1736 40
2 1737 40
2 1738 40
2 1739 40
2 1740 40
2 1741 40
2 1742 40
2 2992 40
2 2993 40
2 2994 40
2 2995 40
2 2996 40
2 2997 40
2 2998 40
2 2999 40
2 3000 40
2 3001 40
2 3002 40
2 3003 40
2 3004 40
2 3005 40
2 3006 40
2 3007 40
2 3008 40
2 3009 40
2 3010 40
2 3011 40
2 3012 40
2 3013 40
2 3014 40
2 3015 40
2 3016 40
2 3017 40
2 3018 40
2 3019 40
2 3020 40
2 3021 40
2 3022 40
2 3023 40
2 3024 40
2 3025 40
2 3026 40
2 3027 40
2 3028 40
2 3029 40
2 3030 40
2 3031 40
2 3032 40
2 3033 40
2 3034 40
2 3035 40
2 3036 40
2 3037 40
2 3038 40
2 3039 40
2 3040 40
2 3041 40
2 3042 40
2 3043 40
2 3044 40
2 3045 40
2 3046 40
2 3047 40
2 3048 40
2 3049 40
2 3050 40
2 3051 40
2 3052 40
2 3053 40
2 3054 40
2 3055 40
3 3121 40
3 213 40
3 214 40
3 215 40
3 216 40
3 217 40
3 218 40
3 219 40
3 220 40
3 221 40
3 222 40
3 223 40
3 224 40
3 225 40
3 226 40
3 227 40
3 228 40
3 229 40
3 230 40
3 231 40
3 232 40
3 233 40
3 234 40
3 235 40
3 236 40
3 237 40
3 238 40
3 239 40
3 240 40
3 241 40
3 242 40
3 243 40
3 244 40
3 1776 40
3 1777 40
3 1778 40
3 1779 40
3 1780 40
3 1781 40
3 1782 40
3 1783 40
3 1784 40
3 1785 40
3 1786 40
3 1787 40
3 1788 40
3 1789 40
3 1790 40
3 1791 40
3 1792 40
3 1793 40
3 1794 40
3 1795 40
3 1796 40
3 1797 40
3 1798 40
3 1799 40
3 1800 40
3 1801 40
3 1802 40
3 1803 40
3 1804 40
3 1805 40
3 1806 40
3 1807 40
3 3057 40
3 3058 40
3 3059 40
3 3060 40
3 3061 40
3 3062 40
3 3063 40
3 3064 40
3 3065 40
3 3066 40
3 3067 40
3 3068 40
3 3069 40
3 3070 40
3 3071 40
3 3072 40
3 3073 40
3 3074 40
3 3075 40
3 3076 40
3 3077 40
3 3078 40
3 3079 40
3 3080 40
3 3081 40
3 3082 40
3 3083 40
3 3084 40
3 3085 40
3 3086 40
3 3087 40
3 3088 40
3 3089 40
3 3090 40
3 3091 40
3 3092 40
3 3093 40
3 3094 40
3 3095 40
3 3096 40
3 3097 40
3 3098 40
3 3099 40
3 3100 40
3 3101 40
3 3102 40
3 3103 40
3 3104 40
3 3105 40
3 3106 40
3 3107 40
3 3108 40
3 3109 40
3 3110 40
3 3111 40
3 3112 40
3 3113 40
3 3114 40
3 3115 40
3 3116 40
3 3117 40
3 3118 40
3 3119 40
3 3120 40
4 3186 40
4 278 40
4 279 40
4 280 40
4 281 40
4 282 40
4 283 40
4 284 40
4 285 40
4 286 40
4 287 40
4 288 40
4 289 40
4 290 40
4 291 40
4 292 40
4 293 40
4 294 40
4 295 40
4 296 40
4 297 40
4 298 40
4 299 40
4 300 40
4 301 40
4 302 40
4 303 40
4 304 40
4 305 40
4 306 40
4 307 40
4 308 40
4 309 40
4 1841 40
4 1842 40
4 1843 40
4 1844 40
4 1845 40
4 1846 40
4 1847 40
4 1848 40
4 1849 40
4 1850 40
4 1851 40
4 1852 40
4 1853 40
4 1854 40
4 1855 40
4 1856 40
4 1857 40
4 1858 40
4 1859 40
4 1860 40
4 1861 40
4 1862 40
4 1863 40
4 1864 40
4 1865 40
4 1866 40
4 1867 40
4 1868 40
4 1869 40
4 1870 40
4 1871 40
4 1872 40
4 3122 40
4 3123 40
4 3124 40
4 3125 40
4 3126 40
4 3127 40
4 3128 40
4 3129 40
4 3130 40
4 3131 40
4 3132 40
4 3133 40
4 3134 40
4 3135 40
4 3136 40
4 3137 40
4 3138 40
4 3139 40
4 3140 40
4 3141 40
4 3142 40
4 3143 40
4 3144 40
4 3145 40
4 3146 40
4 3147 40
4 3148 40
4 3149 40
4 3150 40
4 3151 40
4 3152 40
4 3153 40
4 3154 40
4 3155 40
4 3156 40
4 3157 40
4 3158 40
4 3159 40
4 3160 40
4 3161 40
4 3162 40
4 3163 40
4 3164 40
4 3165 40
4 3166 40
4 3167 40
4 3168 40
4 3169 40
4 3170 40
4 3171 40
4 3172 40
4 3173 40
4 3174 40
4 3175 40
4 3176 40
4 3177 40
4 3178 40
4 3179 40
4 3180 40
4 3181 40
4 3182 40
4 3183 40
4 3184 40
4 3185 40
5 2601 40
5 343 40
5 344 40
5 345 40
5 346 40
5 347 40
5 348 40
5 349 40
5 350 40
5 351 40
5 352 40
5 353 40
5 354 40
5 355 40
5 356 40
5 357 40
5 358 40
5 359 40
5 360 40
5 361 40
5 362 40
5 363 40
5 364 40
5 365 40
5 366 40
5 367 40
5 368 40
5 369 40
5 370 40
5 371 40
5 372 40
5 373 40
5 374 40
5 1906 40
5 1907 40
5 1908 40
5 1909 40
5 1910 40
5 1911 40
5 1912 40
5 1913 40
5 1914 40
5 1915 40
5 1916 40
5 1917 40
5 1918 40
5 1919 40
5 1920 40
5 1921 40
5 1922 40
5 1923 40
5 1924 40
5 1925 40
5 1926 40
5 1927 40
5 1928 40
5 1929 40
5 1930 40
5 1931 40
5 1932 40
5 1933 40
5 1934 40
5 1935 40
5 1936 40
5 1937 40
5 2537 40
5 2538 40
5 2539 40
5 2540 40
5 2541 40
5 2542 40
5 2543 40
5 2544 40
5 2545 40
5 2546 40
5 2547 40
5 2548 40
5 2549 40
5 2550 40
5 2551 40
5 2552 40
5 2553 40
5 2554 40
5 2555 40
5 2556 40
5 2557 40
5 2558 40
5 2559 40
5 2560 40
5 2561 40
5 2562 40
5 2563 40
5 2564 40
5 2565 40
5 2566 40
5 2567 40
5 2568 40
5 2569 40
5 2570 40
5 2571 40
5 2572 40
5 2573 40
5 2574 40
5 2575 40
5 2576 40
5 2577 40
5 2578 40
5 2579 40
5 2580 40
5 2581 40
5 2582 40
5 2583 40
5 2584 40
5 2585 40
5 2586 40
5 2587 40
5 2588 40
5 2589 40
5 2590 40
5 2591 40
5 2592 40
5 2593 40
5 2594 40
5 2595 40
5 2596 40
5 2597 40
5 2598 40
5 2599 40
5 2600 40
6 2666 40
6 408 40
6 409 40
6 410 40
6 411 40
6 412 40
6 413 40
6 414 40
6 415 40
6 416 40
6 417 40
6 418 40
6 419 40
6 420 40
6 421 40
6 422 40
6 423 40
6 424 40
6 425 40
6 426 40
6 427 40
6 428 40
6 429 40
6 430 40
6 431 40
6 432 40
6 433 40
6 434 40
6 435 40
6 436 40
6 437 40
6 438 40
6 439 40
6 1971 40
6 1972 40
6 1973 40
6 1974 40
6 1975 40
6 1976 40
6 1977 40
6 1978 40
6 1979 40
6 1980 40
6 1981 40
6 1982 40
6 1983 40
6 1984 40
6 1985 40
6 1986 40
6 1987 40
6 1988 40
6 1989 40
6 1990 40
6 1991 40
6 1992 40
6 1993 40
6 1994 40
6 1995 40
6 1996 40
6 1997 40
6 1998 40
6 1999 40
6 2000 40
6 2001 40
6 2002 40
6 2602 40
6 2603 40
6 2604 40
6 2605 40
6 2606 40
6 2607 40
6 2608 40
6 2609 40
6 2610 40
6 2611 40
6 2612 40
6 2613 40
6 2614 40
6 2615 40
6 2616 40
6 2617 40
6 2618 40
6 2619 40
6 2620 40
6 2621 40
6 2622 40
6 2623 40
6 2624 40
6 2625 40
6 2626 40
6 2627 40
6 2628 40
6 2629 40
6 2630 40
6 2631 40
6 2632 40
6 2633 40
6 2634 40
6 2635 40
6 2636 40
6 2637 40
6 2638 40
6 2639 40
6 2640 40
6 2641 40
6 2642 40
6 2643 40
6 2644 40
6 2645 40
6 2646 40
6 2647 40
6 2648 40
6 2649 40
6 2650 40
6 2651 40
6 2652 40
6 2653 40
6 2654 40
6 2655 40
6 2656 40
6 2657 40
6 2658 40
6 2659 40
6 2660 40
6 2661 40
6 2662 40
6 2663 40
6 2664 40
6 2665 40
7 2731 40
7 473 40
7 474 40
7 475 40
7 476 40
7 477 40
7 478 40
7 479 40
7 480 40
7 481 40
7 482 40
7 483 40
7 484 40
7 485 40
7 486 40
7 487 40
7 488 40
7 489 40
7 490 40
7 491 40
7 492 40
7 493 40
7 494 40
7 495 40
7 496 40
7 497 40
7 498 40
7 499 40
7 500 40
7 501 40
7 502 40
7 503 40
7 504 40
7 2036 40
7 2037 40
7 2038 40
7 2039 40
7 2040 40
7 2041 40
7 2042 40
7 2043 40
7 2044 40
7 2045 40
7 2046 40
7 2047 40
7 2048 40
7 2049 40
7 2050 40
7 2051 40
7 2052 40
7 2053 40
7 2054 40
7 2055 40
7 2056 40
7 2057 40
7 2058 40
7 2059 40
7 2060 40
7 2061 40
7 2062 40
7 2063 40
7 2064 40
7 2065 40
7 2066 40
7 2067 40
7 2667 40
7 2668 40
7 2669 40
7 2670 40
7 2671 40
7 2672 40
7 2673 40
7 2674 40
7 2675 40
7 2676 40
7 2677 40
7 2678 40
7 2679 40
7 2680 40
7 2681 40
7 2682 40
7 2683 40
7 2684 40
7 2685 40
7 2686 40
7 2687 40
7 2688 40
7 2689 40
7 2690 40
7 2691 40
7 2692 40
7 2693 40
7 2694 40
7 2695 40
7 2696 40
7 2697 40
7 2698 40
7 2699 40
7 2700 40
7 2701 40
7 2702 40
7 2703 40
7 2704 40
7 2705 40
7 2706 40
7 2707 40
7 2708 40
7 2709 40
7 2710 40
7 2711 40
7 2712 40
7 2713 40
7 2714 40
7 2715 40
7 2716 40
7 2717 40
7 2718 40
7 2719 40
7 2720 40
7 2721 40
7 2722 40
7 2723 40
7 2724 40
7 2725 40
7 2726 40
7 2727 40
7 2728 40
7 2729 40
7 2730 40
8 2828 40
8 538 40
8 539 40
8 540 40
8 541 40
8 542 40
8 543 40
8 544 40
8 545 40
8 546 40
8 547 40
8 548 40
8 549 40
8 550 40
8 551 40
8 552 40
8 553 40
8 554 40
8 555 40
8 556 40
8 557 40
8 558 40
8 559 40
8 560 40
8 561 40
8 562 40
8 563 40
8 564 40
8 565 40
8 566 40
8 567 40
8 568 40
8 569 40
8 2101 40
8 2102 40
8 2103 40
8 2104 40
8 2105 40
8 2106 40
8 2107 40
8 2108 40
8 2109 40
8 2110 40
8 2111 40
8 2112 40
8 2113 40
8 2114 40
8 2115 40
8 2116 40
8 2117 40
8 2118 40
8 2119 40
8 2120 40
8 2121 40
8 2122 40
8 2123 40
8 2124 40
8 2125 40
8 2126 40
8 2127 40
8 2128 40
8 2129 40
8 2130 40
8 2131 40
8 2132 40
8 2732 40
8 2733 40
8 2734 40
8 2735 40
8 2736 40
8 2737 40
8 2738 40
8 2739 40
8 2740 40
8 2741 40
8 2742 40
8 2743 40
8 2744 40
8 2745 40
8 2746 40
8 2747 40
8 2748 40
8 2749 40
8 2750 40
8 2751 40
8 2752 40
8 2753 40
8 2754 40
8 2755 40
8 2756 40
8 2757 40
8 2758 40
8 2759 40
8 2760 40
8 2761 40
8 2762 40
8 2763 40
8 2764 40
8 2765 40
8 2766 40
8 2767 40
8 2768 40
8 2769 40
8 2770 40
8 2771 40
8 2772 40
8 2773 40
8 2774 40
8 2775 40
8 2776 40
8 2777 40
8 2778 40
8 2779 40
8 2780 40
8 2781 40
8 2782 40
8 2783 40
8 2784 40
8 2785 40
8 2786 40
8 2787 40
8 2788 40
8 2789 40
8 2790 40
8 2791 40
8 2792 40
8 2793 40
8 2794 40
8 2795 40
9 2861 40
9 603 40
9 604 40
9 605 40
9 606 40
9 607 40
9 608 40
9 609 40
9 610 40
9 611 40
9 612 40
9 613 40
9 614 40
9 615 40
9 616 40
9 617 40
9 618 40
9 619 40
9 620 40
9 621 40
9 622 40
9 623 40
9 624 40
9 625 40
9 626 40
9 627 40
9 628 40
9 629 40
9 630 40
9 631 40
9 632 40
9 633 40
9 634 40
9 2166 40
9 2167 40
9 2168 40
9 2169 40
9 2170 40
9 2171 40
9 2172 40
9 2173 40
9 2174 40
9 2175 40
9 2176 40
9 2177 40
9 2178 40
9 2179 40
9 2180 40
9 2181 40
9 2182 40
9 2183 40
9 2184 40
9 2185 40
9 2186 40
9 2187 40
9 2188 40
9 2189 40
9 2190 40
9 2191 40
9 2192 40
9 2193 40
9 2194 40
9 2195 40
9 2196 40
9 2197 40
9 2796 40
9 2797 40
9 2798 40
9 2799 40
9 2800 40
9 2801 40
9 2802 40
9 2803 40
9 2804 40
9 2805 40
9 2806 40
9 2807 40
9 2808 40
9 2809 40
9 2810 40
9 2811 40
9 2812 40
9 2813 40
9 2814 40
9 2815 40
9 2816 40
9 2817 40
9 2818 40
9 2819 40
9 2820 40
9 2821 40
9 2822 40
9 2823 40
9 2824 40
9 2825 40
9 2826 40
9 2827 40
9 2829 40
9 2830 40
9 2831 40
9 2832 40
9 2833 40
9 2834 40
9 2835 40
9 2836 40
9 2837 40
9 2838 40
9 2839 40
9 2840 40
9 2841 40
9 2842 40
9 2843 40
9 2844 40
9 2845 40
9 2846 40
9 2847 40
9 2848 40
9 2849 40
9 2850 40
9 2851 40
9 2852 40
9 2853 40
9 2854 40
9 2855 40
9 2856 40
9 2857 40
9 2858 40
9 2859 40
9 2860 40
