block round
3389 50
246 50
247 50
248 50
249 50
250 50
251 50
252 50
253 50
254 50
255 50
256 50
257 50
258 50
259 50
260 50
261 50
262 50
263 50
264 50
265 50
266 50
267 50
268 50
269 50
270 50
271 50
272 50
273 50
274 50
275 50
276 50
277 50
1844 50
1845 50
1846 50
1847 50
1848 50
1849 50
1850 50
1851 50
1852 50
1853 50
1854 50
1855 50
1856 50
1857 50
1858 50
1859 50
1860 50
1861 50
1862 50
1863 50
1864 50
1865 50
1866 50
1867 50
1868 50
1869 50
1870 50
1871 50
1872 50
1873 50
1874 50
1875 50
3325 50
3326 50
3327 50
3328 50
3329 50
3330 50
3331 50
3332 50
3333 50
3334 50
3335 50
3336 50
3337 50
3338 50
3339 50
3340 50
3341 50
3342 50
3343 50
3344 50
3345 50
3346 50
3347 50
3348 50
3349 50
3350 50
3351 50
3352 50
3353 50
3354 50
3355 50
3356 50
3357 50
3358 50
3359 50
3360 50
3361 50
3362 50
3363 50
3364 50
3365 50
3366 50
3367 50
3368 50
3369 50
3370 50
3371 50
3372 50
3373 50
3374 50
3375 50
3376 50
3377 50
3378 50
3379 50
3380 50
3381 50
3382 50
3383 50
3384 50
3385 50
3386 50
3387 50
3388 50
