file block round
0 3233 60
0 0 60
0 1 60
0 2 60
0 3 60
0 4 60
0 5 60
0 6 60
0 7 60
0 8 60
0 9 60
0 10 60
0 11 60
0 12 60
0 13 60
0 14 60
0 15 60
0 16 60
0 17 60
0 18 60
0 19 60
0 20 60
0 21 60
0 22 60
0 23 60
0 24 60
0 25 60
0 26 60
0 27 60
0 28 60
0 29 60
0 30 60
0 31 60
0 2245 60
0 2246 60
0 2247 60
0 2248 60
0 2249 60
0 2250 60
0 2251 60
0 2252 60
0 2253 60
0 2254 60
0 2255 60
0 2256 60
0 2257 60
0 2258 60
0 2259 60
0 2260 60
0 2261 60
0 2262 60
0 2263 60
0 2264 60
0 2265 60
0 2266 60
0 2267 60
0 2268 60
0 2269 60
0 2270 60
0 2271 60
0 2272 60
0 2273 60
0 2274 60
0 2275 60
0 2276 60
0 3137 60
0 3138 60
0 3139 60
0 3140 60
0 3141 60
0 3142 60
0 3143 60
0 3144 60
0 3145 60
0 3146 60
0 3147 60
0 3148 60
0 3149 60
0 3150 60
0 3151 60
0 3152 60
0 3153 60
0 3154 60
0 3155 60
0 3156 60
0 3157 60
0 3158 60
0 3159 60
0 3160 60
0 3161 60
0 3162 60
0 3163 60
0 3164 60
0 3165 60
0 3166 60
0 3167 60
0 3168 60
0 3169 60
0 3170 60
0 3171 60
0 3172 60
0 3173 60
0 3174 60
0 3175 60
0 3176 60
0 3177 60
0 3178 60
0 3179 60
0 3180 60
0 3181 60
0 3182 60
0 3183 60
0 3184 60
0 3185 60
0 3186 60
0 3187 60
0 3188 60
0 3189 60
0 3190 60
0 3191 60
0 3192 60
0 3193 60
0 3194 60
0 3195 60
0 3196 60
0 3197 60
0 3198 60
0 3199 60
0 3200 60
1 3266 60
1 83 60
1 84 60
1 85 60
1 86 60
1 87 60
1 88 60
1 89 60
1 90 60
1 91 60
1 92 60
1 93 60
1 94 60
1 95 60
1 96 60
1 97 60
1 98 60
1 99 60
1 100 60
1 101 60
1 102 60
1 103 60
1 104 60
1 105 60
1 106 60
1 107 60
1 108 60
1 109 60
1 110 60
1 111 60
1 112 60
1 113 60
1 114 60
1 1661 60
1 1662 60
1 1663 60
1 1664 60
1 1665 60
1 1666 60
1 1667 60
1 1668 60
1 1669 60
1 1670 60
1 1671 60
1 1672 60
1 1673 60
1 1674 60
1 1675 60
1 1676 60
1 1677 60
1 1678 60
1 1679 60
1 1680 60
1 1681 60
1 1682 60
1 1683 60
1 1684 60
1 1685 60
1 1686 60
1 1687 60
1 1688 60
1 1689 60
1 1690 60
1 1691 60
1 1692 60
1 3201 60
1 3202 60
1 3203 60
1 3204 60
1 3205 60
1 3206 60
1 3207 60
1 3208 60
1 3209 60
1 3210 60
1 3211 60
1 3212 60
1 3213 60
1 3214 60
1 3215 60
1 3216 60
1 3217 60
1 3218 60
1 3219 60
1 3220 60
1 3221 60
1 3222 60
1 3223 60
1 3224 60
1 3225 60
1 3226 60
1 3227 60
1 3228 60
1 3229 60
1 3230 60
1 3231 60
1 3232 60
1 3234 60
1 3235 60
1 3236 60
1 3237 60
1 3238 60
1 3239 60
1 3240 60
1 3241 60
1 3242 60
1 3243 60
1 3244 60
1 3245 60
1 3246 60
1 3247 60
1 3248 60
1 3249 60
1 3250 60
1 3251 60
1 3252 60
1 3253 60
1 3254 60
1 3255 60
1 3256 60
1 3257 60
1 3258 60
1 3259 60
1 3260 60
1 3261 60
1 3262 60
1 3263 60
1 3264 60
1 3265 60
2 3331 60
2 148 60
2 149 60
2 150 60
2 151 60
2 152 60
2 153 60
2 154 60
2 155 60
2 156 60
2 157 60
2 158 60
2 159 60
2 160 60
2 161 60
2 162 60
2 163 60
2 164 60
2 165 60
2 166 60
2 167 60
2 168 60
2 169 60
2 170 60
2 171 60
2 172 60
2 173 60
2 174 60
2 175 60
2 176 60
2 177 60
2 178 60
2 179 60
2 1726 60
2 1727 60
2 1728 60
2 1729 60
2 1730 60
2 1731 60
2 1732 60
2 1733 60
2 1734 60
2 1735 60
2 1736 60
2 1737 60
2 1738 60
2 1739 60
2 1740 60
2 1741 60
2 1742 60
2 1743 60
2 1744 60
2 1745 60
2 1746 60
2 1747 60
2 1748 60
2 1749 60
2 1750 60
2 1751 60
2 1752 60
2 1753 60
2 1754 60
2 1755 60
2 1756 60
2 1757 60
2 3267 60
2 3268 60
2 3269 60
2 3270 60
2 3271 60
2 3272 60
2 3273 60
2 3274 60
2 3275 60
2 3276 60
2 3277 60
2 3278 60
2 3279 60
2 3280 60
2 3281 60
2 3282 60
2 3283 60
2 3284 60
2 3285 60
2 3286 60
2 3287 60
2 3288 60
2 3289 60
2 3290 60
2 3291 60
2 3292 60
2 3293 60
2 3294 60
2 3295 60
2 3296 60
2 3297 60
2 3298 60
2 3299 60
2 3300 60
2 3301 60
2 3302 60
2 3303 60
2 3304 60
2 3305 60
2 3306 60
2 3307 60
2 3308 60
2 3309 60
2 3310 60
2 3311 60
2 3312 60
2 3313 60
2 3314 60
2 3315 60
2 3316 60
2 3317 60
2 3318 60
2 3319 60
2 3320 60
2 3321 60
2 3322 60
2 3323 60
2 3324 60
2 3325 60
2 3326 60
2 3327 60
2 3328 60
2 3329 60
2 3330 60
3 3396 60
3 213 60
3 214 60
3 215 60
3 216 60
3 217 60
3 218 60
3 219 60
3 220 60
3 221 60
3 222 60
3 223 60
3 224 60
3 225 60
3 226 60
3 227 60
3 228 60
3 229 60
3 230 60
3 231 60
3 232 60
3 233 60
3 234 60
3 235 60
3 236 60
3 237 60
3 238 60
3 239 60
3 240 60
3 241 60
3 242 60
3 243 60
3 244 60
3 1791 60
3 1792 60
3 1793 60
3 1794 60
3 1795 60
3 1796 60
3 1797 60
3 1798 60
3 1799 60
3 1800 60
3 1801 60
3 1802 60
3 1803 60
3 1804 60
3 1805 60
3 1806 60
3 1807 60
3 1808 60
3 1809 60
3 1810 60
3 1811 60
3 1812 60
3 1813 60
3 1814 60
3 1815 60
3 1816 60
3 1817 60
3 1818 60
3 1819 60
3 1820 60
3 1821 60
3 1822 60
3 3364 60
3 3365 60
3 3366 60
3 3367 60
3 3368 60
3 3369 60
3 3370 60
3 3371 60
3 3372 60
3 3373 60
3 3374 60
3 3375 60
3 3376 60
3 3377 60
3 3378 60
3 3379 60
3 3380 60
3 3381 60
3 3382 60
3 3383 60
3 3384 60
3 3385 60
3 3386 60
3 3387 60
3 3388 60
3 3389 60
3 3390 60
3 3391 60
3 3392 60
3 3393 60
3 3394 60
3 3395 60
3 3332 60
3 3333 60
3 3334 60
3 3335 60
3 3336 60
3 3337 60
3 3338 60
3 3339 60
3 3340 60
3 3341 60
3 3342 60
3 3343 60
3 3344 60
3 3345 60
3 3346 60
3 3347 60
3 3348 60
3 3349 60
3 3350 60
3 3351 60
3 3352 60
3 3353 60
3 3354 60
3 3355 60
3 3356 60
3 3357 60
3 3358 60
3 3359 60
3 3360 60
3 3361 60
3 3362 60
3 3363 60
4 3461 60
4 278 60
4 279 60
4 280 60
4 281 60
4 282 60
4 283 60
4 284 60
4 285 60
4 286 60
4 287 60
4 288 60
4 289 60
4 290 60
4 291 60
4 292 60
4 293 60
4 294 60
4 295 60
4 296 60
4 297 60
4 298 60
4 299 60
4 300 60
4 301 60
4 302 60
4 303 60
4 304 60
4 305 60
4 306 60
4 307 60
4 308 60
4 309 60
4 1888 60
4 1889 60
4 1890 60
4 1891 60
4 1892 60
4 1893 60
4 1894 60
4 1895 60
4 1896 60
4 1897 60
4 1898 60
4 1899 60
4 1900 60
4 1901 60
4 1902 60
4 1903 60
4 1904 60
4 1905 60
4 1906 60
4 1907 60
4 1908 60
4 1909 60
4 1910 60
4 1911 60
4 1912 60
4 1913 60
4 1914 60
4 1915 60
4 1916 60
4 1917 60
4 1918 60
4 1919 60
4 3397 60
4 3398 60
4 3399 60
4 3400 60
4 3401 60
4 3402 60
4 3403 60
4 3404 60
4 3405 60
4 3406 60
4 3407 60
4 3408 60
4 3409 60
4 3410 60
4 3411 60
4 3412 60
4 3413 60
4 3414 60
4 3415 60
4 3416 60
4 3417 60
4 3418 60
4 3419 60
4 3420 60
4 3421 60
4 3422 60
4 3423 60
4 3424 60
4 3425 60
4 3426 60
4 3427 60
4 3428 60
4 3429 60
4 3430 60
4 3431 60
4 3432 60
4 3433 60
4 3434 60
4 3435 60
4 3436 60
4 3437 60
4 3438 60
4 3439 60
4 3440 60
4 3441 60
4 3442 60
4 3443 60
4 3444 60
4 3445 60
4 3446 60
4 3447 60
4 3448 60
4 3449 60
4 3450 60
4 3451 60
4 3452 60
4 3453 60
4 3454 60
4 3455 60
4 3456 60
4 3457 60
4 3458 60
4 3459 60
4 3460 60
5 3526 60
5 343 60
5 344 60
5 345 60
5 346 60
5 347 60
5 348 60
5 349 60
5 350 60
5 351 60
5 352 60
5 353 60
5 354 60
5 355 60
5 356 60
5 357 60
5 358 60
5 359 60
5 360 60
5 361 60
5 362 60
5 363 60
5 364 60
5 365 60
5 366 60
5 367 60
5 368 60
5 369 60
5 370 60
5 371 60
5 372 60
5 373 60
5 374 60
5 1921 60
5 1922 60
5 1923 60
5 1924 60
5 1925 60
5 1926 60
5 1927 60
5 1928 60
5 1929 60
5 1930 60
5 1931 60
5 1932 60
5 1933 60
5 1934 60
5 1935 60
5 1936 60
5 1937 60
5 1938 60
5 1939 60
5 1940 60
5 1941 60
5 1942 60
5 1943 60
5 1944 60
5 1945 60
5 1946 60
5 1947 60
5 1948 60
5 1949 60
5 1950 60
5 1951 60
5 1952 60
5 3494 60
5 3495 60
5 3496 60
5 3497 60
5 3498 60
5 3499 60
5 3500 60
5 3501 60
5 3502 60
5 3503 60
5 3504 60
5 3505 60
5 3506 60
5 3507 60
5 3508 60
5 3509 60
5 3510 60
5 3511 60
5 3512 60
5 3513 60
5 3514 60
5 3515 60
5 3516 60
5 3517 60
5 3518 60
5 3519 60
5 3520 60
5 3521 60
5 3522 60
5 3523 60
5 3524 60
5 3525 60
5 3462 60
5 3463 60
5 3464 60
5 3465 60
5 3466 60
5 3467 60
5 3468 60
5 3469 60
5 3470 60
5 3471 60
5 3472 60
5 3473 60
5 3474 60
5 3475 60
5 3476 60
5 3477 60
5 3478 60
5 3479 60
5 3480 60
5 3481 60
5 3482 60
5 3483 60
5 3484 60
5 3485 60
5 3486 60
5 3487 60
5 3488 60
5 3489 60
5 3490 60
5 3491 60
5 3492 60
5 3493 60
6 3591 60
6 408 60
6 409 60
6 410 60
6 411 60
6 412 60
6 413 60
6 414 60
6 415 60
6 416 60
6 417 60
6 418 60
6 419 60
6 420 60
6 421 60
6 422 60
6 423 60
6 424 60
6 425 60
6 426 60
6 427 60
6 428 60
6 429 60
6 430 60
6 431 60
6 432 60
6 433 60
6 434 60
6 435 60
6 436 60
6 437 60
6 438 60
6 439 60
6 1986 60
6 1987 60
6 1988 60
6 1989 60
6 1990 60
6 1991 60
6 1992 60
6 1993 60
6 1994 60
6 1995 60
6 1996 60
6 1997 60
6 1998 60
6 1999 60
6 2000 60
6 2001 60
6 2002 60
6 2003 60
6 2004 60
6 2005 60
6 2006 60
6 2007 60
6 2008 60
6 2009 60
6 2010 60
6 2011 60
6 2012 60
6 2013 60
6 2014 60
6 2015 60
6 2016 60
6 2017 60
6 3527 60
6 3528 60
6 3529 60
6 3530 60
6 3531 60
6 3532 60
6 3533 60
6 3534 60
6 3535 60
6 3536 60
6 3537 60
6 3538 60
6 3539 60
6 3540 60
6 3541 60
6 3542 60
6 3543 60
6 3544 60
6 3545 60
6 3546 60
6 3547 60
6 3548 60
6 3549 60
6 3550 60
6 3551 60
6 3552 60
6 3553 60
6 3554 60
6 3555 60
6 3556 60
6 3557 60
6 3558 60
6 3559 60
6 3560 60
6 3561 60
6 3562 60
6 3563 60
6 3564 60
6 3565 60
6 3566 60
6 3567 60
6 3568 60
6 3569 60
6 3570 60
6 3571 60
6 3572 60
6 3573 60
6 3574 60
6 3575 60
6 3576 60
6 3577 60
6 3578 60
6 3579 60
6 3580 60
6 3581 60
6 3582 60
6 3583 60
6 3584 60
6 3585 60
6 3586 60
6 3587 60
6 3588 60
6 3589 60
6 3590 60
7 3656 60
7 473 60
7 474 60
7 475 60
7 476 60
7 477 60
7 478 60
7 479 60
7 480 60
7 481 60
7 482 60
7 483 60
7 484 60
7 485 60
7 486 60
7 487 60
7 488 60
7 489 60
7 490 60
7 491 60
7 492 60
7 493 60
7 494 60
7 495 60
7 496 60
7 497 60
7 498 60
7 499 60
7 500 60
7 501 60
7 502 60
7 503 60
7 504 60
7 2051 60
7 2052 60
7 2053 60
7 2054 60
7 2055 60
7 2056 60
7 2057 60
7 2058 60
7 2059 60
7 2060 60
7 2061 60
7 2062 60
7 2063 60
7 2064 60
7 2065 60
7 2066 60
7 2067 60
7 2068 60
7 2069 60
7 2070 60
7 2071 60
7 2072 60
7 2073 60
7 2074 60
7 2075 60
7 2076 60
7 2077 60
7 2078 60
7 2079 60
7 2080 60
7 2081 60
7 2082 60
7 3592 60
7 3593 60
7 3594 60
7 3595 60
7 3596 60
7 3597 60
7 3598 60
7 3599 60
7 3600 60
7 3601 60
7 3602 60
7 3603 60
7 3604 60
7 3605 60
7 3606 60
7 3607 60
7 3608 60
7 3609 60
7 3610 60
7 3611 60
7 3612 60
7 3613 60
7 3614 60
7 3615 60
7 3616 60
7 3617 60
7 3618 60
7 3619 60
7 3620 60
7 3621 60
7 3622 60
7 3623 60
7 3624 60
7 3625 60
7 3626 60
7 3627 60
7 3628 60
7 3629 60
7 3630 60
7 3631 60
7 3632 60
7 3633 60
7 3634 60
7 3635 60
7 3636 60
7 3637 60
7 3638 60
7 3639 60
7 3640 60
7 3641 60
7 3642 60
7 3643 60
7 3644 60
7 3645 60
7 3646 60
7 3647 60
7 3648 60
7 3649 60
7 3650 60
7 3651 60
7 3652 60
7 3653 60
7 3654 60
7 3655 60
8 3721 60
8 538 60
8 539 60
8 540 60
8 541 60
8 542 60
8 543 60
8 544 60
8 545 60
8 546 60
8 547 60
8 548 60
8 549 60
8 550 60
8 551 60
8 552 60
8 553 60
8 554 60
8 555 60
8 556 60
8 557 60
8 558 60
8 559 60
8 560 60
8 561 60
8 562 60
8 563 60
8 564 60
8 565 60
8 566 60
8 567 60
8 568 60
8 569 60
8 2116 60
8 2117 60
8 2118 60
8 2119 60
8 2120 60
8 2121 60
8 2122 60
8 2123 60
8 2124 60
8 2125 60
8 2126 60
8 2127 60
8 2128 60
8 2129 60
8 2130 60
8 2131 60
8 2132 60
8 2133 60
8 2134 60
8 2135 60
8 2136 60
8 2137 60
8 2138 60
8 2139 60
8 2140 60
8 2141 60
8 2142 60
8 2143 60
8 2144 60
8 2145 60
8 2146 60
8 2147 60
8 3657 60
8 3658 60
8 3659 60
8 3660 60
8 3661 60
8 3662 60
8 3663 60
8 3664 60
8 3665 60
8 3666 60
8 3667 60
8 3668 60
8 3669 60
8 3670 60
8 3671 60
8 3672 60
8 3673 60
8 3674 60
8 3675 60
8 3676 60
8 3677 60
8 3678 60
8 3679 60
8 3680 60
8 3681 60
8 3682 60
8 3683 60
8 3684 60
8 3685 60
8 3686 60
8 3687 60
8 3688 60
8 3689 60
8 3690 60
8 3691 60
8 3692 60
8 3693 60
8 3694 60
8 3695 60
8 3696 60
8 3697 60
8 3698 60
8 3699 60
8 3700 60
8 3701 60
8 3702 60
8 3703 60
8 3704 60
8 3705 60
8 3706 60
8 3707 60
8 3708 60
8 3709 60
8 3710 60
8 3711 60
8 3712 60
8 3713 60
8 3714 60
8 3715 60
8 3716 60
8 3717 60
8 3718 60
8 3719 60
8 3720 60
9 3786 60
9 603 60
9 604 60
9 605 60
9 606 60
9 607 60
9 608 60
9 609 60
9 610 60
9 611 60
9 612 60
9 613 60
9 614 60
9 615 60
9 616 60
9 617 60
9 618 60
9 619 60
9 620 60
9 621 60
9 622 60
9 623 60
9 624 60
9 625 60
9 626 60
9 627 60
9 628 60
9 629 60
9 630 60
9 631 60
9 632 60
9 633 60
9 634 60
9 2213 60
9 2214 60
9 2215 60
9 2216 60
9 2217 60
9 2218 60
9 2219 60
9 2220 60
9 2221 60
9 2222 60
9 2223 60
9 2224 60
9 2225 60
9 2226 60
9 2227 60
9 2228 60
9 2229 60
9 2230 60
9 2231 60
9 2232 60
9 2233 60
9 2234 60
9 2235 60
9 2236 60
9 2237 60
9 2238 60
9 2239 60
9 2240 60
9 2241 60
9 2242 60
9 2243 60
9 2244 60
9 3722 60
9 3723 60
9 3724 60
9 3725 60
9 3726 60
9 3727 60
9 3728 60
9 3729 60
9 3730 60
9 3731 60
9 3732 60
9 3733 60
9 3734 60
9 3735 60
9 3736 60
9 3737 60
9 3738 60
9 3739 60
9 3740 60
9 3741 60
9 3742 60
9 3743 60
9 3744 60
9 3745 60
9 3746 60
9 3747 60
9 3748 60
9 3749 60
9 3750 60
9 3751 60
9 3752 60
9 3753 60
9 3754 60
9 3755 60
9 3756 60
9 3757 60
9 3758 60
9 3759 60
9 3760 60
9 3761 60
9 3762 60
9 3763 60
9 3764 60
9 3765 60
9 3766 60
9 3767 60
9 3768 60
9 3769 60
9 3770 60
9 3771 60
9 3772 60
9 3773 60
9 3774 60
9 3775 60
9 3776 60
9 3777 60
9 3778 60
9 3779 60
9 3780 60
9 3781 60
9 3782 60
9 3783 60
9 3784 60
9 3785 60
