block round
2869 50
376 50
377 50
378 50
379 50
380 50
381 50
382 50
383 50
384 50
385 50
386 50
387 50
388 50
389 50
390 50
391 50
392 50
393 50
394 50
395 50
396 50
397 50
398 50
399 50
400 50
401 50
402 50
403 50
404 50
405 50
406 50
407 50
1942 50
1943 50
1944 50
1945 50
1946 50
1947 50
1948 50
1949 50
1950 50
1951 50
1952 50
1953 50
1954 50
1955 50
1956 50
1957 50
1958 50
1959 50
1960 50
1961 50
1962 50
1963 50
1964 50
1965 50
1966 50
1967 50
1968 50
1969 50
1970 50
1971 50
1972 50
1973 50
2805 50
2806 50
2807 50
2808 50
2809 50
2810 50
2811 50
2812 50
2813 50
2814 50
2815 50
2816 50
2817 50
2818 50
2819 50
2820 50
2821 50
2822 50
2823 50
2824 50
2825 50
2826 50
2827 50
2828 50
2829 50
2830 50
2831 50
2832 50
2833 50
2834 50
2835 50
2836 50
2837 50
2838 50
2839 50
2840 50
2841 50
2842 50
2843 50
2844 50
2845 50
2846 50
2847 50
2848 50
2849 50
2850 50
2851 50
2852 50
2853 50
2854 50
2855 50
2856 50
2857 50
2858 50
2859 50
2860 50
2861 50
2862 50
2863 50
2864 50
2865 50
2866 50
2867 50
2868 50
