block round
3129 50
0 50
1 50
2 50
3 50
4 50
5 50
6 50
7 50
8 50
9 50
10 50
11 50
12 50
13 50
14 50
15 50
16 50
17 50
18 50
19 50
20 50
21 50
22 50
23 50
24 50
25 50
26 50
27 50
28 50
29 50
30 50
31 50
2202 50
2203 50
2204 50
2205 50
2206 50
2207 50
2208 50
2209 50
2210 50
2211 50
2212 50
2213 50
2214 50
2215 50
2216 50
2217 50
2218 50
2219 50
2220 50
2221 50
2222 50
2223 50
2224 50
2225 50
2226 50
2227 50
2228 50
2229 50
2230 50
2231 50
2232 50
2233 50
3065 50
3066 50
3067 50
3068 50
3069 50
3070 50
3071 50
3072 50
3073 50
3074 50
3075 50
3076 50
3077 50
3078 50
3079 50
3080 50
3081 50
3082 50
3083 50
3084 50
3085 50
3086 50
3087 50
3088 50
3089 50
3090 50
3091 50
3092 50
3093 50
3094 50
3095 50
3096 50
3097 50
3098 50
3099 50
3100 50
3101 50
3102 50
3103 50
3104 50
3105 50
3106 50
3107 50
3108 50
3109 50
3110 50
3111 50
3112 50
3113 50
3114 50
3115 50
3116 50
3117 50
3118 50
3119 50
3120 50
3121 50
3122 50
3123 50
3124 50
3125 50
3126 50
3127 50
3128 50
