block round
3056 40
148 40
149 40
150 40
151 40
152 40
153 40
154 40
155 40
156 40
157 40
158 40
159 40
160 40
161 40
162 40
163 40
164 40
165 40
166 40
167 40
168 40
169 40
170 40
171 40
172 40
173 40
174 40
175 40
176 40
177 40
178 40
179 40
1711 40
1712 40
1713 40
1714 40
1715 40
1716 40
1717 40
1718 40
1719 40
1720 40
1721 40
1722 40
1723 40
1724 40
1725 40
1726 40
1727 40
1728 40
1729 40
1730 40
1731 40
1732 40
1733 40
1734 40
1735 40
1736 40
1737 40
1738 40
1739 40
1740 40
1741 40
1742 40
2992 40
2993 40
2994 40
2995 40
2996 40
2997 40
2998 40
2999 40
3000 40
3001 40
3002 40
3003 40
3004 40
3005 40
3006 40
3007 40
3008 40
3009 40
3010 40
3011 40
3012 40
3013 40
3014 40
3015 40
3016 40
3017 40
3018 40
3019 40
3020 40
3021 40
3022 40
3023 40
3024 40
3025 40
3026 40
3027 40
3028 40
3029 40
3030 40
3031 40
3032 40
3033 40
3034 40
3035 40
3036 40
3037 40
3038 40
3039 40
3040 40
3041 40
3042 40
3043 40
3044 40
3045 40
3046 40
3047 40
3048 40
3049 40
3050 40
3051 40
3052 40
3053 40
3054 40
3055 40
