block round
3588 90
326 90
327 90
328 90
329 90
330 90
331 90
332 90
333 90
334 90
335 90
336 90
337 90
338 90
339 90
340 90
341 90
342 90
343 90
344 90
345 90
346 90
347 90
348 90
349 90
350 90
351 90
352 90
353 90
354 90
355 90
356 90
357 90
1807 90
1808 90
1809 90
1810 90
1811 90
1812 90
1813 90
1814 90
1815 90
1816 90
1817 90
1818 90
1819 90
1820 90
1821 90
1822 90
1823 90
1824 90
1825 90
1826 90
1827 90
1828 90
1829 90
1830 90
1831 90
1832 90
1833 90
1834 90
1835 90
1836 90
1837 90
1838 90
3524 90
3525 90
3526 90
3527 90
3528 90
3529 90
3530 90
3531 90
3532 90
3533 90
3534 90
3535 90
3536 90
3537 90
3538 90
3539 90
3540 90
3541 90
3542 90
3543 90
3544 90
3545 90
3546 90
3547 90
3548 90
3549 90
3550 90
3551 90
3552 90
3553 90
3554 90
3555 90
3556 90
3557 90
3558 90
3559 90
3560 90
3561 90
3562 90
3563 90
3564 90
3565 90
3566 90
3567 90
3568 90
3569 90
3570 90
3571 90
3572 90
3573 90
3574 90
3575 90
3576 90
3577 90
3578 90
3579 90
3580 90
3581 90
3582 90
3583 90
3584 90
3585 90
3586 90
3587 90
