block round
3133 90
520 90
521 90
522 90
523 90
524 90
525 90
526 90
527 90
528 90
529 90
530 90
531 90
532 90
533 90
534 90
535 90
536 90
537 90
538 90
539 90
540 90
541 90
542 90
543 90
544 90
545 90
546 90
547 90
548 90
549 90
550 90
551 90
2002 90
2003 90
2004 90
2005 90
2006 90
2007 90
2008 90
2009 90
2010 90
2011 90
2012 90
2013 90
2014 90
2015 90
2016 90
2017 90
2018 90
2019 90
2020 90
2021 90
2022 90
2023 90
2024 90
2025 90
2026 90
2027 90
2028 90
2029 90
2030 90
2031 90
2032 90
2033 90
3069 90
3070 90
3071 90
3072 90
3073 90
3074 90
3075 90
3076 90
3077 90
3078 90
3079 90
3080 90
3081 90
3082 90
3083 90
3084 90
3085 90
3086 90
3087 90
3088 90
3089 90
3090 90
3091 90
3092 90
3093 90
3094 90
3095 90
3096 90
3097 90
3098 90
3099 90
3100 90
3101 90
3102 90
3103 90
3104 90
3105 90
3106 90
3107 90
3108 90
3109 90
3110 90
3111 90
3112 90
3113 90
3114 90
3115 90
3116 90
3117 90
3118 90
3119 90
3120 90
3121 90
3122 90
3123 90
3124 90
3125 90
3126 90
3127 90
3128 90
3129 90
3130 90
3131 90
3132 90
