file block round
0 2715 70
0 584 70
0 585 70
0 586 70
0 587 70
0 588 70
0 589 70
0 590 70
0 591 70
0 592 70
0 593 70
0 594 70
0 595 70
0 596 70
0 597 70
0 598 70
0 599 70
0 600 70
0 601 70
0 602 70
0 603 70
0 604 70
0 605 70
0 606 70
0 607 70
0 608 70
0 609 70
0 610 70
0 611 70
0 612 70
0 613 70
0 614 70
0 615 70
0 617 70
0 618 70
0 619 70
0 620 70
0 621 70
0 622 70
0 623 70
0 624 70
0 625 70
0 626 70
0 627 70
0 628 70
0 629 70
0 630 70
0 631 70
0 632 70
0 633 70
0 634 70
0 635 70
0 636 70
0 637 70
0 638 70
0 639 70
0 640 70
0 641 70
0 642 70
0 643 70
0 644 70
0 645 70
0 646 70
0 647 70
0 648 70
0 2210 70
0 2211 70
0 2212 70
0 2213 70
0 2214 70
0 2215 70
0 2216 70
0 2217 70
0 2218 70
0 2219 70
0 2220 70
0 2221 70
0 2222 70
0 2223 70
0 2224 70
0 2225 70
0 2226 70
0 2227 70
0 2228 70
0 2229 70
0 2230 70
0 2231 70
0 2232 70
0 2233 70
0 2234 70
0 2235 70
0 2236 70
0 2237 70
0 2238 70
0 2239 70
0 2240 70
0 2241 70
0 2683 70
0 2684 70
0 2685 70
0 2686 70
0 2687 70
0 2688 70
0 2689 70
0 2690 70
0 2691 70
0 2692 70
0 2693 70
0 2694 70
0 2695 70
0 2696 70
0 2697 70
0 2698 70
0 2699 70
0 2700 70
0 2701 70
0 2702 70
0 2703 70
0 2704 70
0 2705 70
0 2706 70
0 2707 70
0 2708 70
0 2709 70
0 2710 70
0 2711 70
0 2712 70
0 2713 70
0 2714 70
1 2748 70
1 32 70
1 33 70
1 34 70
1 35 70
1 36 70
1 37 70
1 38 70
1 39 70
1 40 70
1 41 70
1 42 70
1 43 70
1 44 70
1 45 70
1 46 70
1 47 70
1 48 70
1 49 70
1 50 70
1 51 70
1 52 70
1 53 70
1 54 70
1 55 70
1 56 70
1 57 70
1 58 70
1 59 70
1 60 70
1 61 70
1 62 70
1 63 70
1 0 70
1 1 70
1 2 70
1 3 70
1 4 70
1 5 70
1 6 70
1 7 70
1 8 70
1 9 70
1 10 70
1 11 70
1 12 70
1 13 70
1 14 70
1 15 70
1 16 70
1 17 70
1 18 70
1 19 70
1 20 70
1 21 70
1 22 70
1 23 70
1 24 70
1 25 70
1 26 70
1 27 70
1 28 70
1 29 70
1 30 70
1 31 70
1 2275 70
1 2276 70
1 2277 70
1 2278 70
1 2279 70
1 2280 70
1 2281 70
1 2282 70
1 2283 70
1 2284 70
1 2285 70
1 2286 70
1 2287 70
1 2288 70
1 2289 70
1 2290 70
1 2291 70
1 2292 70
1 2293 70
1 2294 70
1 2295 70
1 2296 70
1 2297 70
1 2298 70
1 2299 70
1 2300 70
1 2301 70
1 2302 70
1 2303 70
1 2304 70
1 2305 70
1 2306 70
1 2716 70
1 2717 70
1 2718 70
1 2719 70
1 2720 70
1 2721 70
1 2722 70
1 2723 70
1 2724 70
1 2725 70
1 2726 70
1 2727 70
1 2728 70
1 2729 70
1 2730 70
1 2731 70
1 2732 70
1 2733 70
1 2734 70
1 2735 70
1 2736 70
1 2737 70
1 2738 70
1 2739 70
1 2740 70
1 2741 70
1 2742 70
1 2743 70
1 2744 70
1 2745 70
1 2746 70
1 2747 70
2 2781 70
2 65 70
2 66 70
2 67 70
2 68 70
2 69 70
2 70 70
2 71 70
2 72 70
2 73 70
2 74 70
2 75 70
2 76 70
2 77 70
2 78 70
2 79 70
2 80 70
2 81 70
2 82 70
2 83 70
2 84 70
2 85 70
2 86 70
2 87 70
2 88 70
2 89 70
2 90 70
2 91 70
2 92 70
2 93 70
2 94 70
2 95 70
2 96 70
2 97 70
2 98 70
2 99 70
2 100 70
2 101 70
2 102 70
2 103 70
2 104 70
2 105 70
2 106 70
2 107 70
2 108 70
2 109 70
2 110 70
2 111 70
2 112 70
2 113 70
2 114 70
2 115 70
2 116 70
2 117 70
2 118 70
2 119 70
2 120 70
2 121 70
2 122 70
2 123 70
2 124 70
2 125 70
2 126 70
2 127 70
2 128 70
2 2340 70
2 2341 70
2 2342 70
2 2343 70
2 2344 70
2 2345 70
2 2346 70
2 2347 70
2 2348 70
2 2349 70
2 2350 70
2 2351 70
2 2352 70
2 2353 70
2 2354 70
2 2355 70
2 2356 70
2 2357 70
2 2358 70
2 2359 70
2 2360 70
2 2361 70
2 2362 70
2 2363 70
2 2364 70
2 2365 70
2 2366 70
2 2367 70
2 2368 70
2 2369 70
2 2370 70
2 2371 70
2 2749 70
2 2750 70
2 2751 70
2 2752 70
2 2753 70
2 2754 70
2 2755 70
2 2756 70
2 2757 70
2 2758 70
2 2759 70
2 2760 70
2 2761 70
2 2762 70
2 2763 70
2 2764 70
2 2765 70
2 2766 70
2 2767 70
2 2768 70
2 2769 70
2 2770 70
2 2771 70
2 2772 70
2 2773 70
2 2774 70
2 2775 70
2 2776 70
2 2777 70
2 2778 70
2 2779 70
2 2780 70
3 2814 70
3 130 70
3 131 70
3 132 70
3 133 70
3 134 70
3 135 70
3 136 70
3 137 70
3 138 70
3 139 70
3 140 70
3 141 70
3 142 70
3 143 70
3 144 70
3 145 70
3 146 70
3 147 70
3 148 70
3 149 70
3 150 70
3 151 70
3 152 70
3 153 70
3 154 70
3 155 70
3 156 70
3 157 70
3 158 70
3 159 70
3 160 70
3 161 70
3 162 70
3 163 70
3 164 70
3 165 70
3 166 70
3 167 70
3 168 70
3 169 70
3 170 70
3 171 70
3 172 70
3 173 70
3 174 70
3 175 70
3 176 70
3 177 70
3 178 70
3 179 70
3 180 70
3 181 70
3 182 70
3 183 70
3 184 70
3 185 70
3 186 70
3 187 70
3 188 70
3 189 70
3 190 70
3 191 70
3 192 70
3 193 70
3 2405 70
3 2406 70
3 2407 70
3 2408 70
3 2409 70
3 2410 70
3 2411 70
3 2412 70
3 2413 70
3 2414 70
3 2415 70
3 2416 70
3 2417 70
3 2418 70
3 2419 70
3 2420 70
3 2421 70
3 2422 70
3 2423 70
3 2424 70
3 2425 70
3 2426 70
3 2427 70
3 2428 70
3 2429 70
3 2430 70
3 2431 70
3 2432 70
3 2433 70
3 2434 70
3 2435 70
3 2436 70
3 2782 70
3 2783 70
3 2784 70
3 2785 70
3 2786 70
3 2787 70
3 2788 70
3 2789 70
3 2790 70
3 2791 70
3 2792 70
3 2793 70
3 2794 70
3 2795 70
3 2796 70
3 2797 70
3 2798 70
3 2799 70
3 2800 70
3 2801 70
3 2802 70
3 2803 70
3 2804 70
3 2805 70
3 2806 70
3 2807 70
3 2808 70
3 2809 70
3 2810 70
3 2811 70
3 2812 70
3 2813 70
4 2847 70
4 195 70
4 196 70
4 197 70
4 198 70
4 199 70
4 200 70
4 201 70
4 202 70
4 203 70
4 204 70
4 205 70
4 206 70
4 207 70
4 208 70
4 209 70
4 210 70
4 211 70
4 212 70
4 213 70
4 214 70
4 215 70
4 216 70
4 217 70
4 218 70
4 219 70
4 220 70
4 221 70
4 222 70
4 223 70
4 224 70
4 225 70
4 226 70
4 227 70
4 228 70
4 229 70
4 230 70
4 231 70
4 232 70
4 233 70
4 234 70
4 235 70
4 236 70
4 237 70
4 238 70
4 239 70
4 240 70
4 241 70
4 242 70
4 243 70
4 244 70
4 245 70
4 246 70
4 247 70
4 248 70
4 249 70
4 250 70
4 251 70
4 252 70
4 253 70
4 254 70
4 255 70
4 256 70
4 257 70
4 258 70
4 2470 70
4 2471 70
4 2472 70
4 2473 70
4 2474 70
4 2475 70
4 2476 70
4 2477 70
4 2478 70
4 2479 70
4 2480 70
4 2481 70
4 2482 70
4 2483 70
4 2484 70
4 2485 70
4 2486 70
4 2487 70
4 2488 70
4 2489 70
4 2490 70
4 2491 70
4 2492 70
4 2493 70
4 2494 70
4 2495 70
4 2496 70
4 2497 70
4 2498 70
4 2499 70
4 2500 70
4 2501 70
4 2815 70
4 2816 70
4 2817 70
4 2818 70
4 2819 70
4 2820 70
4 2821 70
4 2822 70
4 2823 70
4 2824 70
4 2825 70
4 2826 70
4 2827 70
4 2828 70
4 2829 70
4 2830 70
4 2831 70
4 2832 70
4 2833 70
4 2834 70
4 2835 70
4 2836 70
4 2837 70
4 2838 70
4 2839 70
4 2840 70
4 2841 70
4 2842 70
4 2843 70
4 2844 70
4 2845 70
4 2846 70
5 2880 70
5 260 70
5 261 70
5 262 70
5 263 70
5 264 70
5 265 70
5 266 70
5 267 70
5 268 70
5 269 70
5 270 70
5 271 70
5 272 70
5 273 70
5 274 70
5 275 70
5 276 70
5 277 70
5 278 70
5 279 70
5 280 70
5 281 70
5 282 70
5 283 70
5 284 70
5 285 70
5 286 70
5 287 70
5 288 70
5 289 70
5 290 70
5 291 70
5 1725 70
5 1726 70
5 1727 70
5 1728 70
5 1729 70
5 1730 70
5 1731 70
5 1732 70
5 1733 70
5 1734 70
5 1735 70
5 1736 70
5 1737 70
5 1738 70
5 1739 70
5 1740 70
5 1741 70
5 1742 70
5 1743 70
5 1744 70
5 1745 70
5 1746 70
5 1747 70
5 1748 70
5 1749 70
5 1750 70
5 1751 70
5 1752 70
5 1753 70
5 1754 70
5 1755 70
5 1756 70
5 1757 70
5 1758 70
5 1759 70
5 1760 70
5 1761 70
5 1762 70
5 1763 70
5 1764 70
5 1765 70
5 1766 70
5 1767 70
5 1768 70
5 1769 70
5 1770 70
5 1771 70
5 1772 70
5 1773 70
5 1774 70
5 1775 70
5 1776 70
5 1777 70
5 1778 70
5 1779 70
5 1780 70
5 1781 70
5 1782 70
5 1783 70
5 1784 70
5 1785 70
5 1786 70
5 1787 70
5 1788 70
5 2848 70
5 2849 70
5 2850 70
5 2851 70
5 2852 70
5 2853 70
5 2854 70
5 2855 70
5 2856 70
5 2857 70
5 2858 70
5 2859 70
5 2860 70
5 2861 70
5 2862 70
5 2863 70
5 2864 70
5 2865 70
5 2866 70
5 2867 70
5 2868 70
5 2869 70
5 2870 70
5 2871 70
5 2872 70
5 2873 70
5 2874 70
5 2875 70
5 2876 70
5 2877 70
5 2878 70
5 2879 70
6 2913 70
6 324 70
6 325 70
6 326 70
6 327 70
6 328 70
6 329 70
6 330 70
6 331 70
6 332 70
6 333 70
6 334 70
6 335 70
6 336 70
6 337 70
6 338 70
6 339 70
6 340 70
6 341 70
6 342 70
6 343 70
6 344 70
6 345 70
6 346 70
6 347 70
6 348 70
6 349 70
6 350 70
6 351 70
6 352 70
6 353 70
6 354 70
6 355 70
6 1822 70
6 1823 70
6 1824 70
6 1825 70
6 1826 70
6 1827 70
6 1828 70
6 1829 70
6 1830 70
6 1831 70
6 1832 70
6 1833 70
6 1834 70
6 1835 70
6 1836 70
6 1837 70
6 1838 70
6 1839 70
6 1840 70
6 1841 70
6 1842 70
6 1843 70
6 1844 70
6 1845 70
6 1846 70
6 1847 70
6 1848 70
6 1849 70
6 1850 70
6 1851 70
6 1852 70
6 1853 70
6 1854 70
6 1855 70
6 1856 70
6 1857 70
6 1858 70
6 1859 70
6 1860 70
6 1861 70
6 1862 70
6 1863 70
6 1864 70
6 1865 70
6 1866 70
6 1867 70
6 1868 70
6 1869 70
6 1870 70
6 1871 70
6 1872 70
6 1873 70
6 1874 70
6 1875 70
6 1876 70
6 1877 70
6 1878 70
6 1879 70
6 1880 70
6 1881 70
6 1882 70
6 1883 70
6 1884 70
6 1885 70
6 2881 70
6 2882 70
6 2883 70
6 2884 70
6 2885 70
6 2886 70
6 2887 70
6 2888 70
6 2889 70
6 2890 70
6 2891 70
6 2892 70
6 2893 70
6 2894 70
6 2895 70
6 2896 70
6 2897 70
6 2898 70
6 2899 70
6 2900 70
6 2901 70
6 2902 70
6 2903 70
6 2904 70
6 2905 70
6 2906 70
6 2907 70
6 2908 70
6 2909 70
6 2910 70
6 2911 70
6 2912 70
7 2946 70
7 390 70
7 391 70
7 392 70
7 393 70
7 394 70
7 395 70
7 396 70
7 397 70
7 398 70
7 399 70
7 400 70
7 401 70
7 402 70
7 403 70
7 404 70
7 405 70
7 406 70
7 407 70
7 408 70
7 409 70
7 410 70
7 411 70
7 412 70
7 413 70
7 414 70
7 415 70
7 416 70
7 417 70
7 418 70
7 419 70
7 420 70
7 421 70
7 1919 70
7 1920 70
7 1921 70
7 1922 70
7 1923 70
7 1924 70
7 1925 70
7 1926 70
7 1927 70
7 1928 70
7 1929 70
7 1930 70
7 1931 70
7 1932 70
7 1933 70
7 1934 70
7 1935 70
7 1936 70
7 1937 70
7 1938 70
7 1939 70
7 1940 70
7 1941 70
7 1942 70
7 1943 70
7 1944 70
7 1945 70
7 1946 70
7 1947 70
7 1948 70
7 1949 70
7 1950 70
7 1951 70
7 1952 70
7 1953 70
7 1954 70
7 1955 70
7 1956 70
7 1957 70
7 1958 70
7 1959 70
7 1960 70
7 1961 70
7 1962 70
7 1963 70
7 1964 70
7 1965 70
7 1966 70
7 1967 70
7 1968 70
7 1969 70
7 1970 70
7 1971 70
7 1972 70
7 1973 70
7 1974 70
7 1975 70
7 1976 70
7 1977 70
7 1978 70
7 1979 70
7 1980 70
7 1981 70
7 1982 70
7 2914 70
7 2915 70
7 2916 70
7 2917 70
7 2918 70
7 2919 70
7 2920 70
7 2921 70
7 2922 70
7 2923 70
7 2924 70
7 2925 70
7 2926 70
7 2927 70
7 2928 70
7 2929 70
7 2930 70
7 2931 70
7 2932 70
7 2933 70
7 2934 70
7 2935 70
7 2936 70
7 2937 70
7 2938 70
7 2939 70
7 2940 70
7 2941 70
7 2942 70
7 2943 70
7 2944 70
7 2945 70
8 2681 70
8 455 70
8 456 70
8 457 70
8 458 70
8 459 70
8 460 70
8 461 70
8 462 70
8 463 70
8 464 70
8 465 70
8 466 70
8 467 70
8 468 70
8 469 70
8 470 70
8 471 70
8 472 70
8 473 70
8 474 70
8 475 70
8 476 70
8 477 70
8 478 70
8 479 70
8 480 70
8 481 70
8 482 70
8 483 70
8 484 70
8 485 70
8 486 70
8 2016 70
8 2017 70
8 2018 70
8 2019 70
8 2020 70
8 2021 70
8 2022 70
8 2023 70
8 2024 70
8 2025 70
8 2026 70
8 2027 70
8 2028 70
8 2029 70
8 2030 70
8 2031 70
8 2032 70
8 2033 70
8 2034 70
8 2035 70
8 2036 70
8 2037 70
8 2038 70
8 2039 70
8 2040 70
8 2041 70
8 2042 70
8 2043 70
8 2044 70
8 2045 70
8 2046 70
8 2047 70
8 2048 70
8 2049 70
8 2050 70
8 2051 70
8 2052 70
8 2053 70
8 2054 70
8 2055 70
8 2056 70
8 2057 70
8 2058 70
8 2059 70
8 2060 70
8 2061 70
8 2062 70
8 2063 70
8 2064 70
8 2065 70
8 2066 70
8 2067 70
8 2068 70
8 2069 70
8 2070 70
8 2071 70
8 2072 70
8 2073 70
8 2074 70
8 2075 70
8 2076 70
8 2077 70
8 2078 70
8 2079 70
8 2617 70
8 2618 70
8 2619 70
8 2620 70
8 2621 70
8 2622 70
8 2623 70
8 2624 70
8 2625 70
8 2626 70
8 2627 70
8 2628 70
8 2629 70
8 2630 70
8 2631 70
8 2632 70
8 2633 70
8 2634 70
8 2635 70
8 2636 70
8 2637 70
8 2638 70
8 2639 70
8 2640 70
8 2641 70
8 2642 70
8 2643 70
8 2644 70
8 2645 70
8 2646 70
8 2647 70
8 2648 70
9 2682 70
9 520 70
9 521 70
9 522 70
9 523 70
9 524 70
9 525 70
9 526 70
9 527 70
9 528 70
9 529 70
9 530 70
9 531 70
9 532 70
9 533 70
9 534 70
9 535 70
9 536 70
9 537 70
9 538 70
9 539 70
9 540 70
9 541 70
9 542 70
9 543 70
9 544 70
9 545 70
9 546 70
9 547 70
9 548 70
9 549 70
9 550 70
9 551 70
9 2113 70
9 2114 70
9 2115 70
9 2116 70
9 2117 70
9 2118 70
9 2119 70
9 2120 70
9 2121 70
9 2122 70
9 2123 70
9 2124 70
9 2125 70
9 2126 70
9 2127 70
9 2128 70
9 2129 70
9 2130 70
9 2131 70
9 2132 70
9 2133 70
9 2134 70
9 2135 70
9 2136 70
9 2137 70
9 2138 70
9 2139 70
9 2140 70
9 2141 70
9 2142 70
9 2143 70
9 2144 70
9 2145 70
9 2146 70
9 2147 70
9 2148 70
9 2149 70
9 2150 70
9 2151 70
9 2152 70
9 2153 70
9 2154 70
9 2155 70
9 2156 70
9 2157 70
9 2158 70
9 2159 70
9 2160 70
9 2161 70
9 2162 70
9 2163 70
9 2164 70
9 2165 70
9 2166 70
9 2167 70
9 2168 70
9 2169 70
9 2170 70
9 2171 70
9 2172 70
9 2173 70
9 2174 70
9 2175 70
9 2176 70
9 2649 70
9 2650 70
9 2651 70
9 2652 70
9 2653 70
9 2654 70
9 2655 70
9 2656 70
9 2657 70
9 2658 70
9 2659 70
9 2660 70
9 2661 70
9 2662 70
9 2663 70
9 2664 70
9 2665 70
9 2666 70
9 2667 70
9 2668 70
9 2669 70
9 2670 70
9 2671 70
9 2672 70
9 2673 70
9 2674 70
9 2675 70
9 2676 70
9 2677 70
9 2678 70
9 2679 70
9 2680 70
