block round
3280 100
455 100
456 100
457 100
458 100
459 100
460 100
461 100
462 100
463 100
464 100
465 100
466 100
467 100
468 100
469 100
470 100
471 100
472 100
473 100
474 100
475 100
476 100
477 100
478 100
479 100
480 100
481 100
482 100
483 100
484 100
485 100
486 100
1743 100
1744 100
1745 100
1746 100
1747 100
1748 100
1749 100
1750 100
1751 100
1752 100
1753 100
1754 100
1755 100
1756 100
1757 100
1758 100
1759 100
1760 100
1761 100
1762 100
1763 100
1764 100
1765 100
1766 100
1767 100
1768 100
1769 100
1770 100
1771 100
1772 100
1773 100
1774 100
3216 100
3217 100
3218 100
3219 100
3220 100
3221 100
3222 100
3223 100
3224 100
3225 100
3226 100
3227 100
3228 100
3229 100
3230 100
3231 100
3232 100
3233 100
3234 100
3235 100
3236 100
3237 100
3238 100
3239 100
3240 100
3241 100
3242 100
3243 100
3244 100
3245 100
3246 100
3247 100
3248 100
3249 100
3250 100
3251 100
3252 100
3253 100
3254 100
3255 100
3256 100
3257 100
3258 100
3259 100
3260 100
3261 100
3262 100
3263 100
3264 100
3265 100
3266 100
3267 100
3268 100
3269 100
3270 100
3271 100
3272 100
3273 100
3274 100
3275 100
3276 100
3277 100
3278 100
3279 100
