block round
2825 100
0 100
1 100
2 100
3 100
4 100
5 100
6 100
7 100
8 100
9 100
10 100
11 100
12 100
13 100
14 100
15 100
16 100
17 100
18 100
19 100
20 100
21 100
22 100
23 100
24 100
25 100
26 100
27 100
28 100
29 100
30 100
31 100
1938 100
1939 100
1940 100
1941 100
1942 100
1943 100
1944 100
1945 100
1946 100
1947 100
1948 100
1949 100
1950 100
1951 100
1952 100
1953 100
1954 100
1955 100
1956 100
1957 100
1958 100
1959 100
1960 100
1961 100
1962 100
1963 100
1964 100
1965 100
1966 100
1967 100
1968 100
1969 100
2760 100
2761 100
2762 100
2763 100
2764 100
2765 100
2766 100
2767 100
2768 100
2769 100
2770 100
2771 100
2772 100
2773 100
2774 100
2775 100
2776 100
2777 100
2778 100
2779 100
2780 100
2781 100
2782 100
2783 100
2784 100
2785 100
2786 100
2787 100
2788 100
2789 100
2790 100
2791 100
2792 100
2793 100
2794 100
2795 100
2796 100
2797 100
2798 100
2799 100
2800 100
2801 100
2802 100
2803 100
2804 100
2805 100
2806 100
2807 100
2808 100
2809 100
2810 100
2811 100
2812 100
2813 100
2814 100
2815 100
2816 100
2817 100
2818 100
2819 100
2820 100
2821 100
2822 100
2823 100
