file block round
0 2420 30
0 32 30
0 33 30
0 34 30
0 35 30
0 36 30
0 37 30
0 38 30
0 39 30
0 40 30
0 41 30
0 42 30
0 43 30
0 44 30
0 45 30
0 46 30
0 47 30
0 48 30
0 49 30
0 50 30
0 51 30
0 52 30
0 53 30
0 54 30
0 55 30
0 56 30
0 57 30
0 58 30
0 59 30
0 60 30
0 61 30
0 62 30
0 63 30
0 0 30
0 1 30
0 2 30
0 3 30
0 4 30
0 5 30
0 6 30
0 7 30
0 8 30
0 9 30
0 10 30
0 11 30
0 12 30
0 13 30
0 14 30
0 15 30
0 16 30
0 17 30
0 18 30
0 19 30
0 20 30
0 21 30
0 22 30
0 23 30
0 24 30
0 25 30
0 26 30
0 27 30
0 28 30
0 29 30
0 30 30
0 31 30
0 2356 30
0 2357 30
0 2358 30
0 2359 30
0 2360 30
0 2361 30
0 2362 30
0 2363 30
0 2364 30
0 2365 30
0 2366 30
0 2367 30
0 2368 30
0 2369 30
0 2370 30
0 2371 30
0 2372 30
0 2373 30
0 2374 30
0 2375 30
0 2376 30
0 2377 30
0 2378 30
0 2379 30
0 2380 30
0 2381 30
0 2382 30
0 2383 30
0 2384 30
0 2385 30
0 2386 30
0 2387 30
0 2388 30
0 2389 30
0 2390 30
0 2391 30
0 2392 30
0 2393 30
0 2394 30
0 2395 30
0 2396 30
0 2397 30
0 2398 30
0 2399 30
0 2400 30
0 2401 30
0 2402 30
0 2403 30
0 2404 30
0 2405 30
0 2406 30
0 2407 30
0 2408 30
0 2409 30
0 2410 30
0 2411 30
0 2412 30
0 2413 30
0 2414 30
0 2415 30
0 2416 30
0 2417 30
0 2418 30
0 2419 30
1 1835 30
1 132 30
1 133 30
1 134 30
1 135 30
1 136 30
1 137 30
1 138 30
1 139 30
1 140 30
1 141 30
1 142 30
1 143 30
1 144 30
1 145 30
1 146 30
1 147 30
1 148 30
1 149 30
1 150 30
1 151 30
1 152 30
1 153 30
1 154 30
1 155 30
1 156 30
1 157 30
1 158 30
1 159 30
1 160 30
1 161 30
1 162 30
1 163 30
1 164 30
1 165 30
1 166 30
1 167 30
1 168 30
1 169 30
1 170 30
1 171 30
1 172 30
1 173 30
1 174 30
1 175 30
1 176 30
1 177 30
1 178 30
1 179 30
1 180 30
1 181 30
1 182 30
1 183 30
1 184 30
1 185 30
1 186 30
1 187 30
1 188 30
1 189 30
1 190 30
1 191 30
1 192 30
1 193 30
1 194 30
1 195 30
1 1771 30
1 1772 30
1 1773 30
1 1774 30
1 1775 30
1 1776 30
1 1777 30
1 1778 30
1 1779 30
1 1780 30
1 1781 30
1 1782 30
1 1783 30
1 1784 30
1 1785 30
1 1786 30
1 1787 30
1 1788 30
1 1789 30
1 1790 30
1 1791 30
1 1792 30
1 1793 30
1 1794 30
1 1795 30
1 1796 30
1 1797 30
1 1798 30
1 1799 30
1 1800 30
1 1801 30
1 1802 30
1 1803 30
1 1804 30
1 1805 30
1 1806 30
1 1807 30
1 1808 30
1 1809 30
1 1810 30
1 1811 30
1 1812 30
1 1813 30
1 1814 30
1 1815 30
1 1816 30
1 1817 30
1 1818 30
1 1819 30
1 1820 30
1 1821 30
1 1822 30
1 1823 30
1 1824 30
1 1825 30
1 1826 30
1 1827 30
1 1828 30
1 1829 30
1 1830 30
1 1831 30
1 1832 30
1 1833 30
1 1834 30
2 1900 30
2 205 30
2 206 30
2 207 30
2 208 30
2 209 30
2 210 30
2 211 30
2 212 30
2 213 30
2 214 30
2 215 30
2 216 30
2 217 30
2 218 30
2 219 30
2 220 30
2 221 30
2 222 30
2 223 30
2 224 30
2 225 30
2 226 30
2 227 30
2 228 30
2 229 30
2 230 30
2 231 30
2 232 30
2 233 30
2 234 30
2 235 30
2 236 30
2 237 30
2 238 30
2 239 30
2 240 30
2 241 30
2 242 30
2 243 30
2 244 30
2 245 30
2 246 30
2 247 30
2 248 30
2 249 30
2 250 30
2 251 30
2 252 30
2 253 30
2 254 30
2 255 30
2 256 30
2 257 30
2 258 30
2 259 30
2 260 30
2 261 30
2 262 30
2 263 30
2 264 30
2 265 30
2 266 30
2 267 30
2 268 30
2 1836 30
2 1837 30
2 1838 30
2 1839 30
2 1840 30
2 1841 30
2 1842 30
2 1843 30
2 1844 30
2 1845 30
2 1846 30
2 1847 30
2 1848 30
2 1849 30
2 1850 30
2 1851 30
2 1852 30
2 1853 30
2 1854 30
2 1855 30
2 1856 30
2 1857 30
2 1858 30
2 1859 30
2 1860 30
2 1861 30
2 1862 30
2 1863 30
2 1864 30
2 1865 30
2 1866 30
2 1867 30
2 1868 30
2 1869 30
2 1870 30
2 1871 30
2 1872 30
2 1873 30
2 1874 30
2 1875 30
2 1876 30
2 1877 30
2 1878 30
2 1879 30
2 1880 30
2 1881 30
2 1882 30
2 1883 30
2 1884 30
2 1885 30
2 1886 30
2 1887 30
2 1888 30
2 1889 30
2 1890 30
2 1891 30
2 1892 30
2 1893 30
2 1894 30
2 1895 30
2 1896 30
2 1897 30
2 1898 30
2 1899 30
3 1965 30
3 278 30
3 279 30
3 280 30
3 281 30
3 282 30
3 283 30
3 284 30
3 285 30
3 286 30
3 287 30
3 288 30
3 289 30
3 290 30
3 291 30
3 292 30
3 293 30
3 294 30
3 295 30
3 296 30
3 297 30
3 298 30
3 299 30
3 300 30
3 301 30
3 302 30
3 303 30
3 304 30
3 305 30
3 306 30
3 307 30
3 308 30
3 309 30
3 310 30
3 311 30
3 312 30
3 313 30
3 314 30
3 315 30
3 316 30
3 317 30
3 318 30
3 319 30
3 320 30
3 321 30
3 322 30
3 323 30
3 324 30
3 325 30
3 326 30
3 327 30
3 328 30
3 329 30
3 330 30
3 331 30
3 332 30
3 333 30
3 334 30
3 335 30
3 336 30
3 337 30
3 338 30
3 339 30
3 340 30
3 341 30
3 1901 30
3 1902 30
3 1903 30
3 1904 30
3 1905 30
3 1906 30
3 1907 30
3 1908 30
3 1909 30
3 1910 30
3 1911 30
3 1912 30
3 1913 30
3 1914 30
3 1915 30
3 1916 30
3 1917 30
3 1918 30
3 1919 30
3 1920 30
3 1921 30
3 1922 30
3 1923 30
3 1924 30
3 1925 30
3 1926 30
3 1927 30
3 1928 30
3 1929 30
3 1930 30
3 1931 30
3 1932 30
3 1933 30
3 1934 30
3 1935 30
3 1936 30
3 1937 30
3 1938 30
3 1939 30
3 1940 30
3 1941 30
3 1942 30
3 1943 30
3 1944 30
3 1945 30
3 1946 30
3 1947 30
3 1948 30
3 1949 30
3 1950 30
3 1951 30
3 1952 30
3 1953 30
3 1954 30
3 1955 30
3 1956 30
3 1957 30
3 1958 30
3 1959 30
3 1960 30
3 1961 30
3 1962 30
3 1963 30
3 1964 30
4 2030 30
4 351 30
4 352 30
4 353 30
4 354 30
4 355 30
4 356 30
4 357 30
4 358 30
4 359 30
4 360 30
4 361 30
4 362 30
4 363 30
4 364 30
4 365 30
4 366 30
4 367 30
4 368 30
4 369 30
4 370 30
4 371 30
4 372 30
4 373 30
4 374 30
4 375 30
4 376 30
4 377 30
4 378 30
4 379 30
4 380 30
4 381 30
4 382 30
4 383 30
4 384 30
4 385 30
4 386 30
4 387 30
4 388 30
4 389 30
4 390 30
4 391 30
4 392 30
4 393 30
4 394 30
4 395 30
4 396 30
4 397 30
4 398 30
4 399 30
4 400 30
4 401 30
4 402 30
4 403 30
4 404 30
4 405 30
4 406 30
4 407 30
4 408 30
4 409 30
4 410 30
4 411 30
4 412 30
4 413 30
4 414 30
4 1966 30
4 1967 30
4 1968 30
4 1969 30
4 1970 30
4 1971 30
4 1972 30
4 1973 30
4 1974 30
4 1975 30
4 1976 30
4 1977 30
4 1978 30
4 1979 30
4 1980 30
4 1981 30
4 1982 30
4 1983 30
4 1984 30
4 1985 30
4 1986 30
4 1987 30
4 1988 30
4 1989 30
4 1990 30
4 1991 30
4 1992 30
4 1993 30
4 1994 30
4 1995 30
4 1996 30
4 1997 30
4 1998 30
4 1999 30
4 2000 30
4 2001 30
4 2002 30
4 2003 30
4 2004 30
4 2005 30
4 2006 30
4 2007 30
4 2008 30
4 2009 30
4 2010 30
4 2011 30
4 2012 30
4 2013 30
4 2014 30
4 2015 30
4 2016 30
4 2017 30
4 2018 30
4 2019 30
4 2020 30
4 2021 30
4 2022 30
4 2023 30
4 2024 30
4 2025 30
4 2026 30
4 2027 30
4 2028 30
4 2029 30
5 2095 30
5 424 30
5 425 30
5 426 30
5 427 30
5 428 30
5 429 30
5 430 30
5 431 30
5 432 30
5 433 30
5 434 30
5 435 30
5 436 30
5 437 30
5 438 30
5 439 30
5 440 30
5 441 30
5 442 30
5 443 30
5 444 30
5 445 30
5 446 30
5 447 30
5 448 30
5 449 30
5 450 30
5 451 30
5 452 30
5 453 30
5 454 30
5 455 30
5 456 30
5 457 30
5 458 30
5 459 30
5 460 30
5 461 30
5 462 30
5 463 30
5 464 30
5 465 30
5 466 30
5 467 30
5 468 30
5 469 30
5 470 30
5 471 30
5 472 30
5 473 30
5 474 30
5 475 30
5 476 30
5 477 30
5 478 30
5 479 30
5 480 30
5 481 30
5 482 30
5 483 30
5 484 30
5 485 30
5 486 30
5 487 30
5 2031 30
5 2032 30
5 2033 30
5 2034 30
5 2035 30
5 2036 30
5 2037 30
5 2038 30
5 2039 30
5 2040 30
5 2041 30
5 2042 30
5 2043 30
5 2044 30
5 2045 30
5 2046 30
5 2047 30
5 2048 30
5 2049 30
5 2050 30
5 2051 30
5 2052 30
5 2053 30
5 2054 30
5 2055 30
5 2056 30
5 2057 30
5 2058 30
5 2059 30
5 2060 30
5 2061 30
5 2062 30
5 2063 30
5 2064 30
5 2065 30
5 2066 30
5 2067 30
5 2068 30
5 2069 30
5 2070 30
5 2071 30
5 2072 30
5 2073 30
5 2074 30
5 2075 30
5 2076 30
5 2077 30
5 2078 30
5 2079 30
5 2080 30
5 2081 30
5 2082 30
5 2083 30
5 2084 30
5 2085 30
5 2086 30
5 2087 30
5 2088 30
5 2089 30
5 2090 30
5 2091 30
5 2092 30
5 2093 30
5 2094 30
6 2160 30
6 529 30
6 530 30
6 531 30
6 532 30
6 533 30
6 534 30
6 535 30
6 536 30
6 537 30
6 538 30
6 539 30
6 540 30
6 541 30
6 542 30
6 543 30
6 544 30
6 545 30
6 546 30
6 547 30
6 548 30
6 549 30
6 550 30
6 551 30
6 552 30
6 553 30
6 554 30
6 555 30
6 556 30
6 557 30
6 558 30
6 559 30
6 560 30
6 497 30
6 498 30
6 499 30
6 500 30
6 501 30
6 502 30
6 503 30
6 504 30
6 505 30
6 506 30
6 507 30
6 508 30
6 509 30
6 510 30
6 511 30
6 512 30
6 513 30
6 514 30
6 515 30
6 516 30
6 517 30
6 518 30
6 519 30
6 520 30
6 521 30
6 522 30
6 523 30
6 524 30
6 525 30
6 526 30
6 527 30
6 528 30
6 2096 30
6 2097 30
6 2098 30
6 2099 30
6 2100 30
6 2101 30
6 2102 30
6 2103 30
6 2104 30
6 2105 30
6 2106 30
6 2107 30
6 2108 30
6 2109 30
6 2110 30
6 2111 30
6 2112 30
6 2113 30
6 2114 30
6 2115 30
6 2116 30
6 2117 30
6 2118 30
6 2119 30
6 2120 30
6 2121 30
6 2122 30
6 2123 30
6 2124 30
6 2125 30
6 2126 30
6 2127 30
6 2128 30
6 2129 30
6 2130 30
6 2131 30
6 2132 30
6 2133 30
6 2134 30
6 2135 30
6 2136 30
6 2137 30
6 2138 30
6 2139 30
6 2140 30
6 2141 30
6 2142 30
6 2143 30
6 2144 30
6 2145 30
6 2146 30
6 2147 30
6 2148 30
6 2149 30
6 2150 30
6 2151 30
6 2152 30
6 2153 30
6 2154 30
6 2155 30
6 2156 30
6 2157 30
6 2158 30
6 2159 30
7 2225 30
7 570 30
7 571 30
7 572 30
7 573 30
7 574 30
7 575 30
7 576 30
7 577 30
7 578 30
7 579 30
7 580 30
7 581 30
7 582 30
7 583 30
7 584 30
7 585 30
7 586 30
7 587 30
7 588 30
7 589 30
7 590 30
7 591 30
7 592 30
7 593 30
7 594 30
7 595 30
7 596 30
7 597 30
7 598 30
7 599 30
7 600 30
7 601 30
7 602 30
7 603 30
7 604 30
7 605 30
7 606 30
7 607 30
7 608 30
7 609 30
7 610 30
7 611 30
7 612 30
7 613 30
7 614 30
7 615 30
7 616 30
7 617 30
7 618 30
7 619 30
7 620 30
7 621 30
7 622 30
7 623 30
7 624 30
7 625 30
7 626 30
7 627 30
7 628 30
7 629 30
7 630 30
7 631 30
7 632 30
7 633 30
7 2193 30
7 2194 30
7 2195 30
7 2196 30
7 2197 30
7 2198 30
7 2199 30
7 2200 30
7 2201 30
7 2202 30
7 2203 30
7 2204 30
7 2205 30
7 2206 30
7 2207 30
7 2208 30
7 2209 30
7 2210 30
7 2211 30
7 2212 30
7 2213 30
7 2214 30
7 2215 30
7 2216 30
7 2217 30
7 2218 30
7 2219 30
7 2220 30
7 2221 30
7 2222 30
7 2223 30
7 2224 30
7 2161 30
7 2162 30
7 2163 30
7 2164 30
7 2165 30
7 2166 30
7 2167 30
7 2168 30
7 2169 30
7 2170 30
7 2171 30
7 2172 30
7 2173 30
7 2174 30
7 2175 30
7 2176 30
7 2177 30
7 2178 30
7 2179 30
7 2180 30
7 2181 30
7 2182 30
7 2183 30
7 2184 30
7 2185 30
7 2186 30
7 2187 30
7 2188 30
7 2189 30
7 2190 30
7 2191 30
7 2192 30
8 2290 30
8 643 30
8 644 30
8 645 30
8 646 30
8 647 30
8 648 30
8 649 30
8 650 30
8 651 30
8 652 30
8 653 30
8 654 30
8 655 30
8 656 30
8 657 30
8 658 30
8 659 30
8 660 30
8 661 30
8 662 30
8 663 30
8 664 30
8 665 30
8 666 30
8 667 30
8 668 30
8 669 30
8 670 30
8 671 30
8 672 30
8 673 30
8 674 30
8 675 30
8 676 30
8 677 30
8 678 30
8 679 30
8 680 30
8 681 30
8 682 30
8 683 30
8 684 30
8 685 30
8 686 30
8 687 30
8 688 30
8 689 30
8 690 30
8 691 30
8 692 30
8 693 30
8 694 30
8 695 30
8 696 30
8 697 30
8 698 30
8 699 30
8 700 30
8 701 30
8 702 30
8 703 30
8 704 30
8 705 30
8 706 30
8 2226 30
8 2227 30
8 2228 30
8 2229 30
8 2230 30
8 2231 30
8 2232 30
8 2233 30
8 2234 30
8 2235 30
8 2236 30
8 2237 30
8 2238 30
8 2239 30
8 2240 30
8 2241 30
8 2242 30
8 2243 30
8 2244 30
8 2245 30
8 2246 30
8 2247 30
8 2248 30
8 2249 30
8 2250 30
8 2251 30
8 2252 30
8 2253 30
8 2254 30
8 2255 30
8 2256 30
8 2257 30
8 2258 30
8 2259 30
8 2260 30
8 2261 30
8 2262 30
8 2263 30
8 2264 30
8 2265 30
8 2266 30
8 2267 30
8 2268 30
8 2269 30
8 2270 30
8 2271 30
8 2272 30
8 2273 30
8 2274 30
8 2275 30
8 2276 30
8 2277 30
8 2278 30
8 2279 30
8 2280 30
8 2281 30
8 2282 30
8 2283 30
8 2284 30
8 2285 30
8 2286 30
8 2287 30
8 2288 30
8 2289 30
9 2355 30
9 716 30
9 717 30
9 718 30
9 719 30
9 720 30
9 721 30
9 722 30
9 723 30
9 724 30
9 725 30
9 726 30
9 727 30
9 728 30
9 729 30
9 730 30
9 731 30
9 732 30
9 733 30
9 734 30
9 735 30
9 736 30
9 737 30
9 738 30
9 739 30
9 740 30
9 741 30
9 742 30
9 743 30
9 744 30
9 745 30
9 746 30
9 747 30
9 748 30
9 749 30
9 750 30
9 751 30
9 752 30
9 753 30
9 754 30
9 755 30
9 756 30
9 757 30
9 758 30
9 759 30
9 760 30
9 761 30
9 762 30
9 763 30
9 764 30
9 765 30
9 766 30
9 767 30
9 768 30
9 769 30
9 770 30
9 771 30
9 772 30
9 773 30
9 774 30
9 775 30
9 776 30
9 777 30
9 778 30
9 779 30
9 2291 30
9 2292 30
9 2293 30
9 2294 30
9 2295 30
9 2296 30
9 2297 30
9 2298 30
9 2299 30
9 2300 30
9 2301 30
9 2302 30
9 2303 30
9 2304 30
9 2305 30
9 2306 30
9 2307 30
9 2308 30
9 2309 30
9 2310 30
9 2311 30
9 2312 30
9 2313 30
9 2314 30
9 2315 30
9 2316 30
9 2317 30
9 2318 30
9 2319 30
9 2320 30
9 2321 30
9 2322 30
9 2323 30
9 2324 30
9 2325 30
9 2326 30
9 2327 30
9 2328 30
9 2329 30
9 2330 30
9 2331 30
9 2332 30
9 2333 30
9 2334 30
9 2335 30
9 2336 30
9 2337 30
9 2338 30
9 2339 30
9 2340 30
9 2341 30
9 2342 30
9 2343 30
9 2344 30
9 2345 30
9 2346 30
9 2347 30
9 2348 30
9 2349 30
9 2350 30
9 2351 30
9 2352 30
9 2353 30
9 2354 30
