block round
2030 30
351 30
352 30
353 30
354 30
355 30
356 30
357 30
358 30
359 30
360 30
361 30
362 30
363 30
364 30
365 30
366 30
367 30
368 30
369 30
370 30
371 30
372 30
373 30
374 30
375 30
376 30
377 30
378 30
379 30
380 30
381 30
382 30
383 30
384 30
385 30
386 30
387 30
388 30
389 30
390 30
391 30
392 30
393 30
394 30
395 30
396 30
397 30
398 30
399 30
400 30
401 30
402 30
403 30
404 30
405 30
406 30
407 30
408 30
409 30
410 30
411 30
412 30
413 30
414 30
1966 30
1967 30
1968 30
1969 30
1970 30
1971 30
1972 30
1973 30
1974 30
1975 30
1976 30
1977 30
1978 30
1979 30
1980 30
1981 30
1982 30
1983 30
1984 30
1985 30
1986 30
1987 30
1988 30
1989 30
1990 30
1991 30
1992 30
1993 30
1994 30
1995 30
1996 30
1997 30
1998 30
1999 30
2000 30
2001 30
2002 30
2003 30
2004 30
2005 30
2006 30
2007 30
2008 30
2009 30
2010 30
2011 30
2012 30
2013 30
2014 30
2015 30
2016 30
2017 30
2018 30
2019 30
2020 30
2021 30
2022 30
2023 30
2024 30
2025 30
2026 30
2027 30
2028 30
2029 30
