block round
2045 20
697 20
698 20
699 20
700 20
701 20
702 20
703 20
704 20
705 20
706 20
707 20
708 20
709 20
710 20
711 20
712 20
713 20
714 20
715 20
716 20
717 20
718 20
719 20
720 20
721 20
722 20
723 20
724 20
725 20
726 20
727 20
728 20
729 20
730 20
731 20
732 20
733 20
734 20
735 20
736 20
737 20
738 20
739 20
740 20
741 20
742 20
743 20
744 20
745 20
746 20
747 20
748 20
749 20
750 20
751 20
752 20
753 20
754 20
755 20
756 20
757 20
758 20
759 20
760 20
1981 20
1982 20
1983 20
1984 20
1985 20
1986 20
1987 20
1988 20
1989 20
1990 20
1991 20
1992 20
1993 20
1994 20
1995 20
1996 20
1997 20
1998 20
1999 20
2000 20
2001 20
2002 20
2003 20
2004 20
2005 20
2006 20
2007 20
2008 20
2009 20
2010 20
2011 20
2012 20
2013 20
2014 20
2015 20
2016 20
2017 20
2018 20
2019 20
2020 20
2021 20
2022 20
2023 20
2024 20
2025 20
2026 20
2027 20
2028 20
2029 20
2030 20
2031 20
2032 20
2033 20
2034 20
2035 20
2036 20
2037 20
2038 20
2039 20
2040 20
2041 20
2042 20
2043 20
2044 20
