block round
3263 90
0 90
1 90
2 90
3 90
4 90
5 90
6 90
7 90
8 90
9 90
10 90
11 90
12 90
13 90
14 90
15 90
16 90
17 90
18 90
19 90
20 90
21 90
22 90
23 90
24 90
25 90
26 90
27 90
28 90
29 90
30 90
31 90
2132 90
2133 90
2134 90
2135 90
2136 90
2137 90
2138 90
2139 90
2140 90
2141 90
2142 90
2143 90
2144 90
2145 90
2146 90
2147 90
2148 90
2149 90
2150 90
2151 90
2152 90
2153 90
2154 90
2155 90
2156 90
2157 90
2158 90
2159 90
2160 90
2161 90
2162 90
2163 90
3199 90
3200 90
3201 90
3202 90
3203 90
3204 90
3205 90
3206 90
3207 90
3208 90
3209 90
3210 90
3211 90
3212 90
3213 90
3214 90
3215 90
3216 90
3217 90
3218 90
3219 90
3220 90
3221 90
3222 90
3223 90
3224 90
3225 90
3226 90
3227 90
3228 90
3229 90
3230 90
3231 90
3232 90
3233 90
3234 90
3235 90
3236 90
3237 90
3238 90
3239 90
3240 90
3241 90
3242 90
3243 90
3244 90
3245 90
3246 90
3247 90
3248 90
3249 90
3250 90
3251 90
3252 90
3253 90
3254 90
3255 90
3256 90
3257 90
3258 90
3259 90
3260 90
3261 90
3262 90
