block round
3215 100
390 100
391 100
392 100
393 100
394 100
395 100
396 100
397 100
398 100
399 100
400 100
401 100
402 100
403 100
404 100
405 100
406 100
407 100
408 100
409 100
410 100
411 100
412 100
413 100
414 100
415 100
416 100
417 100
418 100
419 100
420 100
421 100
1678 100
1679 100
1680 100
1681 100
1682 100
1683 100
1684 100
1685 100
1686 100
1687 100
1688 100
1689 100
1690 100
1691 100
1692 100
1693 100
1694 100
1695 100
1696 100
1697 100
1698 100
1699 100
1700 100
1701 100
1702 100
1703 100
1704 100
1705 100
1706 100
1707 100
1708 100
1709 100
3151 100
3152 100
3153 100
3154 100
3155 100
3156 100
3157 100
3158 100
3159 100
3160 100
3161 100
3162 100
3163 100
3164 100
3165 100
3166 100
3167 100
3168 100
3169 100
3170 100
3171 100
3172 100
3173 100
3174 100
3175 100
3176 100
3177 100
3178 100
3179 100
3180 100
3181 100
3182 100
3183 100
3184 100
3185 100
3186 100
3187 100
3188 100
3189 100
3190 100
3191 100
3192 100
3193 100
3194 100
3195 100
3196 100
3197 100
3198 100
3199 100
3200 100
3201 100
3202 100
3203 100
3204 100
3205 100
3206 100
3207 100
3208 100
3209 100
3210 100
3211 100
3212 100
3213 100
3214 100
