block round
1835 30
132 30
133 30
134 30
135 30
136 30
137 30
138 30
139 30
140 30
141 30
142 30
143 30
144 30
145 30
146 30
147 30
148 30
149 30
150 30
151 30
152 30
153 30
154 30
155 30
156 30
157 30
158 30
159 30
160 30
161 30
162 30
163 30
164 30
165 30
166 30
167 30
168 30
169 30
170 30
171 30
172 30
173 30
174 30
175 30
176 30
177 30
178 30
179 30
180 30
181 30
182 30
183 30
184 30
185 30
186 30
187 30
188 30
189 30
190 30
191 30
192 30
193 30
194 30
195 30
1771 30
1772 30
1773 30
1774 30
1775 30
1776 30
1777 30
1778 30
1779 30
1780 30
1781 30
1782 30
1783 30
1784 30
1785 30
1786 30
1787 30
1788 30
1789 30
1790 30
1791 30
1792 30
1793 30
1794 30
1795 30
1796 30
1797 30
1798 30
1799 30
1800 30
1801 30
1802 30
1803 30
1804 30
1805 30
1806 30
1807 30
1808 30
1809 30
1810 30
1811 30
1812 30
1813 30
1814 30
1815 30
1816 30
1817 30
1818 30
1819 30
1820 30
1821 30
1822 30
1823 30
1824 30
1825 30
1826 30
1827 30
1828 30
1829 30
1830 30
1831 30
1832 30
1833 30
1834 30
