block round
3458 90
195 90
196 90
197 90
198 90
199 90
200 90
201 90
202 90
203 90
204 90
205 90
206 90
207 90
208 90
209 90
210 90
211 90
212 90
213 90
214 90
215 90
216 90
217 90
218 90
219 90
220 90
221 90
222 90
223 90
224 90
225 90
226 90
1676 90
1677 90
1678 90
1679 90
1680 90
1681 90
1682 90
1683 90
1684 90
1685 90
1686 90
1687 90
1688 90
1689 90
1690 90
1691 90
1692 90
1693 90
1694 90
1695 90
1696 90
1697 90
1698 90
1699 90
1700 90
1701 90
1702 90
1703 90
1704 90
1705 90
1706 90
1707 90
3394 90
3395 90
3396 90
3397 90
3398 90
3399 90
3400 90
3401 90
3402 90
3403 90
3404 90
3405 90
3406 90
3407 90
3408 90
3409 90
3410 90
3411 90
3412 90
3413 90
3414 90
3415 90
3416 90
3417 90
3418 90
3419 90
3420 90
3421 90
3422 90
3423 90
3424 90
3425 90
3426 90
3427 90
3428 90
3429 90
3430 90
3431 90
3432 90
3433 90
3434 90
3435 90
3436 90
3437 90
3438 90
3439 90
3440 90
3441 90
3442 90
3443 90
3444 90
3445 90
3446 90
3447 90
3448 90
3449 90
3450 90
3451 90
3452 90
3453 90
3454 90
3455 90
3456 90
3457 90
