block round
2731 40
473 40
474 40
475 40
476 40
477 40
478 40
479 40
480 40
481 40
482 40
483 40
484 40
485 40
486 40
487 40
488 40
489 40
490 40
491 40
492 40
493 40
494 40
495 40
496 40
497 40
498 40
499 40
500 40
501 40
502 40
503 40
504 40
2036 40
2037 40
2038 40
2039 40
2040 40
2041 40
2042 40
2043 40
2044 40
2045 40
2046 40
2047 40
2048 40
2049 40
2050 40
2051 40
2052 40
2053 40
2054 40
2055 40
2056 40
2057 40
2058 40
2059 40
2060 40
2061 40
2062 40
2063 40
2064 40
2065 40
2066 40
2067 40
2667 40
2668 40
2669 40
2670 40
2671 40
2672 40
2673 40
2674 40
2675 40
2676 40
2677 40
2678 40
2679 40
2680 40
2681 40
2682 40
2683 40
2684 40
2685 40
2686 40
2687 40
2688 40
2689 40
2690 40
2691 40
2692 40
2693 40
2694 40
2695 40
2696 40
2697 40
2698 40
2699 40
2700 40
2701 40
2702 40
2703 40
2704 40
2705 40
2706 40
2707 40
2708 40
2709 40
2710 40
2711 40
2712 40
2713 40
2714 40
2715 40
2716 40
2717 40
2718 40
2719 40
2720 40
2721 40
2722 40
2723 40
2724 40
2725 40
2726 40
2727 40
2728 40
2729 40
2730 40
