block round
1965 30
278 30
279 30
280 30
281 30
282 30
283 30
284 30
285 30
286 30
287 30
288 30
289 30
290 30
291 30
292 30
293 30
294 30
295 30
296 30
297 30
298 30
299 30
300 30
301 30
302 30
303 30
304 30
305 30
306 30
307 30
308 30
309 30
310 30
311 30
312 30
313 30
314 30
315 30
316 30
317 30
318 30
319 30
320 30
321 30
322 30
323 30
324 30
325 30
326 30
327 30
328 30
329 30
330 30
331 30
332 30
333 30
334 30
335 30
336 30
337 30
338 30
339 30
340 30
341 30
1901 30
1902 30
1903 30
1904 30
1905 30
1906 30
1907 30
1908 30
1909 30
1910 30
1911 30
1912 30
1913 30
1914 30
1915 30
1916 30
1917 30
1918 30
1919 30
1920 30
1921 30
1922 30
1923 30
1924 30
1925 30
1926 30
1927 30
1928 30
1929 30
1930 30
1931 30
1932 30
1933 30
1934 30
1935 30
1936 30
1937 30
1938 30
1939 30
1940 30
1941 30
1942 30
1943 30
1944 30
1945 30
1946 30
1947 30
1948 30
1949 30
1950 30
1951 30
1952 30
1953 30
1954 30
1955 30
1956 30
1957 30
1958 30
1959 30
1960 30
1961 30
1962 30
1963 30
1964 30
