block round
2175 20
891 20
892 20
893 20
894 20
895 20
896 20
897 20
898 20
899 20
900 20
901 20
902 20
903 20
904 20
905 20
906 20
907 20
908 20
909 20
910 20
911 20
912 20
913 20
914 20
915 20
916 20
917 20
918 20
919 20
920 20
921 20
922 20
923 20
924 20
925 20
926 20
927 20
928 20
929 20
930 20
931 20
932 20
933 20
934 20
935 20
936 20
937 20
938 20
939 20
940 20
941 20
942 20
943 20
944 20
945 20
946 20
947 20
948 20
949 20
950 20
951 20
952 20
953 20
954 20
2111 20
2112 20
2113 20
2114 20
2115 20
2116 20
2117 20
2118 20
2119 20
2120 20
2121 20
2122 20
2123 20
2124 20
2125 20
2126 20
2127 20
2128 20
2129 20
2130 20
2131 20
2132 20
2133 20
2134 20
2135 20
2136 20
2137 20
2138 20
2139 20
2140 20
2141 20
2142 20
2143 20
2144 20
2145 20
2146 20
2147 20
2148 20
2149 20
2150 20
2151 20
2152 20
2153 20
2154 20
2155 20
2156 20
2157 20
2158 20
2159 20
2160 20
2161 20
2162 20
2163 20
2164 20
2165 20
2166 20
2167 20
2168 20
2169 20
2170 20
2171 20
2172 20
2173 20
2174 20
