block round
2290 30
643 30
644 30
645 30
646 30
647 30
648 30
649 30
650 30
651 30
652 30
653 30
654 30
655 30
656 30
657 30
658 30
659 30
660 30
661 30
662 30
663 30
664 30
665 30
666 30
667 30
668 30
669 30
670 30
671 30
672 30
673 30
674 30
675 30
676 30
677 30
678 30
679 30
680 30
681 30
682 30
683 30
684 30
685 30
686 30
687 30
688 30
689 30
690 30
691 30
692 30
693 30
694 30
695 30
696 30
697 30
698 30
699 30
700 30
701 30
702 30
703 30
704 30
705 30
706 30
2226 30
2227 30
2228 30
2229 30
2230 30
2231 30
2232 30
2233 30
2234 30
2235 30
2236 30
2237 30
2238 30
2239 30
2240 30
2241 30
2242 30
2243 30
2244 30
2245 30
2246 30
2247 30
2248 30
2249 30
2250 30
2251 30
2252 30
2253 30
2254 30
2255 30
2256 30
2257 30
2258 30
2259 30
2260 30
2261 30
2262 30
2263 30
2264 30
2265 30
2266 30
2267 30
2268 30
2269 30
2270 30
2271 30
2272 30
2273 30
2274 30
2275 30
2276 30
2277 30
2278 30
2279 30
2280 30
2281 30
2282 30
2283 30
2284 30
2285 30
2286 30
2287 30
2288 30
2289 30
