block round
1915 20
503 20
504 20
505 20
506 20
507 20
508 20
509 20
510 20
511 20
512 20
513 20
514 20
515 20
516 20
517 20
518 20
519 20
520 20
521 20
522 20
523 20
524 20
525 20
526 20
527 20
528 20
529 20
530 20
531 20
532 20
533 20
534 20
535 20
536 20
537 20
538 20
539 20
540 20
541 20
542 20
543 20
544 20
545 20
546 20
547 20
548 20
549 20
550 20
551 20
552 20
553 20
554 20
555 20
556 20
557 20
558 20
559 20
560 20
561 20
562 20
563 20
564 20
565 20
566 20
1851 20
1852 20
1853 20
1854 20
1855 20
1856 20
1857 20
1858 20
1859 20
1860 20
1861 20
1862 20
1863 20
1864 20
1865 20
1866 20
1867 20
1868 20
1869 20
1870 20
1871 20
1872 20
1873 20
1874 20
1875 20
1876 20
1877 20
1878 20
1879 20
1880 20
1881 20
1882 20
1883 20
1884 20
1885 20
1886 20
1887 20
1888 20
1889 20
1890 20
1891 20
1892 20
1893 20
1894 20
1895 20
1896 20
1897 20
1898 20
1899 20
1900 20
1901 20
1902 20
1903 20
1904 20
1905 20
1906 20
1907 20
1908 20
1909 20
1910 20
1911 20
1912 20
1913 20
1914 20
