block round
2225 30
570 30
571 30
572 30
573 30
574 30
575 30
576 30
577 30
578 30
579 30
580 30
581 30
582 30
583 30
584 30
585 30
586 30
587 30
588 30
589 30
590 30
591 30
592 30
593 30
594 30
595 30
596 30
597 30
598 30
599 30
600 30
601 30
602 30
603 30
604 30
605 30
606 30
607 30
608 30
609 30
610 30
611 30
612 30
613 30
614 30
615 30
616 30
617 30
618 30
619 30
620 30
621 30
622 30
623 30
624 30
625 30
626 30
627 30
628 30
629 30
630 30
631 30
632 30
633 30
2193 30
2194 30
2195 30
2196 30
2197 30
2198 30
2199 30
2200 30
2201 30
2202 30
2203 30
2204 30
2205 30
2206 30
2207 30
2208 30
2209 30
2210 30
2211 30
2212 30
2213 30
2214 30
2215 30
2216 30
2217 30
2218 30
2219 30
2220 30
2221 30
2222 30
2223 30
2224 30
2161 30
2162 30
2163 30
2164 30
2165 30
2166 30
2167 30
2168 30
2169 30
2170 30
2171 30
2172 30
2173 30
2174 30
2175 30
2176 30
2177 30
2178 30
2179 30
2180 30
2181 30
2182 30
2183 30
2184 30
2185 30
2186 30
2187 30
2188 30
2189 30
2190 30
2191 30
2192 30
