block round
1331 0
794 0
795 0
796 0
797 0
798 0
799 0
800 0
801 0
802 0
803 0
804 0
805 0
806 0
807 0
808 0
809 0
810 0
811 0
812 0
813 0
814 0
815 0
816 0
817 0
818 0
819 0
820 0
821 0
822 0
823 0
824 0
825 0
826 0
827 0
828 0
829 0
830 0
831 0
832 0
833 0
834 0
835 0
836 0
837 0
838 0
839 0
840 0
841 0
842 0
843 0
844 0
845 0
846 0
847 0
848 0
849 0
850 0
851 0
852 0
853 0
854 0
855 0
856 0
857 0
858 0
859 0
860 0
861 0
862 0
863 0
864 0
865 0
866 0
867 0
868 0
869 0
870 0
871 0
872 0
873 0
874 0
875 0
876 0
877 0
878 0
879 0
880 0
881 0
882 0
883 0
884 0
885 0
886 0
887 0
888 0
889 0
1299 0
1300 0
1301 0
1302 0
1303 0
1304 0
1305 0
1306 0
1307 0
1308 0
1309 0
1310 0
1311 0
1312 0
1313 0
1314 0
1315 0
1316 0
1317 0
1318 0
1319 0
1320 0
1321 0
1322 0
1323 0
1324 0
1325 0
1326 0
1327 0
1328 0
1329 0
1330 0
