block round
2913 70
324 70
325 70
326 70
327 70
328 70
329 70
330 70
331 70
332 70
333 70
334 70
335 70
336 70
337 70
338 70
339 70
340 70
341 70
342 70
343 70
344 70
345 70
346 70
347 70
348 70
349 70
350 70
351 70
352 70
353 70
354 70
355 70
1822 70
1823 70
1824 70
1825 70
1826 70
1827 70
1828 70
1829 70
1830 70
1831 70
1832 70
1833 70
1834 70
1835 70
1836 70
1837 70
1838 70
1839 70
1840 70
1841 70
1842 70
1843 70
1844 70
1845 70
1846 70
1847 70
1848 70
1849 70
1850 70
1851 70
1852 70
1853 70
1854 70
1855 70
1856 70
1857 70
1858 70
1859 70
1860 70
1861 70
1862 70
1863 70
1864 70
1865 70
1866 70
1867 70
1868 70
1869 70
1870 70
1871 70
1872 70
1873 70
1874 70
1875 70
1876 70
1877 70
1878 70
1879 70
1880 70
1881 70
1882 70
1883 70
1884 70
1885 70
2881 70
2882 70
2883 70
2884 70
2885 70
2886 70
2887 70
2888 70
2889 70
2890 70
2891 70
2892 70
2893 70
2894 70
2895 70
2896 70
2897 70
2898 70
2899 70
2900 70
2901 70
2902 70
2903 70
2904 70
2905 70
2906 70
2907 70
2908 70
2909 70
2910 70
2911 70
2912 70
