block round
1355 10
115 10
116 10
117 10
118 10
119 10
120 10
121 10
122 10
123 10
124 10
125 10
126 10
127 10
128 10
129 10
130 10
131 10
132 10
133 10
134 10
135 10
136 10
137 10
138 10
139 10
140 10
141 10
142 10
143 10
144 10
145 10
146 10
179 10
180 10
181 10
182 10
183 10
184 10
185 10
186 10
187 10
188 10
189 10
190 10
191 10
192 10
193 10
194 10
195 10
196 10
197 10
198 10
199 10
200 10
201 10
202 10
203 10
204 10
205 10
206 10
207 10
208 10
209 10
210 10
1323 10
1324 10
1325 10
1326 10
1327 10
1328 10
1329 10
1330 10
1331 10
1332 10
1333 10
1334 10
1335 10
1336 10
1337 10
1338 10
1339 10
1340 10
1341 10
1342 10
1343 10
1344 10
1345 10
1346 10
1347 10
1348 10
1349 10
1350 10
1351 10
1352 10
1353 10
1354 10
1291 10
1292 10
1293 10
1294 10
1295 10
1296 10
1297 10
1298 10
1299 10
1300 10
1301 10
1302 10
1303 10
1304 10
1305 10
1306 10
1307 10
1308 10
1309 10
1310 10
1311 10
1312 10
1313 10
1314 10
1315 10
1316 10
1317 10
1318 10
1319 10
1320 10
1321 10
1322 10
