block round
3233 60
0 60
1 60
2 60
3 60
4 60
5 60
6 60
7 60
8 60
9 60
10 60
11 60
12 60
13 60
14 60
15 60
16 60
17 60
18 60
19 60
20 60
21 60
22 60
23 60
24 60
25 60
26 60
27 60
28 60
29 60
30 60
31 60
2245 60
2246 60
2247 60
2248 60
2249 60
2250 60
2251 60
2252 60
2253 60
2254 60
2255 60
2256 60
2257 60
2258 60
2259 60
2260 60
2261 60
2262 60
2263 60
2264 60
2265 60
2266 60
2267 60
2268 60
2269 60
2270 60
2271 60
2272 60
2273 60
2274 60
2275 60
2276 60
3137 60
3138 60
3139 60
3140 60
3141 60
3142 60
3143 60
3144 60
3145 60
3146 60
3147 60
3148 60
3149 60
3150 60
3151 60
3152 60
3153 60
3154 60
3155 60
3156 60
3157 60
3158 60
3159 60
3160 60
3161 60
3162 60
3163 60
3164 60
3165 60
3166 60
3167 60
3168 60
3169 60
3170 60
3171 60
3172 60
3173 60
3174 60
3175 60
3176 60
3177 60
3178 60
3179 60
3180 60
3181 60
3182 60
3183 60
3184 60
3185 60
3186 60
3187 60
3188 60
3189 60
3190 60
3191 60
3192 60
3193 60
3194 60
3195 60
3196 60
3197 60
3198 60
3199 60
3200 60
