block round
2880 70
260 70
261 70
262 70
263 70
264 70
265 70
266 70
267 70
268 70
269 70
270 70
271 70
272 70
273 70
274 70
275 70
276 70
277 70
278 70
279 70
280 70
281 70
282 70
283 70
284 70
285 70
286 70
287 70
288 70
289 70
290 70
291 70
1725 70
1726 70
1727 70
1728 70
1729 70
1730 70
1731 70
1732 70
1733 70
1734 70
1735 70
1736 70
1737 70
1738 70
1739 70
1740 70
1741 70
1742 70
1743 70
1744 70
1745 70
1746 70
1747 70
1748 70
1749 70
1750 70
1751 70
1752 70
1753 70
1754 70
1755 70
1756 70
1757 70
1758 70
1759 70
1760 70
1761 70
1762 70
1763 70
1764 70
1765 70
1766 70
1767 70
1768 70
1769 70
1770 70
1771 70
1772 70
1773 70
1774 70
1775 70
1776 70
1777 70
1778 70
1779 70
1780 70
1781 70
1782 70
1783 70
1784 70
1785 70
1786 70
1787 70
1788 70
2848 70
2849 70
2850 70
2851 70
2852 70
2853 70
2854 70
2855 70
2856 70
2857 70
2858 70
2859 70
2860 70
2861 70
2862 70
2863 70
2864 70
2865 70
2866 70
2867 70
2868 70
2869 70
2870 70
2871 70
2872 70
2873 70
2874 70
2875 70
2876 70
2877 70
2878 70
2879 70
