block round
2847 70
195 70
196 70
197 70
198 70
199 70
200 70
201 70
202 70
203 70
204 70
205 70
206 70
207 70
208 70
209 70
210 70
211 70
212 70
213 70
214 70
215 70
216 70
217 70
218 70
219 70
220 70
221 70
222 70
223 70
224 70
225 70
226 70
227 70
228 70
229 70
230 70
231 70
232 70
233 70
234 70
235 70
236 70
237 70
238 70
239 70
240 70
241 70
242 70
243 70
244 70
245 70
246 70
247 70
248 70
249 70
250 70
251 70
252 70
253 70
254 70
255 70
256 70
257 70
258 70
2470 70
2471 70
2472 70
2473 70
2474 70
2475 70
2476 70
2477 70
2478 70
2479 70
2480 70
2481 70
2482 70
2483 70
2484 70
2485 70
2486 70
2487 70
2488 70
2489 70
2490 70
2491 70
2492 70
2493 70
2494 70
2495 70
2496 70
2497 70
2498 70
2499 70
2500 70
2501 70
2815 70
2816 70
2817 70
2818 70
2819 70
2820 70
2821 70
2822 70
2823 70
2824 70
2825 70
2826 70
2827 70
2828 70
2829 70
2830 70
2831 70
2832 70
2833 70
2834 70
2835 70
2836 70
2837 70
2838 70
2839 70
2840 70
2841 70
2842 70
2843 70
2844 70
2845 70
2846 70
