block round
3656 60
473 60
474 60
475 60
476 60
477 60
478 60
479 60
480 60
481 60
482 60
483 60
484 60
485 60
486 60
487 60
488 60
489 60
490 60
491 60
492 60
493 60
494 60
495 60
496 60
497 60
498 60
499 60
500 60
501 60
502 60
503 60
504 60
2051 60
2052 60
2053 60
2054 60
2055 60
2056 60
2057 60
2058 60
2059 60
2060 60
2061 60
2062 60
2063 60
2064 60
2065 60
2066 60
2067 60
2068 60
2069 60
2070 60
2071 60
2072 60
2073 60
2074 60
2075 60
2076 60
2077 60
2078 60
2079 60
2080 60
2081 60
2082 60
3592 60
3593 60
3594 60
3595 60
3596 60
3597 60
3598 60
3599 60
3600 60
3601 60
3602 60
3603 60
3604 60
3605 60
3606 60
3607 60
3608 60
3609 60
3610 60
3611 60
3612 60
3613 60
3614 60
3615 60
3616 60
3617 60
3618 60
3619 60
3620 60
3621 60
3622 60
3623 60
3624 60
3625 60
3626 60
3627 60
3628 60
3629 60
3630 60
3631 60
3632 60
3633 60
3634 60
3635 60
3636 60
3637 60
3638 60
3639 60
3640 60
3641 60
3642 60
3643 60
3644 60
3645 60
3646 60
3647 60
3648 60
3649 60
3650 60
3651 60
3652 60
3653 60
3654 60
3655 60
