block round
3591 60
408 60
409 60
410 60
411 60
412 60
413 60
414 60
415 60
416 60
417 60
418 60
419 60
420 60
421 60
422 60
423 60
424 60
425 60
426 60
427 60
428 60
429 60
430 60
431 60
432 60
433 60
434 60
435 60
436 60
437 60
438 60
439 60
1986 60
1987 60
1988 60
1989 60
1990 60
1991 60
1992 60
1993 60
1994 60
1995 60
1996 60
1997 60
1998 60
1999 60
2000 60
2001 60
2002 60
2003 60
2004 60
2005 60
2006 60
2007 60
2008 60
2009 60
2010 60
2011 60
2012 60
2013 60
2014 60
2015 60
2016 60
2017 60
3527 60
3528 60
3529 60
3530 60
3531 60
3532 60
3533 60
3534 60
3535 60
3536 60
3537 60
3538 60
3539 60
3540 60
3541 60
3542 60
3543 60
3544 60
3545 60
3546 60
3547 60
3548 60
3549 60
3550 60
3551 60
3552 60
3553 60
3554 60
3555 60
3556 60
3557 60
3558 60
3559 60
3560 60
3561 60
3562 60
3563 60
3564 60
3565 60
3566 60
3567 60
3568 60
3569 60
3570 60
3571 60
3572 60
3573 60
3574 60
3575 60
3576 60
3577 60
3578 60
3579 60
3580 60
3581 60
3582 60
3583 60
3584 60
3585 60
3586 60
3587 60
3588 60
3589 60
3590 60
