block round
2946 70
390 70
391 70
392 70
393 70
394 70
395 70
396 70
397 70
398 70
399 70
400 70
401 70
402 70
403 70
404 70
405 70
406 70
407 70
408 70
409 70
410 70
411 70
412 70
413 70
414 70
415 70
416 70
417 70
418 70
419 70
420 70
421 70
1919 70
1920 70
1921 70
1922 70
1923 70
1924 70
1925 70
1926 70
1927 70
1928 70
1929 70
1930 70
1931 70
1932 70
1933 70
1934 70
1935 70
1936 70
1937 70
1938 70
1939 70
1940 70
1941 70
1942 70
1943 70
1944 70
1945 70
1946 70
1947 70
1948 70
1949 70
1950 70
1951 70
1952 70
1953 70
1954 70
1955 70
1956 70
1957 70
1958 70
1959 70
1960 70
1961 70
1962 70
1963 70
1964 70
1965 70
1966 70
1967 70
1968 70
1969 70
1970 70
1971 70
1972 70
1973 70
1974 70
1975 70
1976 70
1977 70
1978 70
1979 70
1980 70
1981 70
1982 70
2914 70
2915 70
2916 70
2917 70
2918 70
2919 70
2920 70
2921 70
2922 70
2923 70
2924 70
2925 70
2926 70
2927 70
2928 70
2929 70
2930 70
2931 70
2932 70
2933 70
2934 70
2935 70
2936 70
2937 70
2938 70
2939 70
2940 70
2941 70
2942 70
2943 70
2944 70
2945 70
