block round
3324 50
181 50
182 50
183 50
184 50
185 50
186 50
187 50
188 50
189 50
190 50
191 50
192 50
193 50
194 50
195 50
196 50
197 50
198 50
199 50
200 50
201 50
202 50
203 50
204 50
205 50
206 50
207 50
208 50
209 50
210 50
211 50
212 50
1747 50
1748 50
1749 50
1750 50
1751 50
1752 50
1753 50
1754 50
1755 50
1756 50
1757 50
1758 50
1759 50
1760 50
1761 50
1762 50
1763 50
1764 50
1765 50
1766 50
1767 50
1768 50
1769 50
1770 50
1771 50
1772 50
1773 50
1774 50
1775 50
1776 50
1777 50
1778 50
3260 50
3261 50
3262 50
3263 50
3264 50
3265 50
3266 50
3267 50
3268 50
3269 50
3270 50
3271 50
3272 50
3273 50
3274 50
3275 50
3276 50
3277 50
3278 50
3279 50
3280 50
3281 50
3282 50
3283 50
3284 50
3285 50
3286 50
3287 50
3288 50
3289 50
3290 50
3291 50
3292 50
3293 50
3294 50
3295 50
3296 50
3297 50
3298 50
3299 50
3300 50
3301 50
3302 50
3303 50
3304 50
3305 50
3306 50
3307 50
3308 50
3309 50
3310 50
3311 50
3312 50
3313 50
3314 50
3315 50
3316 50
3317 50
3318 50
3319 50
3320 50
3321 50
3322 50
3323 50
