block round
3155 80
296 80
297 80
298 80
299 80
300 80
301 80
302 80
303 80
304 80
305 80
306 80
307 80
308 80
309 80
310 80
311 80
312 80
313 80
314 80
315 80
316 80
317 80
318 80
319 80
320 80
321 80
322 80
323 80
324 80
325 80
326 80
327 80
1766 80
1767 80
1768 80
1769 80
1770 80
1771 80
1772 80
1773 80
1774 80
1775 80
1776 80
1777 80
1778 80
1779 80
1780 80
1781 80
1782 80
1783 80
1784 80
1785 80
1786 80
1787 80
1788 80
1789 80
1790 80
1791 80
1792 80
1793 80
1794 80
1795 80
1796 80
1797 80
3091 80
3092 80
3093 80
3094 80
3095 80
3096 80
3097 80
3098 80
3099 80
3100 80
3101 80
3102 80
3103 80
3104 80
3105 80
3106 80
3107 80
3108 80
3109 80
3110 80
3111 80
3112 80
3113 80
3114 80
3115 80
3116 80
3117 80
3118 80
3119 80
3120 80
3121 80
3122 80
3123 80
3124 80
3125 80
3126 80
3127 80
3128 80
3129 80
3130 80
3131 80
3132 80
3133 80
3134 80
3135 80
3136 80
3137 80
3138 80
3139 80
3140 80
3141 80
3142 80
3143 80
3144 80
3145 80
3146 80
3147 80
3148 80
3149 80
3150 80
3151 80
3152 80
3153 80
3154 80
