file block round
0 3129 50
0 0 50
0 1 50
0 2 50
0 3 50
0 4 50
0 5 50
0 6 50
0 7 50
0 8 50
0 9 50
0 10 50
0 11 50
0 12 50
0 13 50
0 14 50
0 15 50
0 16 50
0 17 50
0 18 50
0 19 50
0 20 50
0 21 50
0 22 50
0 23 50
0 24 50
0 25 50
0 26 50
0 27 50
0 28 50
0 29 50
0 30 50
0 31 50
0 2202 50
0 2203 50
0 2204 50
0 2205 50
0 2206 50
0 2207 50
0 2208 50
0 2209 50
0 2210 50
0 2211 50
0 2212 50
0 2213 50
0 2214 50
0 2215 50
0 2216 50
0 2217 50
0 2218 50
0 2219 50
0 2220 50
0 2221 50
0 2222 50
0 2223 50
0 2224 50
0 2225 50
0 2226 50
0 2227 50
0 2228 50
0 2229 50
0 2230 50
0 2231 50
0 2232 50
0 2233 50
0 3065 50
0 3066 50
0 3067 50
0 3068 50
0 3069 50
0 3070 50
0 3071 50
0 3072 50
0 3073 50
0 3074 50
0 3075 50
0 3076 50
0 3077 50
0 3078 50
0 3079 50
0 3080 50
0 3081 50
0 3082 50
0 3083 50
0 3084 50
0 3085 50
0 3086 50
0 3087 50
0 3088 50
0 3089 50
0 3090 50
0 3091 50
0 3092 50
0 3093 50
0 3094 50
0 3095 50
0 3096 50
0 3097 50
0 3098 50
0 3099 50
0 3100 50
0 3101 50
0 3102 50
0 3103 50
0 3104 50
0 3105 50
0 3106 50
0 3107 50
0 3108 50
0 3109 50
0 3110 50
0 3111 50
0 3112 50
0 3113 50
0 3114 50
0 3115 50
0 3116 50
0 3117 50
0 3118 50
0 3119 50
0 3120 50
0 3121 50
0 3122 50
0 3123 50
0 3124 50
0 3125 50
0 3126 50
0 3127 50
0 3128 50
1 3194 50
1 51 50
1 52 50
1 53 50
1 54 50
1 55 50
1 56 50
1 57 50
1 58 50
1 59 50
1 60 50
1 61 50
1 62 50
1 63 50
1 64 50
1 65 50
1 66 50
1 67 50
1 68 50
1 69 50
1 70 50
1 71 50
1 72 50
1 73 50
1 74 50
1 75 50
1 76 50
1 77 50
1 78 50
1 79 50
1 80 50
1 81 50
1 82 50
1 1616 50
1 1617 50
1 1618 50
1 1619 50
1 1620 50
1 1621 50
1 1622 50
1 1623 50
1 1624 50
1 1625 50
1 1626 50
1 1627 50
1 1628 50
1 1629 50
1 1630 50
1 1631 50
1 1632 50
1 1633 50
1 1634 50
1 1635 50
1 1636 50
1 1637 50
1 1638 50
1 1639 50
1 1640 50
1 1641 50
1 1642 50
1 1643 50
1 1644 50
1 1645 50
1 1646 50
1 1647 50
1 3130 50
1 3131 50
1 3132 50
1 3133 50
1 3134 50
1 3135 50
1 3136 50
1 3137 50
1 3138 50
1 3139 50
1 3140 50
1 3141 50
1 3142 50
1 3143 50
1 3144 50
1 3145 50
1 3146 50
1 3147 50
1 3148 50
1 3149 50
1 3150 50
1 3151 50
1 3152 50
1 3153 50
1 3154 50
1 3155 50
1 3156 50
1 3157 50
1 3158 50
1 3159 50
1 3160 50
1 3161 50
1 3162 50
1 3163 50
1 3164 50
1 3165 50
1 3166 50
1 3167 50
1 3168 50
1 3169 50
1 3170 50
1 3171 50
1 3172 50
1 3173 50
1 3174 50
1 3175 50
1 3176 50
1 3177 50
1 3178 50
1 3179 50
1 3180 50
1 3181 50
1 3182 50
1 3183 50
1 3184 50
1 3185 50
1 3186 50
1 3187 50
1 3188 50
1 3189 50
1 3190 50
1 3191 50
1 3192 50
1 3193 50
2 3259 50
2 116 50
2 117 50
2 118 50
2 119 50
2 120 50
2 121 50
2 122 50
2 123 50
2 124 50
2 125 50
2 126 50
2 127 50
2 128 50
2 129 50
2 130 50
2 131 50
2 132 50
2 133 50
2 134 50
2 135 50
2 136 50
2 137 50
2 138 50
2 139 50
2 140 50
2 141 50
2 142 50
2 143 50
2 144 50
2 145 50
2 146 50
2 147 50
2 1682 50
2 1683 50
2 1684 50
2 1685 50
2 1686 50
2 1687 50
2 1688 50
2 1689 50
2 1690 50
2 1691 50
2 1692 50
2 1693 50
2 1694 50
2 1695 50
2 1696 50
2 1697 50
2 1698 50
2 1699 50
2 1700 50
2 1701 50
2 1702 50
2 1703 50
2 1704 50
2 1705 50
2 1706 50
2 1707 50
2 1708 50
2 1709 50
2 1710 50
2 1711 50
2 1712 50
2 1713 50
2 3195 50
2 3196 50
2 3197 50
2 3198 50
2 3199 50
2 3200 50
2 3201 50
2 3202 50
2 3203 50
2 3204 50
2 3205 50
2 3206 50
2 3207 50
2 3208 50
2 3209 50
2 3210 50
2 3211 50
2 3212 50
2 3213 50
2 3214 50
2 3215 50
2 3216 50
2 3217 50
2 3218 50
2 3219 50
2 3220 50
2 3221 50
2 3222 50
2 3223 50
2 3224 50
2 3225 50
2 3226 50
2 3227 50
2 3228 50
2 3229 50
2 3230 50
2 3231 50
2 3232 50
2 3233 50
2 3234 50
2 3235 50
2 3236 50
2 3237 50
2 3238 50
2 3239 50
2 3240 50
2 3241 50
2 3242 50
2 3243 50
2 3244 50
2 3245 50
2 3246 50
2 3247 50
2 3248 50
2 3249 50
2 3250 50
2 3251 50
2 3252 50
2 3253 50
2 3254 50
2 3255 50
2 3256 50
2 3257 50
2 3258 50
3 3324 50
3 181 50
3 182 50
3 183 50
3 184 50
3 185 50
3 186 50
3 187 50
3 188 50
3 189 50
3 190 50
3 191 50
3 192 50
3 193 50
3 194 50
3 195 50
3 196 50
3 197 50
3 198 50
3 199 50
3 200 50
3 201 50
3 202 50
3 203 50
3 204 50
3 205 50
3 206 50
3 207 50
3 208 50
3 209 50
3 210 50
3 211 50
3 212 50
3 1747 50
3 1748 50
3 1749 50
3 1750 50
3 1751 50
3 1752 50
3 1753 50
3 1754 50
3 1755 50
3 1756 50
3 1757 50
3 1758 50
3 1759 50
3 1760 50
3 1761 50
3 1762 50
3 1763 50
3 1764 50
3 1765 50
3 1766 50
3 1767 50
3 1768 50
3 1769 50
3 1770 50
3 1771 50
3 1772 50
3 1773 50
3 1774 50
3 1775 50
3 1776 50
3 1777 50
3 1778 50
3 3260 50
3 3261 50
3 3262 50
3 3263 50
3 3264 50
3 3265 50
3 3266 50
3 3267 50
3 3268 50
3 3269 50
3 3270 50
3 3271 50
3 3272 50
3 3273 50
3 3274 50
3 3275 50
3 3276 50
3 3277 50
3 3278 50
3 3279 50
3 3280 50
3 3281 50
3 3282 50
3 3283 50
3 3284 50
3 3285 50
3 3286 50
3 3287 50
3 3288 50
3 3289 50
3 3290 50
3 3291 50
3 3292 50
3 3293 50
3 3294 50
3 3295 50
3 3296 50
3 3297 50
3 3298 50
3 3299 50
3 3300 50
3 3301 50
3 3302 50
3 3303 50
3 3304 50
3 3305 50
3 3306 50
3 3307 50
3 3308 50
3 3309 50
3 3310 50
3 3311 50
3 3312 50
3 3313 50
3 3314 50
3 3315 50
3 3316 50
3 3317 50
3 3318 50
3 3319 50
3 3320 50
3 3321 50
3 3322 50
3 3323 50
4 3389 50
4 246 50
4 247 50
4 248 50
4 249 50
4 250 50
4 251 50
4 252 50
4 253 50
4 254 50
4 255 50
4 256 50
4 257 50
4 258 50
4 259 50
4 260 50
4 261 50
4 262 50
4 263 50
4 264 50
4 265 50
4 266 50
4 267 50
4 268 50
4 269 50
4 270 50
4 271 50
4 272 50
4 273 50
4 274 50
4 275 50
4 276 50
4 277 50
4 1844 50
4 1845 50
4 1846 50
4 1847 50
4 1848 50
4 1849 50
4 1850 50
4 1851 50
4 1852 50
4 1853 50
4 1854 50
4 1855 50
4 1856 50
4 1857 50
4 1858 50
4 1859 50
4 1860 50
4 1861 50
4 1862 50
4 1863 50
4 1864 50
4 1865 50
4 1866 50
4 1867 50
4 1868 50
4 1869 50
4 1870 50
4 1871 50
4 1872 50
4 1873 50
4 1874 50
4 1875 50
4 3325 50
4 3326 50
4 3327 50
4 3328 50
4 3329 50
4 3330 50
4 3331 50
4 3332 50
4 3333 50
4 3334 50
4 3335 50
4 3336 50
4 3337 50
4 3338 50
4 3339 50
4 3340 50
4 3341 50
4 3342 50
4 3343 50
4 3344 50
4 3345 50
4 3346 50
4 3347 50
4 3348 50
4 3349 50
4 3350 50
4 3351 50
4 3352 50
4 3353 50
4 3354 50
4 3355 50
4 3356 50
4 3357 50
4 3358 50
4 3359 50
4 3360 50
4 3361 50
4 3362 50
4 3363 50
4 3364 50
4 3365 50
4 3366 50
4 3367 50
4 3368 50
4 3369 50
4 3370 50
4 3371 50
4 3372 50
4 3373 50
4 3374 50
4 3375 50
4 3376 50
4 3377 50
4 3378 50
4 3379 50
4 3380 50
4 3381 50
4 3382 50
4 3383 50
4 3384 50
4 3385 50
4 3386 50
4 3387 50
4 3388 50
5 3454 50
5 311 50
5 312 50
5 313 50
5 314 50
5 315 50
5 316 50
5 317 50
5 318 50
5 319 50
5 320 50
5 321 50
5 322 50
5 323 50
5 324 50
5 325 50
5 326 50
5 327 50
5 328 50
5 329 50
5 330 50
5 331 50
5 332 50
5 333 50
5 334 50
5 335 50
5 336 50
5 337 50
5 338 50
5 339 50
5 340 50
5 341 50
5 342 50
5 1877 50
5 1878 50
5 1879 50
5 1880 50
5 1881 50
5 1882 50
5 1883 50
5 1884 50
5 1885 50
5 1886 50
5 1887 50
5 1888 50
5 1889 50
5 1890 50
5 1891 50
5 1892 50
5 1893 50
5 1894 50
5 1895 50
5 1896 50
5 1897 50
5 1898 50
5 1899 50
5 1900 50
5 1901 50
5 1902 50
5 1903 50
5 1904 50
5 1905 50
5 1906 50
5 1907 50
5 1908 50
5 3390 50
5 3391 50
5 3392 50
5 3393 50
5 3394 50
5 3395 50
5 3396 50
5 3397 50
5 3398 50
5 3399 50
5 3400 50
5 3401 50
5 3402 50
5 3403 50
5 3404 50
5 3405 50
5 3406 50
5 3407 50
5 3408 50
5 3409 50
5 3410 50
5 3411 50
5 3412 50
5 3413 50
5 3414 50
5 3415 50
5 3416 50
5 3417 50
5 3418 50
5 3419 50
5 3420 50
5 3421 50
5 3422 50
5 3423 50
5 3424 50
5 3425 50
5 3426 50
5 3427 50
5 3428 50
5 3429 50
5 3430 50
5 3431 50
5 3432 50
5 3433 50
5 3434 50
5 3435 50
5 3436 50
5 3437 50
5 3438 50
5 3439 50
5 3440 50
5 3441 50
5 3442 50
5 3443 50
5 3444 50
5 3445 50
5 3446 50
5 3447 50
5 3448 50
5 3449 50
5 3450 50
5 3451 50
5 3452 50
5 3453 50
6 2869 50
6 376 50
6 377 50
6 378 50
6 379 50
6 380 50
6 381 50
6 382 50
6 383 50
6 384 50
6 385 50
6 386 50
6 387 50
6 388 50
6 389 50
6 390 50
6 391 50
6 392 50
6 393 50
6 394 50
6 395 50
6 396 50
6 397 50
6 398 50
6 399 50
6 400 50
6 401 50
6 402 50
6 403 50
6 404 50
6 405 50
6 406 50
6 407 50
6 1942 50
6 1943 50
6 1944 50
6 1945 50
6 1946 50
6 1947 50
6 1948 50
6 1949 50
6 1950 50
6 1951 50
6 1952 50
6 1953 50
6 1954 50
6 1955 50
6 1956 50
6 1957 50
6 1958 50
6 1959 50
6 1960 50
6 1961 50
6 1962 50
6 1963 50
6 1964 50
6 1965 50
6 1966 50
6 1967 50
6 1968 50
6 1969 50
6 1970 50
6 1971 50
6 1972 50
6 1973 50
6 2805 50
6 2806 50
6 2807 50
6 2808 50
6 2809 50
6 2810 50
6 2811 50
6 2812 50
6 2813 50
6 2814 50
6 2815 50
6 2816 50
6 2817 50
6 2818 50
6 2819 50
6 2820 50
6 2821 50
6 2822 50
6 2823 50
6 2824 50
6 2825 50
6 2826 50
6 2827 50
6 2828 50
6 2829 50
6 2830 50
6 2831 50
6 2832 50
6 2833 50
6 2834 50
6 2835 50
6 2836 50
6 2837 50
6 2838 50
6 2839 50
6 2840 50
6 2841 50
6 2842 50
6 2843 50
6 2844 50
6 2845 50
6 2846 50
6 2847 50
6 2848 50
6 2849 50
6 2850 50
6 2851 50
6 2852 50
6 2853 50
6 2854 50
6 2855 50
6 2856 50
6 2857 50
6 2858 50
6 2859 50
6 2860 50
6 2861 50
6 2862 50
6 2863 50
6 2864 50
6 2865 50
6 2866 50
6 2867 50
6 2868 50
7 2934 50
7 441 50
7 442 50
7 443 50
7 444 50
7 445 50
7 446 50
7 447 50
7 448 50
7 449 50
7 450 50
7 451 50
7 452 50
7 453 50
7 454 50
7 455 50
7 456 50
7 457 50
7 458 50
7 459 50
7 460 50
7 461 50
7 462 50
7 463 50
7 464 50
7 465 50
7 466 50
7 467 50
7 468 50
7 469 50
7 470 50
7 471 50
7 472 50
7 2007 50
7 2008 50
7 2009 50
7 2010 50
7 2011 50
7 2012 50
7 2013 50
7 2014 50
7 2015 50
7 2016 50
7 2017 50
7 2018 50
7 2019 50
7 2020 50
7 2021 50
7 2022 50
7 2023 50
7 2024 50
7 2025 50
7 2026 50
7 2027 50
7 2028 50
7 2029 50
7 2030 50
7 2031 50
7 2032 50
7 2033 50
7 2034 50
7 2035 50
7 2036 50
7 2037 50
7 2038 50
7 2870 50
7 2871 50
7 2872 50
7 2873 50
7 2874 50
7 2875 50
7 2876 50
7 2877 50
7 2878 50
7 2879 50
7 2880 50
7 2881 50
7 2882 50
7 2883 50
7 2884 50
7 2885 50
7 2886 50
7 2887 50
7 2888 50
7 2889 50
7 2890 50
7 2891 50
7 2892 50
7 2893 50
7 2894 50
7 2895 50
7 2896 50
7 2897 50
7 2898 50
7 2899 50
7 2900 50
7 2901 50
7 2902 50
7 2903 50
7 2904 50
7 2905 50
7 2906 50
7 2907 50
7 2908 50
7 2909 50
7 2910 50
7 2911 50
7 2912 50
7 2913 50
7 2914 50
7 2915 50
7 2916 50
7 2917 50
7 2918 50
7 2919 50
7 2920 50
7 2921 50
7 2922 50
7 2923 50
7 2924 50
7 2925 50
7 2926 50
7 2927 50
7 2928 50
7 2929 50
7 2930 50
7 2931 50
7 2932 50
7 2933 50
8 2999 50
8 506 50
8 507 50
8 508 50
8 509 50
8 510 50
8 511 50
8 512 50
8 513 50
8 514 50
8 515 50
8 516 50
8 517 50
8 518 50
8 519 50
8 520 50
8 521 50
8 522 50
8 523 50
8 524 50
8 525 50
8 526 50
8 527 50
8 528 50
8 529 50
8 530 50
8 531 50
8 532 50
8 533 50
8 534 50
8 535 50
8 536 50
8 537 50
8 2072 50
8 2073 50
8 2074 50
8 2075 50
8 2076 50
8 2077 50
8 2078 50
8 2079 50
8 2080 50
8 2081 50
8 2082 50
8 2083 50
8 2084 50
8 2085 50
8 2086 50
8 2087 50
8 2088 50
8 2089 50
8 2090 50
8 2091 50
8 2092 50
8 2093 50
8 2094 50
8 2095 50
8 2096 50
8 2097 50
8 2098 50
8 2099 50
8 2100 50
8 2101 50
8 2102 50
8 2103 50
8 2935 50
8 2936 50
8 2937 50
8 2938 50
8 2939 50
8 2940 50
8 2941 50
8 2942 50
8 2943 50
8 2944 50
8 2945 50
8 2946 50
8 2947 50
8 2948 50
8 2949 50
8 2950 50
8 2951 50
8 2952 50
8 2953 50
8 2954 50
8 2955 50
8 2956 50
8 2957 50
8 2958 50
8 2959 50
8 2960 50
8 2961 50
8 2962 50
8 2963 50
8 2964 50
8 2965 50
8 2966 50
8 2967 50
8 2968 50
8 2969 50
8 2970 50
8 2971 50
8 2972 50
8 2973 50
8 2974 50
8 2975 50
8 2976 50
8 2977 50
8 2978 50
8 2979 50
8 2980 50
8 2981 50
8 2982 50
8 2983 50
8 2984 50
8 2985 50
8 2986 50
8 2987 50
8 2988 50
8 2989 50
8 2990 50
8 2991 50
8 2992 50
8 2993 50
8 2994 50
8 2995 50
8 2996 50
8 2997 50
8 2998 50
9 3064 50
9 571 50
9 572 50
9 573 50
9 574 50
9 575 50
9 576 50
9 577 50
9 578 50
9 579 50
9 580 50
9 581 50
9 582 50
9 583 50
9 584 50
9 585 50
9 586 50
9 587 50
9 588 50
9 589 50
9 590 50
9 591 50
9 592 50
9 593 50
9 594 50
9 595 50
9 596 50
9 597 50
9 598 50
9 599 50
9 600 50
9 601 50
9 602 50
9 2137 50
9 2138 50
9 2139 50
9 2140 50
9 2141 50
9 2142 50
9 2143 50
9 2144 50
9 2145 50
9 2146 50
9 2147 50
9 2148 50
9 2149 50
9 2150 50
9 2151 50
9 2152 50
9 2153 50
9 2154 50
9 2155 50
9 2156 50
9 2157 50
9 2158 50
9 2159 50
9 2160 50
9 2161 50
9 2162 50
9 2163 50
9 2164 50
9 2165 50
9 2166 50
9 2167 50
9 2168 50
9 3000 50
9 3001 50
9 3002 50
9 3003 50
9 3004 50
9 3005 50
9 3006 50
9 3007 50
9 3008 50
9 3009 50
9 3010 50
9 3011 50
9 3012 50
9 3013 50
9 3014 50
9 3015 50
9 3016 50
9 3017 50
9 3018 50
9 3019 50
9 3020 50
9 3021 50
9 3022 50
9 3023 50
9 3024 50
9 3025 50
9 3026 50
9 3027 50
9 3028 50
9 3029 50
9 3030 50
9 3031 50
9 3032 50
9 3033 50
9 3034 50
9 3035 50
9 3036 50
9 3037 50
9 3038 50
9 3039 50
9 3040 50
9 3041 50
9 3042 50
9 3043 50
9 3044 50
9 3045 50
9 3046 50
9 3047 50
9 3048 50
9 3049 50
9 3050 50
9 3051 50
9 3052 50
9 3053 50
9 3054 50
9 3055 50
9 3056 50
9 3057 50
9 3058 50
9 3059 50
9 3060 50
9 3061 50
9 3062 50
9 3063 50
