block round
2934 50
441 50
442 50
443 50
444 50
445 50
446 50
447 50
448 50
449 50
450 50
451 50
452 50
453 50
454 50
455 50
456 50
457 50
458 50
459 50
460 50
461 50
462 50
463 50
464 50
465 50
466 50
467 50
468 50
469 50
470 50
471 50
472 50
2007 50
2008 50
2009 50
2010 50
2011 50
2012 50
2013 50
2014 50
2015 50
2016 50
2017 50
2018 50
2019 50
2020 50
2021 50
2022 50
2023 50
2024 50
2025 50
2026 50
2027 50
2028 50
2029 50
2030 50
2031 50
2032 50
2033 50
2034 50
2035 50
2036 50
2037 50
2038 50
2870 50
2871 50
2872 50
2873 50
2874 50
2875 50
2876 50
2877 50
2878 50
2879 50
2880 50
2881 50
2882 50
2883 50
2884 50
2885 50
2886 50
2887 50
2888 50
2889 50
2890 50
2891 50
2892 50
2893 50
2894 50
2895 50
2896 50
2897 50
2898 50
2899 50
2900 50
2901 50
2902 50
2903 50
2904 50
2905 50
2906 50
2907 50
2908 50
2909 50
2910 50
2911 50
2912 50
2913 50
2914 50
2915 50
2916 50
2917 50
2918 50
2919 50
2920 50
2921 50
2922 50
2923 50
2924 50
2925 50
2926 50
2927 50
2928 50
2929 50
2930 50
2931 50
2932 50
2933 50
