block round
3020 100
195 100
196 100
197 100
198 100
199 100
200 100
201 100
202 100
203 100
204 100
205 100
206 100
207 100
208 100
209 100
210 100
211 100
212 100
213 100
214 100
215 100
216 100
217 100
218 100
219 100
220 100
221 100
222 100
223 100
224 100
225 100
226 100
2133 100
2134 100
2135 100
2136 100
2137 100
2138 100
2139 100
2140 100
2141 100
2142 100
2143 100
2144 100
2145 100
2146 100
2147 100
2148 100
2149 100
2150 100
2151 100
2152 100
2153 100
2154 100
2155 100
2156 100
2157 100
2158 100
2159 100
2160 100
2161 100
2162 100
2163 100
2164 100
2956 100
2957 100
2958 100
2959 100
2960 100
2961 100
2962 100
2963 100
2964 100
2965 100
2966 100
2967 100
2968 100
2969 100
2970 100
2971 100
2972 100
2973 100
2974 100
2975 100
2976 100
2977 100
2978 100
2979 100
2980 100
2981 100
2982 100
2983 100
2984 100
2985 100
2986 100
2987 100
2988 100
2989 100
2990 100
2991 100
2992 100
2993 100
2994 100
2995 100
2996 100
2997 100
2998 100
2999 100
3000 100
3001 100
3002 100
3003 100
3004 100
3005 100
3006 100
3007 100
3008 100
3009 100
3010 100
3011 100
3012 100
3013 100
3014 100
3015 100
3016 100
3017 100
3018 100
3019 100
