block round
3090 80
199 80
200 80
201 80
202 80
203 80
204 80
205 80
206 80
207 80
208 80
209 80
210 80
211 80
212 80
213 80
214 80
215 80
216 80
217 80
218 80
219 80
220 80
221 80
222 80
223 80
224 80
225 80
226 80
227 80
228 80
229 80
230 80
1702 80
1703 80
1704 80
1705 80
1706 80
1707 80
1708 80
1709 80
1710 80
1711 80
1712 80
1713 80
1714 80
1715 80
1716 80
1717 80
1718 80
1719 80
1720 80
1721 80
1722 80
1723 80
1724 80
1725 80
1726 80
1727 80
1728 80
1729 80
1730 80
1731 80
1732 80
1733 80
3026 80
3027 80
3028 80
3029 80
3030 80
3031 80
3032 80
3033 80
3034 80
3035 80
3036 80
3037 80
3038 80
3039 80
3040 80
3041 80
3042 80
3043 80
3044 80
3045 80
3046 80
3047 80
3048 80
3049 80
3050 80
3051 80
3052 80
3053 80
3054 80
3055 80
3056 80
3057 80
3058 80
3059 80
3060 80
3061 80
3062 80
3063 80
3064 80
3065 80
3066 80
3067 80
3068 80
3069 80
3070 80
3071 80
3072 80
3073 80
3074 80
3075 80
3076 80
3077 80
3078 80
3079 80
3080 80
3081 80
3082 80
3083 80
3084 80
3085 80
3086 80
3087 80
3088 80
3089 80
