block round
2991 40
83 40
84 40
85 40
86 40
87 40
88 40
89 40
90 40
91 40
92 40
93 40
94 40
95 40
96 40
97 40
98 40
99 40
100 40
101 40
102 40
103 40
104 40
105 40
106 40
107 40
108 40
109 40
110 40
111 40
112 40
113 40
114 40
1646 40
1647 40
1648 40
1649 40
1650 40
1651 40
1652 40
1653 40
1654 40
1655 40
1656 40
1657 40
1658 40
1659 40
1660 40
1661 40
1662 40
1663 40
1664 40
1665 40
1666 40
1667 40
1668 40
1669 40
1670 40
1671 40
1672 40
1673 40
1674 40
1675 40
1676 40
1677 40
2927 40
2928 40
2929 40
2930 40
2931 40
2932 40
2933 40
2934 40
2935 40
2936 40
2937 40
2938 40
2939 40
2940 40
2941 40
2942 40
2943 40
2944 40
2945 40
2946 40
2947 40
2948 40
2949 40
2950 40
2951 40
2952 40
2953 40
2954 40
2955 40
2956 40
2957 40
2958 40
2959 40
2960 40
2961 40
2962 40
2963 40
2964 40
2965 40
2966 40
2967 40
2968 40
2969 40
2970 40
2971 40
2972 40
2973 40
2974 40
2975 40
2976 40
2977 40
2978 40
2979 40
2980 40
2981 40
2982 40
2983 40
2984 40
2985 40
2986 40
2987 40
2988 40
2989 40
2990 40
