block round
3150 100
325 100
326 100
327 100
328 100
329 100
330 100
331 100
332 100
333 100
334 100
335 100
336 100
337 100
338 100
339 100
340 100
341 100
342 100
343 100
344 100
345 100
346 100
347 100
348 100
349 100
350 100
351 100
352 100
353 100
354 100
355 100
356 100
1612 100
1613 100
1614 100
1615 100
1616 100
1617 100
1618 100
1619 100
1620 100
1621 100
1622 100
1623 100
1624 100
1625 100
1626 100
1627 100
1628 100
1629 100
1630 100
1631 100
1632 100
1633 100
1634 100
1635 100
1636 100
1637 100
1638 100
1639 100
1640 100
1641 100
1642 100
1643 100
3086 100
3087 100
3088 100
3089 100
3090 100
3091 100
3092 100
3093 100
3094 100
3095 100
3096 100
3097 100
3098 100
3099 100
3100 100
3101 100
3102 100
3103 100
3104 100
3105 100
3106 100
3107 100
3108 100
3109 100
3110 100
3111 100
3112 100
3113 100
3114 100
3115 100
3116 100
3117 100
3118 100
3119 100
3120 100
3121 100
3122 100
3123 100
3124 100
3125 100
3126 100
3127 100
3128 100
3129 100
3130 100
3131 100
3132 100
3133 100
3134 100
3135 100
3136 100
3137 100
3138 100
3139 100
3140 100
3141 100
3142 100
3143 100
3144 100
3145 100
3146 100
3147 100
3148 100
3149 100
