block round
2748 70
32 70
33 70
34 70
35 70
36 70
37 70
38 70
39 70
40 70
41 70
42 70
43 70
44 70
45 70
46 70
47 70
48 70
49 70
50 70
51 70
52 70
53 70
54 70
55 70
56 70
57 70
58 70
59 70
60 70
61 70
62 70
63 70
0 70
1 70
2 70
3 70
4 70
5 70
6 70
7 70
8 70
9 70
10 70
11 70
12 70
13 70
14 70
15 70
16 70
17 70
18 70
19 70
20 70
21 70
22 70
23 70
24 70
25 70
26 70
27 70
28 70
29 70
30 70
31 70
2275 70
2276 70
2277 70
2278 70
2279 70
2280 70
2281 70
2282 70
2283 70
2284 70
2285 70
2286 70
2287 70
2288 70
2289 70
2290 70
2291 70
2292 70
2293 70
2294 70
2295 70
2296 70
2297 70
2298 70
2299 70
2300 70
2301 70
2302 70
2303 70
2304 70
2305 70
2306 70
2716 70
2717 70
2718 70
2719 70
2720 70
2721 70
2722 70
2723 70
2724 70
2725 70
2726 70
2727 70
2728 70
2729 70
2730 70
2731 70
2732 70
2733 70
2734 70
2735 70
2736 70
2737 70
2738 70
2739 70
2740 70
2741 70
2742 70
2743 70
2744 70
2745 70
2746 70
2747 70
