block round
3396 60
213 60
214 60
215 60
216 60
217 60
218 60
219 60
220 60
221 60
222 60
223 60
224 60
225 60
226 60
227 60
228 60
229 60
230 60
231 60
232 60
233 60
234 60
235 60
236 60
237 60
238 60
239 60
240 60
241 60
242 60
243 60
244 60
1791 60
1792 60
1793 60
1794 60
1795 60
1796 60
1797 60
1798 60
1799 60
1800 60
1801 60
1802 60
1803 60
1804 60
1805 60
1806 60
1807 60
1808 60
1809 60
1810 60
1811 60
1812 60
1813 60
1814 60
1815 60
1816 60
1817 60
1818 60
1819 60
1820 60
1821 60
1822 60
3364 60
3365 60
3366 60
3367 60
3368 60
3369 60
3370 60
3371 60
3372 60
3373 60
3374 60
3375 60
3376 60
3377 60
3378 60
3379 60
3380 60
3381 60
3382 60
3383 60
3384 60
3385 60
3386 60
3387 60
3388 60
3389 60
3390 60
3391 60
3392 60
3393 60
3394 60
3395 60
3332 60
3333 60
3334 60
3335 60
3336 60
3337 60
3338 60
3339 60
3340 60
3341 60
3342 60
3343 60
3344 60
3345 60
3346 60
3347 60
3348 60
3349 60
3350 60
3351 60
3352 60
3353 60
3354 60
3355 60
3356 60
3357 60
3358 60
3359 60
3360 60
3361 60
3362 60
3363 60
