block round
2890 100
97 100
98 100
99 100
100 100
101 100
102 100
103 100
104 100
105 100
106 100
107 100
108 100
109 100
110 100
111 100
112 100
113 100
114 100
115 100
116 100
117 100
118 100
119 100
120 100
121 100
122 100
123 100
124 100
125 100
126 100
127 100
128 100
2003 100
2004 100
2005 100
2006 100
2007 100
2008 100
2009 100
2010 100
2011 100
2012 100
2013 100
2014 100
2015 100
2016 100
2017 100
2018 100
2019 100
2020 100
2021 100
2022 100
2023 100
2024 100
2025 100
2026 100
2027 100
2028 100
2029 100
2030 100
2031 100
2032 100
2033 100
2034 100
2826 100
2827 100
2828 100
2829 100
2830 100
2831 100
2832 100
2833 100
2834 100
2835 100
2836 100
2837 100
2838 100
2839 100
2840 100
2841 100
2842 100
2843 100
2844 100
2845 100
2846 100
2847 100
2848 100
2849 100
2850 100
2851 100
2852 100
2853 100
2854 100
2855 100
2856 100
2857 100
2858 100
2859 100
2860 100
2861 100
2862 100
2863 100
2864 100
2865 100
2866 100
2867 100
2868 100
2869 100
2870 100
2871 100
2872 100
2873 100
2874 100
2875 100
2876 100
2877 100
2878 100
2879 100
2880 100
2881 100
2882 100
2883 100
2884 100
2885 100
2886 100
2887 100
2888 100
2889 100
