block round
3523 90
261 90
262 90
263 90
264 90
265 90
266 90
267 90
268 90
269 90
270 90
271 90
272 90
273 90
274 90
275 90
276 90
277 90
278 90
279 90
280 90
281 90
282 90
283 90
284 90
285 90
286 90
287 90
288 90
289 90
290 90
291 90
292 90
1742 90
1743 90
1744 90
1745 90
1746 90
1747 90
1748 90
1749 90
1750 90
1751 90
1752 90
1753 90
1754 90
1755 90
1756 90
1757 90
1758 90
1759 90
1760 90
1761 90
1762 90
1763 90
1764 90
1765 90
1766 90
1767 90
1768 90
1769 90
1770 90
1771 90
1772 90
1773 90
3459 90
3460 90
3461 90
3462 90
3463 90
3464 90
3465 90
3466 90
3467 90
3468 90
3469 90
3470 90
3471 90
3472 90
3473 90
3474 90
3475 90
3476 90
3477 90
3478 90
3479 90
3480 90
3481 90
3482 90
3483 90
3484 90
3485 90
3486 90
3487 90
3488 90
3489 90
3490 90
3491 90
3492 90
3493 90
3494 90
3495 90
3496 90
3497 90
3498 90
3499 90
3500 90
3501 90
3502 90
3503 90
3504 90
3505 90
3506 90
3507 90
3508 90
3509 90
3510 90
3511 90
3512 90
3513 90
3514 90
3515 90
3516 90
3517 90
3518 90
3519 90
3520 90
3521 90
3522 90
