block round
2240 20
0 20
1 20
2 20
3 20
4 20
5 20
6 20
7 20
8 20
9 20
10 20
11 20
12 20
13 20
14 20
15 20
16 20
17 20
18 20
19 20
20 20
21 20
22 20
23 20
24 20
25 20
26 20
27 20
28 20
29 20
30 20
31 20
32 20
33 20
34 20
35 20
36 20
37 20
38 20
39 20
40 20
41 20
42 20
43 20
44 20
45 20
46 20
47 20
48 20
49 20
50 20
51 20
52 20
53 20
54 20
55 20
56 20
57 20
58 20
59 20
60 20
61 20
62 20
63 20
2176 20
2177 20
2178 20
2179 20
2180 20
2181 20
2182 20
2183 20
2184 20
2185 20
2186 20
2187 20
2188 20
2189 20
2190 20
2191 20
2192 20
2193 20
2194 20
2195 20
2196 20
2197 20
2198 20
2199 20
2200 20
2201 20
2202 20
2203 20
2204 20
2205 20
2206 20
2207 20
2208 20
2209 20
2210 20
2211 20
2212 20
2213 20
2214 20
2215 20
2216 20
2217 20
2218 20
2219 20
2220 20
2221 20
2222 20
2223 20
2224 20
2225 20
2226 20
2227 20
2228 20
2229 20
2230 20
2231 20
2232 20
2233 20
2234 20
2235 20
2236 20
2237 20
2238 20
2239 20
