block round
2960 80
66 80
67 80
68 80
69 80
70 80
71 80
72 80
73 80
74 80
75 80
76 80
77 80
78 80
79 80
80 80
81 80
82 80
83 80
84 80
85 80
86 80
87 80
88 80
89 80
90 80
91 80
92 80
93 80
94 80
95 80
96 80
97 80
2222 80
2223 80
2224 80
2225 80
2226 80
2227 80
2228 80
2229 80
2230 80
2231 80
2232 80
2233 80
2234 80
2235 80
2236 80
2237 80
2238 80
2239 80
2240 80
2241 80
2242 80
2243 80
2244 80
2245 80
2246 80
2247 80
2248 80
2249 80
2250 80
2251 80
2252 80
2253 80
2928 80
2929 80
2930 80
2931 80
2932 80
2933 80
2934 80
2935 80
2936 80
2937 80
2938 80
2939 80
2940 80
2941 80
2942 80
2943 80
2944 80
2945 80
2946 80
2947 80
2948 80
2949 80
2950 80
2951 80
2952 80
2953 80
2954 80
2955 80
2956 80
2957 80
2958 80
2959 80
2896 80
2897 80
2898 80
2899 80
2900 80
2901 80
2902 80
2903 80
2904 80
2905 80
2906 80
2907 80
2908 80
2909 80
2910 80
2911 80
2912 80
2913 80
2914 80
2915 80
2916 80
2917 80
2918 80
2919 80
2920 80
2921 80
2922 80
2923 80
2924 80
2925 80
2926 80
2927 80
