block round
1720 20
212 20
213 20
214 20
215 20
216 20
217 20
218 20
219 20
220 20
221 20
222 20
223 20
224 20
225 20
226 20
227 20
228 20
229 20
230 20
231 20
232 20
233 20
234 20
235 20
236 20
237 20
238 20
239 20
240 20
241 20
242 20
243 20
244 20
245 20
246 20
247 20
248 20
249 20
250 20
251 20
252 20
253 20
254 20
255 20
256 20
257 20
258 20
259 20
260 20
261 20
262 20
263 20
264 20
265 20
266 20
267 20
268 20
269 20
270 20
271 20
272 20
273 20
274 20
275 20
1656 20
1657 20
1658 20
1659 20
1660 20
1661 20
1662 20
1663 20
1664 20
1665 20
1666 20
1667 20
1668 20
1669 20
1670 20
1671 20
1672 20
1673 20
1674 20
1675 20
1676 20
1677 20
1678 20
1679 20
1680 20
1681 20
1682 20
1683 20
1684 20
1685 20
1686 20
1687 20
1688 20
1689 20
1690 20
1691 20
1692 20
1693 20
1694 20
1695 20
1696 20
1697 20
1698 20
1699 20
1700 20
1701 20
1702 20
1703 20
1704 20
1705 20
1706 20
1707 20
1708 20
1709 20
1710 20
1711 20
1712 20
1713 20
1714 20
1715 20
1716 20
1717 20
1718 20
1719 20
