block round
3266 60
83 60
84 60
85 60
86 60
87 60
88 60
89 60
90 60
91 60
92 60
93 60
94 60
95 60
96 60
97 60
98 60
99 60
100 60
101 60
102 60
103 60
104 60
105 60
106 60
107 60
108 60
109 60
110 60
111 60
112 60
113 60
114 60
1661 60
1662 60
1663 60
1664 60
1665 60
1666 60
1667 60
1668 60
1669 60
1670 60
1671 60
1672 60
1673 60
1674 60
1675 60
1676 60
1677 60
1678 60
1679 60
1680 60
1681 60
1682 60
1683 60
1684 60
1685 60
1686 60
1687 60
1688 60
1689 60
1690 60
1691 60
1692 60
3201 60
3202 60
3203 60
3204 60
3205 60
3206 60
3207 60
3208 60
3209 60
3210 60
3211 60
3212 60
3213 60
3214 60
3215 60
3216 60
3217 60
3218 60
3219 60
3220 60
3221 60
3222 60
3223 60
3224 60
3225 60
3226 60
3227 60
3228 60
3229 60
3230 60
3231 60
3232 60
3234 60
3235 60
3236 60
3237 60
3238 60
3239 60
3240 60
3241 60
3242 60
3243 60
3244 60
3245 60
3246 60
3247 60
3248 60
3249 60
3250 60
3251 60
3252 60
3253 60
3254 60
3255 60
3256 60
3257 60
3258 60
3259 60
3260 60
3261 60
3262 60
3263 60
3264 60
3265 60
