block round
2715 70
584 70
585 70
586 70
587 70
588 70
589 70
590 70
591 70
592 70
593 70
594 70
595 70
596 70
597 70
598 70
599 70
600 70
601 70
602 70
603 70
604 70
605 70
606 70
607 70
608 70
609 70
610 70
611 70
612 70
613 70
614 70
615 70
617 70
618 70
619 70
620 70
621 70
622 70
623 70
624 70
625 70
626 70
627 70
628 70
629 70
630 70
631 70
632 70
633 70
634 70
635 70
636 70
637 70
638 70
639 70
640 70
641 70
642 70
643 70
644 70
645 70
646 70
647 70
648 70
2210 70
2211 70
2212 70
2213 70
2214 70
2215 70
2216 70
2217 70
2218 70
2219 70
2220 70
2221 70
2222 70
2223 70
2224 70
2225 70
2226 70
2227 70
2228 70
2229 70
2230 70
2231 70
2232 70
2233 70
2234 70
2235 70
2236 70
2237 70
2238 70
2239 70
2240 70
2241 70
2683 70
2684 70
2685 70
2686 70
2687 70
2688 70
2689 70
2690 70
2691 70
2692 70
2693 70
2694 70
2695 70
2696 70
2697 70
2698 70
2699 70
2700 70
2701 70
2702 70
2703 70
2704 70
2705 70
2706 70
2707 70
2708 70
2709 70
2710 70
2711 70
2712 70
2713 70
2714 70
