block round
2601 40
343 40
344 40
345 40
346 40
347 40
348 40
349 40
350 40
351 40
352 40
353 40
354 40
355 40
356 40
357 40
358 40
359 40
360 40
361 40
362 40
363 40
364 40
365 40
366 40
367 40
368 40
369 40
370 40
371 40
372 40
373 40
374 40
1906 40
1907 40
1908 40
1909 40
1910 40
1911 40
1912 40
1913 40
1914 40
1915 40
1916 40
1917 40
1918 40
1919 40
1920 40
1921 40
1922 40
1923 40
1924 40
1925 40
1926 40
1927 40
1928 40
1929 40
1930 40
1931 40
1932 40
1933 40
1934 40
1935 40
1936 40
1937 40
2537 40
2538 40
2539 40
2540 40
2541 40
2542 40
2543 40
2544 40
2545 40
2546 40
2547 40
2548 40
2549 40
2550 40
2551 40
2552 40
2553 40
2554 40
2555 40
2556 40
2557 40
2558 40
2559 40
2560 40
2561 40
2562 40
2563 40
2564 40
2565 40
2566 40
2567 40
2568 40
2569 40
2570 40
2571 40
2572 40
2573 40
2574 40
2575 40
2576 40
2577 40
2578 40
2579 40
2580 40
2581 40
2582 40
2583 40
2584 40
2585 40
2586 40
2587 40
2588 40
2589 40
2590 40
2591 40
2592 40
2593 40
2594 40
2595 40
2596 40
2597 40
2598 40
2599 40
2600 40
