block round
2682 70
520 70
521 70
522 70
523 70
524 70
525 70
526 70
527 70
528 70
529 70
530 70
531 70
532 70
533 70
534 70
535 70
536 70
537 70
538 70
539 70
540 70
541 70
542 70
543 70
544 70
545 70
546 70
547 70
548 70
549 70
550 70
551 70
2113 70
2114 70
2115 70
2116 70
2117 70
2118 70
2119 70
2120 70
2121 70
2122 70
2123 70
2124 70
2125 70
2126 70
2127 70
2128 70
2129 70
2130 70
2131 70
2132 70
2133 70
2134 70
2135 70
2136 70
2137 70
2138 70
2139 70
2140 70
2141 70
2142 70
2143 70
2144 70
2145 70
2146 70
2147 70
2148 70
2149 70
2150 70
2151 70
2152 70
2153 70
2154 70
2155 70
2156 70
2157 70
2158 70
2159 70
2160 70
2161 70
2162 70
2163 70
2164 70
2165 70
2166 70
2167 70
2168 70
2169 70
2170 70
2171 70
2172 70
2173 70
2174 70
2175 70
2176 70
2649 70
2650 70
2651 70
2652 70
2653 70
2654 70
2655 70
2656 70
2657 70
2658 70
2659 70
2660 70
2661 70
2662 70
2663 70
2664 70
2665 70
2666 70
2667 70
2668 70
2669 70
2670 70
2671 70
2672 70
2673 70
2674 70
2675 70
2676 70
2677 70
2678 70
2679 70
2680 70
