block round
3259 50
116 50
117 50
118 50
119 50
120 50
121 50
122 50
123 50
124 50
125 50
126 50
127 50
128 50
129 50
130 50
131 50
132 50
133 50
134 50
135 50
136 50
137 50
138 50
139 50
140 50
141 50
142 50
143 50
144 50
145 50
146 50
147 50
1682 50
1683 50
1684 50
1685 50
1686 50
1687 50
1688 50
1689 50
1690 50
1691 50
1692 50
1693 50
1694 50
1695 50
1696 50
1697 50
1698 50
1699 50
1700 50
1701 50
1702 50
1703 50
1704 50
1705 50
1706 50
1707 50
1708 50
1709 50
1710 50
1711 50
1712 50
1713 50
3195 50
3196 50
3197 50
3198 50
3199 50
3200 50
3201 50
3202 50
3203 50
3204 50
3205 50
3206 50
3207 50
3208 50
3209 50
3210 50
3211 50
3212 50
3213 50
3214 50
3215 50
3216 50
3217 50
3218 50
3219 50
3220 50
3221 50
3222 50
3223 50
3224 50
3225 50
3226 50
3227 50
3228 50
3229 50
3230 50
3231 50
3232 50
3233 50
3234 50
3235 50
3236 50
3237 50
3238 50
3239 50
3240 50
3241 50
3242 50
3243 50
3244 50
3245 50
3246 50
3247 50
3248 50
3249 50
3250 50
3251 50
3252 50
3253 50
3254 50
3255 50
3256 50
3257 50
3258 50
