block round
3526 60
343 60
344 60
345 60
346 60
347 60
348 60
349 60
350 60
351 60
352 60
353 60
354 60
355 60
356 60
357 60
358 60
359 60
360 60
361 60
362 60
363 60
364 60
365 60
366 60
367 60
368 60
369 60
370 60
371 60
372 60
373 60
374 60
1921 60
1922 60
1923 60
1924 60
1925 60
1926 60
1927 60
1928 60
1929 60
1930 60
1931 60
1932 60
1933 60
1934 60
1935 60
1936 60
1937 60
1938 60
1939 60
1940 60
1941 60
1942 60
1943 60
1944 60
1945 60
1946 60
1947 60
1948 60
1949 60
1950 60
1951 60
1952 60
3494 60
3495 60
3496 60
3497 60
3498 60
3499 60
3500 60
3501 60
3502 60
3503 60
3504 60
3505 60
3506 60
3507 60
3508 60
3509 60
3510 60
3511 60
3512 60
3513 60
3514 60
3515 60
3516 60
3517 60
3518 60
3519 60
3520 60
3521 60
3522 60
3523 60
3524 60
3525 60
3462 60
3463 60
3464 60
3465 60
3466 60
3467 60
3468 60
3469 60
3470 60
3471 60
3472 60
3473 60
3474 60
3475 60
3476 60
3477 60
3478 60
3479 60
3480 60
3481 60
3482 60
3483 60
3484 60
3485 60
3486 60
3487 60
3488 60
3489 60
3490 60
3491 60
3492 60
3493 60
