block round
2681 70
455 70
456 70
457 70
458 70
459 70
460 70
461 70
462 70
463 70
464 70
465 70
466 70
467 70
468 70
469 70
470 70
471 70
472 70
473 70
474 70
475 70
476 70
477 70
478 70
479 70
480 70
481 70
482 70
483 70
484 70
485 70
486 70
2016 70
2017 70
2018 70
2019 70
2020 70
2021 70
2022 70
2023 70
2024 70
2025 70
2026 70
2027 70
2028 70
2029 70
2030 70
2031 70
2032 70
2033 70
2034 70
2035 70
2036 70
2037 70
2038 70
2039 70
2040 70
2041 70
2042 70
2043 70
2044 70
2045 70
2046 70
2047 70
2048 70
2049 70
2050 70
2051 70
2052 70
2053 70
2054 70
2055 70
2056 70
2057 70
2058 70
2059 70
2060 70
2061 70
2062 70
2063 70
2064 70
2065 70
2066 70
2067 70
2068 70
2069 70
2070 70
2071 70
2072 70
2073 70
2074 70
2075 70
2076 70
2077 70
2078 70
2079 70
2617 70
2618 70
2619 70
2620 70
2621 70
2622 70
2623 70
2624 70
2625 70
2626 70
2627 70
2628 70
2629 70
2630 70
2631 70
2632 70
2633 70
2634 70
2635 70
2636 70
2637 70
2638 70
2639 70
2640 70
2641 70
2642 70
2643 70
2644 70
2645 70
2646 70
2647 70
2648 70
