block round
3025 80
134 80
135 80
136 80
137 80
138 80
139 80
140 80
141 80
142 80
143 80
144 80
145 80
146 80
147 80
148 80
149 80
150 80
151 80
152 80
153 80
154 80
155 80
156 80
157 80
158 80
159 80
160 80
161 80
162 80
163 80
164 80
165 80
2287 80
2288 80
2289 80
2290 80
2291 80
2292 80
2293 80
2294 80
2295 80
2296 80
2297 80
2298 80
2299 80
2300 80
2301 80
2302 80
2303 80
2304 80
2305 80
2306 80
2307 80
2308 80
2309 80
2310 80
2311 80
2312 80
2313 80
2314 80
2315 80
2316 80
2317 80
2318 80
2961 80
2962 80
2963 80
2964 80
2965 80
2966 80
2967 80
2968 80
2969 80
2970 80
2971 80
2972 80
2973 80
2974 80
2975 80
2976 80
2977 80
2978 80
2979 80
2980 80
2981 80
2982 80
2983 80
2984 80
2985 80
2986 80
2987 80
2988 80
2989 80
2990 80
2991 80
2992 80
2993 80
2994 80
2995 80
2996 80
2997 80
2998 80
2999 80
3000 80
3001 80
3002 80
3003 80
3004 80
3005 80
3006 80
3007 80
3008 80
3009 80
3010 80
3011 80
3012 80
3013 80
3014 80
3015 80
3016 80
3017 80
3018 80
3019 80
3020 80
3021 80
3022 80
3023 80
3024 80
