block round
2861 40
603 40
604 40
605 40
606 40
607 40
608 40
609 40
610 40
611 40
612 40
613 40
614 40
615 40
616 40
617 40
618 40
619 40
620 40
621 40
622 40
623 40
624 40
625 40
626 40
627 40
628 40
629 40
630 40
631 40
632 40
633 40
634 40
2166 40
2167 40
2168 40
2169 40
2170 40
2171 40
2172 40
2173 40
2174 40
2175 40
2176 40
2177 40
2178 40
2179 40
2180 40
2181 40
2182 40
2183 40
2184 40
2185 40
2186 40
2187 40
2188 40
2189 40
2190 40
2191 40
2192 40
2193 40
2194 40
2195 40
2196 40
2197 40
2796 40
2797 40
2798 40
2799 40
2800 40
2801 40
2802 40
2803 40
2804 40
2805 40
2806 40
2807 40
2808 40
2809 40
2810 40
2811 40
2812 40
2813 40
2814 40
2815 40
2816 40
2817 40
2818 40
2819 40
2820 40
2821 40
2822 40
2823 40
2824 40
2825 40
2826 40
2827 40
2829 40
2830 40
2831 40
2832 40
2833 40
2834 40
2835 40
2836 40
2837 40
2838 40
2839 40
2840 40
2841 40
2842 40
2843 40
2844 40
2845 40
2846 40
2847 40
2848 40
2849 40
2850 40
2851 40
2852 40
2853 40
2854 40
2855 40
2856 40
2857 40
2858 40
2859 40
2860 40
