block round
3721 60
538 60
539 60
540 60
541 60
542 60
543 60
544 60
545 60
546 60
547 60
548 60
549 60
550 60
551 60
552 60
553 60
554 60
555 60
556 60
557 60
558 60
559 60
560 60
561 60
562 60
563 60
564 60
565 60
566 60
567 60
568 60
569 60
2116 60
2117 60
2118 60
2119 60
2120 60
2121 60
2122 60
2123 60
2124 60
2125 60
2126 60
2127 60
2128 60
2129 60
2130 60
2131 60
2132 60
2133 60
2134 60
2135 60
2136 60
2137 60
2138 60
2139 60
2140 60
2141 60
2142 60
2143 60
2144 60
2145 60
2146 60
2147 60
3657 60
3658 60
3659 60
3660 60
3661 60
3662 60
3663 60
3664 60
3665 60
3666 60
3667 60
3668 60
3669 60
3670 60
3671 60
3672 60
3673 60
3674 60
3675 60
3676 60
3677 60
3678 60
3679 60
3680 60
3681 60
3682 60
3683 60
3684 60
3685 60
3686 60
3687 60
3688 60
3689 60
3690 60
3691 60
3692 60
3693 60
3694 60
3695 60
3696 60
3697 60
3698 60
3699 60
3700 60
3701 60
3702 60
3703 60
3704 60
3705 60
3706 60
3707 60
3708 60
3709 60
3710 60
3711 60
3712 60
3713 60
3714 60
3715 60
3716 60
3717 60
3718 60
3719 60
3720 60
