file block round
0 2240 20
0 0 20
0 1 20
0 2 20
0 3 20
0 4 20
0 5 20
0 6 20
0 7 20
0 8 20
0 9 20
0 10 20
0 11 20
0 12 20
0 13 20
0 14 20
0 15 20
0 16 20
0 17 20
0 18 20
0 19 20
0 20 20
0 21 20
0 22 20
0 23 20
0 24 20
0 25 20
0 26 20
0 27 20
0 28 20
0 29 20
0 30 20
0 31 20
0 32 20
0 33 20
0 34 20
0 35 20
0 36 20
0 37 20
0 38 20
0 39 20
0 40 20
0 41 20
0 42 20
0 43 20
0 44 20
0 45 20
0 46 20
0 47 20
0 48 20
0 49 20
0 50 20
0 51 20
0 52 20
0 53 20
0 54 20
0 55 20
0 56 20
0 57 20
0 58 20
0 59 20
0 60 20
0 61 20
0 62 20
0 63 20
0 2176 20
0 2177 20
0 2178 20
0 2179 20
0 2180 20
0 2181 20
0 2182 20
0 2183 20
0 2184 20
0 2185 20
0 2186 20
0 2187 20
0 2188 20
0 2189 20
0 2190 20
0 2191 20
0 2192 20
0 2193 20
0 2194 20
0 2195 20
0 2196 20
0 2197 20
0 2198 20
0 2199 20
0 2200 20
0 2201 20
0 2202 20
0 2203 20
0 2204 20
0 2205 20
0 2206 20
0 2207 20
0 2208 20
0 2209 20
0 2210 20
0 2211 20
0 2212 20
0 2213 20
0 2214 20
0 2215 20
0 2216 20
0 2217 20
0 2218 20
0 2219 20
0 2220 20
0 2221 20
0 2222 20
0 2223 20
0 2224 20
0 2225 20
0 2226 20
0 2227 20
0 2228 20
0 2229 20
0 2230 20
0 2231 20
0 2232 20
0 2233 20
0 2234 20
0 2235 20
0 2236 20
0 2237 20
0 2238 20
0 2239 20
1 1655 20
1 115 20
1 116 20
1 117 20
1 118 20
1 119 20
1 120 20
1 121 20
1 122 20
1 123 20
1 124 20
1 125 20
1 126 20
1 127 20
1 128 20
1 129 20
1 130 20
1 131 20
1 132 20
1 133 20
1 134 20
1 135 20
1 136 20
1 137 20
1 138 20
1 139 20
1 140 20
1 141 20
1 142 20
1 143 20
1 144 20
1 145 20
1 146 20
1 147 20
1 148 20
1 149 20
1 150 20
1 151 20
1 152 20
1 153 20
1 154 20
1 155 20
1 156 20
1 157 20
1 158 20
1 159 20
1 160 20
1 161 20
1 162 20
1 163 20
1 164 20
1 165 20
1 166 20
1 167 20
1 168 20
1 169 20
1 170 20
1 171 20
1 172 20
1 173 20
1 174 20
1 175 20
1 176 20
1 177 20
1 178 20
1 1623 20
1 1624 20
1 1625 20
1 1626 20
1 1627 20
1 1628 20
1 1629 20
1 1630 20
1 1631 20
1 1632 20
1 1633 20
1 1634 20
1 1635 20
1 1636 20
1 1637 20
1 1638 20
1 1639 20
1 1640 20
1 1641 20
1 1642 20
1 1643 20
1 1644 20
1 1645 20
1 1646 20
1 1647 20
1 1648 20
1 1649 20
1 1650 20
1 1651 20
1 1652 20
1 1653 20
1 1654 20
1 1591 20
1 1592 20
1 1593 20
1 1594 20
1 1595 20
1 1596 20
1 1597 20
1 1598 20
1 1599 20
1 1600 20
1 1601 20
1 1602 20
1 1603 20
1 1604 20
1 1605 20
1 1606 20
1 1607 20
1 1608 20
1 1609 20
1 1610 20
1 1611 20
1 1612 20
1 1613 20
1 1614 20
1 1615 20
1 1616 20
1 1617 20
1 1618 20
1 1619 20
1 1620 20
1 1621 20
1 1622 20
2 1720 20
2 212 20
2 213 20
2 214 20
2 215 20
2 216 20
2 217 20
2 218 20
2 219 20
2 220 20
2 221 20
2 222 20
2 223 20
2 224 20
2 225 20
2 226 20
2 227 20
2 228 20
2 229 20
2 230 20
2 231 20
2 232 20
2 233 20
2 234 20
2 235 20
2 236 20
2 237 20
2 238 20
2 239 20
2 240 20
2 241 20
2 242 20
2 243 20
2 244 20
2 245 20
2 246 20
2 247 20
2 248 20
2 249 20
2 250 20
2 251 20
2 252 20
2 253 20
2 254 20
2 255 20
2 256 20
2 257 20
2 258 20
2 259 20
2 260 20
2 261 20
2 262 20
2 263 20
2 264 20
2 265 20
2 266 20
2 267 20
2 268 20
2 269 20
2 270 20
2 271 20
2 272 20
2 273 20
2 274 20
2 275 20
2 1656 20
2 1657 20
2 1658 20
2 1659 20
2 1660 20
2 1661 20
2 1662 20
2 1663 20
2 1664 20
2 1665 20
2 1666 20
2 1667 20
2 1668 20
2 1669 20
2 1670 20
2 1671 20
2 1672 20
2 1673 20
2 1674 20
2 1675 20
2 1676 20
2 1677 20
2 1678 20
2 1679 20
2 1680 20
2 1681 20
2 1682 20
2 1683 20
2 1684 20
2 1685 20
2 1686 20
2 1687 20
2 1688 20
2 1689 20
2 1690 20
2 1691 20
2 1692 20
2 1693 20
2 1694 20
2 1695 20
2 1696 20
2 1697 20
2 1698 20
2 1699 20
2 1700 20
2 1701 20
2 1702 20
2 1703 20
2 1704 20
2 1705 20
2 1706 20
2 1707 20
2 1708 20
2 1709 20
2 1710 20
2 1711 20
2 1712 20
2 1713 20
2 1714 20
2 1715 20
2 1716 20
2 1717 20
2 1718 20
2 1719 20
3 1785 20
3 309 20
3 310 20
3 311 20
3 312 20
3 313 20
3 314 20
3 315 20
3 316 20
3 317 20
3 318 20
3 319 20
3 320 20
3 321 20
3 322 20
3 323 20
3 324 20
3 325 20
3 326 20
3 327 20
3 328 20
3 329 20
3 330 20
3 331 20
3 332 20
3 333 20
3 334 20
3 335 20
3 336 20
3 337 20
3 338 20
3 339 20
3 340 20
3 341 20
3 342 20
3 343 20
3 344 20
3 345 20
3 346 20
3 347 20
3 348 20
3 349 20
3 350 20
3 351 20
3 352 20
3 353 20
3 354 20
3 355 20
3 356 20
3 357 20
3 358 20
3 359 20
3 360 20
3 361 20
3 362 20
3 363 20
3 364 20
3 365 20
3 366 20
3 367 20
3 368 20
3 369 20
3 370 20
3 371 20
3 372 20
3 1721 20
3 1722 20
3 1723 20
3 1724 20
3 1725 20
3 1726 20
3 1727 20
3 1728 20
3 1729 20
3 1730 20
3 1731 20
3 1732 20
3 1733 20
3 1734 20
3 1735 20
3 1736 20
3 1737 20
3 1738 20
3 1739 20
3 1740 20
3 1741 20
3 1742 20
3 1743 20
3 1744 20
3 1745 20
3 1746 20
3 1747 20
3 1748 20
3 1749 20
3 1750 20
3 1751 20
3 1752 20
3 1753 20
3 1754 20
3 1755 20
3 1756 20
3 1757 20
3 1758 20
3 1759 20
3 1760 20
3 1761 20
3 1762 20
3 1763 20
3 1764 20
3 1765 20
3 1766 20
3 1767 20
3 1768 20
3 1769 20
3 1770 20
3 1771 20
3 1772 20
3 1773 20
3 1774 20
3 1775 20
3 1776 20
3 1777 20
3 1778 20
3 1779 20
3 1780 20
3 1781 20
3 1782 20
3 1783 20
3 1784 20
4 1850 20
4 406 20
4 407 20
4 408 20
4 409 20
4 410 20
4 411 20
4 412 20
4 413 20
4 414 20
4 415 20
4 416 20
4 417 20
4 418 20
4 419 20
4 420 20
4 421 20
4 422 20
4 423 20
4 424 20
4 425 20
4 426 20
4 427 20
4 428 20
4 429 20
4 430 20
4 431 20
4 432 20
4 433 20
4 434 20
4 435 20
4 436 20
4 437 20
4 438 20
4 439 20
4 440 20
4 441 20
4 442 20
4 443 20
4 444 20
4 445 20
4 446 20
4 447 20
4 448 20
4 449 20
4 450 20
4 451 20
4 452 20
4 453 20
4 454 20
4 455 20
4 456 20
4 457 20
4 458 20
4 459 20
4 460 20
4 461 20
4 462 20
4 463 20
4 464 20
4 465 20
4 466 20
4 467 20
4 468 20
4 469 20
4 1786 20
4 1787 20
4 1788 20
4 1789 20
4 1790 20
4 1791 20
4 1792 20
4 1793 20
4 1794 20
4 1795 20
4 1796 20
4 1797 20
4 1798 20
4 1799 20
4 1800 20
4 1801 20
4 1802 20
4 1803 20
4 1804 20
4 1805 20
4 1806 20
4 1807 20
4 1808 20
4 1809 20
4 1810 20
4 1811 20
4 1812 20
4 1813 20
4 1814 20
4 1815 20
4 1816 20
4 1817 20
4 1818 20
4 1819 20
4 1820 20
4 1821 20
4 1822 20
4 1823 20
4 1824 20
4 1825 20
4 1826 20
4 1827 20
4 1828 20
4 1829 20
4 1830 20
4 1831 20
4 1832 20
4 1833 20
4 1834 20
4 1835 20
4 1836 20
4 1837 20
4 1838 20
4 1839 20
4 1840 20
4 1841 20
4 1842 20
4 1843 20
4 1844 20
4 1845 20
4 1846 20
4 1847 20
4 1848 20
4 1849 20
5 1915 20
5 503 20
5 504 20
5 505 20
5 506 20
5 507 20
5 508 20
5 509 20
5 510 20
5 511 20
5 512 20
5 513 20
5 514 20
5 515 20
5 516 20
5 517 20
5 518 20
5 519 20
5 520 20
5 521 20
5 522 20
5 523 20
5 524 20
5 525 20
5 526 20
5 527 20
5 528 20
5 529 20
5 530 20
5 531 20
5 532 20
5 533 20
5 534 20
5 535 20
5 536 20
5 537 20
5 538 20
5 539 20
5 540 20
5 541 20
5 542 20
5 543 20
5 544 20
5 545 20
5 546 20
5 547 20
5 548 20
5 549 20
5 550 20
5 551 20
5 552 20
5 553 20
5 554 20
5 555 20
5 556 20
5 557 20
5 558 20
5 559 20
5 560 20
5 561 20
5 562 20
5 563 20
5 564 20
5 565 20
5 566 20
5 1851 20
5 1852 20
5 1853 20
5 1854 20
5 1855 20
5 1856 20
5 1857 20
5 1858 20
5 1859 20
5 1860 20
5 1861 20
5 1862 20
5 1863 20
5 1864 20
5 1865 20
5 1866 20
5 1867 20
5 1868 20
5 1869 20
5 1870 20
5 1871 20
5 1872 20
5 1873 20
5 1874 20
5 1875 20
5 1876 20
5 1877 20
5 1878 20
5 1879 20
5 1880 20
5 1881 20
5 1882 20
5 1883 20
5 1884 20
5 1885 20
5 1886 20
5 1887 20
5 1888 20
5 1889 20
5 1890 20
5 1891 20
5 1892 20
5 1893 20
5 1894 20
5 1895 20
5 1896 20
5 1897 20
5 1898 20
5 1899 20
5 1900 20
5 1901 20
5 1902 20
5 1903 20
5 1904 20
5 1905 20
5 1906 20
5 1907 20
5 1908 20
5 1909 20
5 1910 20
5 1911 20
5 1912 20
5 1913 20
5 1914 20
6 1980 20
6 600 20
6 601 20
6 602 20
6 603 20
6 604 20
6 605 20
6 606 20
6 607 20
6 608 20
6 609 20
6 610 20
6 611 20
6 612 20
6 613 20
6 614 20
6 615 20
6 616 20
6 617 20
6 618 20
6 619 20
6 620 20
6 621 20
6 622 20
6 623 20
6 624 20
6 625 20
6 626 20
6 627 20
6 628 20
6 629 20
6 630 20
6 631 20
6 632 20
6 633 20
6 634 20
6 635 20
6 636 20
6 637 20
6 638 20
6 639 20
6 640 20
6 641 20
6 642 20
6 643 20
6 644 20
6 645 20
6 646 20
6 647 20
6 648 20
6 649 20
6 650 20
6 651 20
6 652 20
6 653 20
6 654 20
6 655 20
6 656 20
6 657 20
6 658 20
6 659 20
6 660 20
6 661 20
6 662 20
6 663 20
6 1916 20
6 1917 20
6 1918 20
6 1919 20
6 1920 20
6 1921 20
6 1922 20
6 1923 20
6 1924 20
6 1925 20
6 1926 20
6 1927 20
6 1928 20
6 1929 20
6 1930 20
6 1931 20
6 1932 20
6 1933 20
6 1934 20
6 1935 20
6 1936 20
6 1937 20
6 1938 20
6 1939 20
6 1940 20
6 1941 20
6 1942 20
6 1943 20
6 1944 20
6 1945 20
6 1946 20
6 1947 20
6 1948 20
6 1949 20
6 1950 20
6 1951 20
6 1952 20
6 1953 20
6 1954 20
6 1955 20
6 1956 20
6 1957 20
6 1958 20
6 1959 20
6 1960 20
6 1961 20
6 1962 20
6 1963 20
6 1964 20
6 1965 20
6 1966 20
6 1967 20
6 1968 20
6 1969 20
6 1970 20
6 1971 20
6 1972 20
6 1973 20
6 1974 20
6 1975 20
6 1976 20
6 1977 20
6 1978 20
6 1979 20
7 2045 20
7 697 20
7 698 20
7 699 20
7 700 20
7 701 20
7 702 20
7 703 20
7 704 20
7 705 20
7 706 20
7 707 20
7 708 20
7 709 20
7 710 20
7 711 20
7 712 20
7 713 20
7 714 20
7 715 20
7 716 20
7 717 20
7 718 20
7 719 20
7 720 20
7 721 20
7 722 20
7 723 20
7 724 20
7 725 20
7 726 20
7 727 20
7 728 20
7 729 20
7 730 20
7 731 20
7 732 20
7 733 20
7 734 20
7 735 20
7 736 20
7 737 20
7 738 20
7 739 20
7 740 20
7 741 20
7 742 20
7 743 20
7 744 20
7 745 20
7 746 20
7 747 20
7 748 20
7 749 20
7 750 20
7 751 20
7 752 20
7 753 20
7 754 20
7 755 20
7 756 20
7 757 20
7 758 20
7 759 20
7 760 20
7 1981 20
7 1982 20
7 1983 20
7 1984 20
7 1985 20
7 1986 20
7 1987 20
7 1988 20
7 1989 20
7 1990 20
7 1991 20
7 1992 20
7 1993 20
7 1994 20
7 1995 20
7 1996 20
7 1997 20
7 1998 20
7 1999 20
7 2000 20
7 2001 20
7 2002 20
7 2003 20
7 2004 20
7 2005 20
7 2006 20
7 2007 20
7 2008 20
7 2009 20
7 2010 20
7 2011 20
7 2012 20
7 2013 20
7 2014 20
7 2015 20
7 2016 20
7 2017 20
7 2018 20
7 2019 20
7 2020 20
7 2021 20
7 2022 20
7 2023 20
7 2024 20
7 2025 20
7 2026 20
7 2027 20
7 2028 20
7 2029 20
7 2030 20
7 2031 20
7 2032 20
7 2033 20
7 2034 20
7 2035 20
7 2036 20
7 2037 20
7 2038 20
7 2039 20
7 2040 20
7 2041 20
7 2042 20
7 2043 20
7 2044 20
8 2110 20
8 794 20
8 795 20
8 796 20
8 797 20
8 798 20
8 799 20
8 800 20
8 801 20
8 802 20
8 803 20
8 804 20
8 805 20
8 806 20
8 807 20
8 808 20
8 809 20
8 810 20
8 811 20
8 812 20
8 813 20
8 814 20
8 815 20
8 816 20
8 817 20
8 818 20
8 819 20
8 820 20
8 821 20
8 822 20
8 823 20
8 824 20
8 825 20
8 826 20
8 827 20
8 828 20
8 829 20
8 830 20
8 831 20
8 832 20
8 833 20
8 834 20
8 835 20
8 836 20
8 837 20
8 838 20
8 839 20
8 840 20
8 841 20
8 842 20
8 843 20
8 844 20
8 845 20
8 846 20
8 847 20
8 848 20
8 849 20
8 850 20
8 851 20
8 852 20
8 853 20
8 854 20
8 855 20
8 856 20
8 857 20
8 2046 20
8 2047 20
8 2048 20
8 2049 20
8 2050 20
8 2051 20
8 2052 20
8 2053 20
8 2054 20
8 2055 20
8 2056 20
8 2057 20
8 2058 20
8 2059 20
8 2060 20
8 2061 20
8 2062 20
8 2063 20
8 2064 20
8 2065 20
8 2066 20
8 2067 20
8 2068 20
8 2069 20
8 2070 20
8 2071 20
8 2072 20
8 2073 20
8 2074 20
8 2075 20
8 2076 20
8 2077 20
8 2078 20
8 2079 20
8 2080 20
8 2081 20
8 2082 20
8 2083 20
8 2084 20
8 2085 20
8 2086 20
8 2087 20
8 2088 20
8 2089 20
8 2090 20
8 2091 20
8 2092 20
8 2093 20
8 2094 20
8 2095 20
8 2096 20
8 2097 20
8 2098 20
8 2099 20
8 2100 20
8 2101 20
8 2102 20
8 2103 20
8 2104 20
8 2105 20
8 2106 20
8 2107 20
8 2108 20
8 2109 20
9 2175 20
9 891 20
9 892 20
9 893 20
9 894 20
9 895 20
9 896 20
9 897 20
9 898 20
9 899 20
9 900 20
9 901 20
9 902 20
9 903 20
9 904 20
9 905 20
9 906 20
9 907 20
9 908 20
9 909 20
9 910 20
9 911 20
9 912 20
9 913 20
9 914 20
9 915 20
9 916 20
9 917 20
9 918 20
9 919 20
9 920 20
9 921 20
9 922 20
9 923 20
9 924 20
9 925 20
9 926 20
9 927 20
9 928 20
9 929 20
9 930 20
9 931 20
9 932 20
9 933 20
9 934 20
9 935 20
9 936 20
9 937 20
9 938 20
9 939 20
9 940 20
9 941 20
9 942 20
9 943 20
9 944 20
9 945 20
9 946 20
9 947 20
9 948 20
9 949 20
9 950 20
9 951 20
9 952 20
9 953 20
9 954 20
9 2111 20
9 2112 20
9 2113 20
9 2114 20
9 2115 20
9 2116 20
9 2117 20
9 2118 20
9 2119 20
9 2120 20
9 2121 20
9 2122 20
9 2123 20
9 2124 20
9 2125 20
9 2126 20
9 2127 20
9 2128 20
9 2129 20
9 2130 20
9 2131 20
9 2132 20
9 2133 20
9 2134 20
9 2135 20
9 2136 20
9 2137 20
9 2138 20
9 2139 20
9 2140 20
9 2141 20
9 2142 20
9 2143 20
9 2144 20
9 2145 20
9 2146 20
9 2147 20
9 2148 20
9 2149 20
9 2150 20
9 2151 20
9 2152 20
9 2153 20
9 2154 20
9 2155 20
9 2156 20
9 2157 20
9 2158 20
9 2159 20
9 2160 20
9 2161 20
9 2162 20
9 2163 20
9 2164 20
9 2165 20
9 2166 20
9 2167 20
9 2168 20
9 2169 20
9 2170 20
9 2171 20
9 2172 20
9 2173 20
9 2174 20
