block round
3786 60
603 60
604 60
605 60
606 60
607 60
608 60
609 60
610 60
611 60
612 60
613 60
614 60
615 60
616 60
617 60
618 60
619 60
620 60
621 60
622 60
623 60
624 60
625 60
626 60
627 60
628 60
629 60
630 60
631 60
632 60
633 60
634 60
2213 60
2214 60
2215 60
2216 60
2217 60
2218 60
2219 60
2220 60
2221 60
2222 60
2223 60
2224 60
2225 60
2226 60
2227 60
2228 60
2229 60
2230 60
2231 60
2232 60
2233 60
2234 60
2235 60
2236 60
2237 60
2238 60
2239 60
2240 60
2241 60
2242 60
2243 60
2244 60
3722 60
3723 60
3724 60
3725 60
3726 60
3727 60
3728 60
3729 60
3730 60
3731 60
3732 60
3733 60
3734 60
3735 60
3736 60
3737 60
3738 60
3739 60
3740 60
3741 60
3742 60
3743 60
3744 60
3745 60
3746 60
3747 60
3748 60
3749 60
3750 60
3751 60
3752 60
3753 60
3754 60
3755 60
3756 60
3757 60
3758 60
3759 60
3760 60
3761 60
3762 60
3763 60
3764 60
3765 60
3766 60
3767 60
3768 60
3769 60
3770 60
3771 60
3772 60
3773 60
3774 60
3775 60
3776 60
3777 60
3778 60
3779 60
3780 60
3781 60
3782 60
3783 60
3784 60
3785 60
