block round
2999 50
506 50
507 50
508 50
509 50
510 50
511 50
512 50
513 50
514 50
515 50
516 50
517 50
518 50
519 50
520 50
521 50
522 50
523 50
524 50
525 50
526 50
527 50
528 50
529 50
530 50
531 50
532 50
533 50
534 50
535 50
536 50
537 50
2072 50
2073 50
2074 50
2075 50
2076 50
2077 50
2078 50
2079 50
2080 50
2081 50
2082 50
2083 50
2084 50
2085 50
2086 50
2087 50
2088 50
2089 50
2090 50
2091 50
2092 50
2093 50
2094 50
2095 50
2096 50
2097 50
2098 50
2099 50
2100 50
2101 50
2102 50
2103 50
2935 50
2936 50
2937 50
2938 50
2939 50
2940 50
2941 50
2942 50
2943 50
2944 50
2945 50
2946 50
2947 50
2948 50
2949 50
2950 50
2951 50
2952 50
2953 50
2954 50
2955 50
2956 50
2957 50
2958 50
2959 50
2960 50
2961 50
2962 50
2963 50
2964 50
2965 50
2966 50
2967 50
2968 50
2969 50
2970 50
2971 50
2972 50
2973 50
2974 50
2975 50
2976 50
2977 50
2978 50
2979 50
2980 50
2981 50
2982 50
2983 50
2984 50
2985 50
2986 50
2987 50
2988 50
2989 50
2990 50
2991 50
2992 50
2993 50
2994 50
2995 50
2996 50
2997 50
2998 50
