block round
3186 40
278 40
279 40
280 40
281 40
282 40
283 40
284 40
285 40
286 40
287 40
288 40
289 40
290 40
291 40
292 40
293 40
294 40
295 40
296 40
297 40
298 40
299 40
300 40
301 40
302 40
303 40
304 40
305 40
306 40
307 40
308 40
309 40
1841 40
1842 40
1843 40
1844 40
1845 40
1846 40
1847 40
1848 40
1849 40
1850 40
1851 40
1852 40
1853 40
1854 40
1855 40
1856 40
1857 40
1858 40
1859 40
1860 40
1861 40
1862 40
1863 40
1864 40
1865 40
1866 40
1867 40
1868 40
1869 40
1870 40
1871 40
1872 40
3122 40
3123 40
3124 40
3125 40
3126 40
3127 40
3128 40
3129 40
3130 40
3131 40
3132 40
3133 40
3134 40
3135 40
3136 40
3137 40
3138 40
3139 40
3140 40
3141 40
3142 40
3143 40
3144 40
3145 40
3146 40
3147 40
3148 40
3149 40
3150 40
3151 40
3152 40
3153 40
3154 40
3155 40
3156 40
3157 40
3158 40
3159 40
3160 40
3161 40
3162 40
3163 40
3164 40
3165 40
3166 40
3167 40
3168 40
3169 40
3170 40
3171 40
3172 40
3173 40
3174 40
3175 40
3176 40
3177 40
3178 40
3179 40
3180 40
3181 40
3182 40
3183 40
3184 40
3185 40
