file block round
0 1940 10
0 0 10
0 1 10
0 2 10
0 3 10
0 4 10
0 5 10
0 6 10
0 7 10
0 8 10
0 9 10
0 10 10
0 11 10
0 12 10
0 13 10
0 14 10
0 15 10
0 16 10
0 17 10
0 18 10
0 19 10
0 20 10
0 21 10
0 22 10
0 23 10
0 24 10
0 25 10
0 26 10
0 27 10
0 28 10
0 29 10
0 30 10
0 31 10
0 32 10
0 33 10
0 34 10
0 35 10
0 36 10
0 37 10
0 38 10
0 39 10
0 40 10
0 41 10
0 42 10
0 43 10
0 44 10
0 45 10
0 46 10
0 47 10
0 48 10
0 49 10
0 50 10
0 51 10
0 52 10
0 53 10
0 54 10
0 55 10
0 56 10
0 57 10
0 58 10
0 59 10
0 60 10
0 61 10
0 62 10
0 63 10
0 1875 10
0 1876 10
0 1877 10
0 1878 10
0 1879 10
0 1880 10
0 1881 10
0 1882 10
0 1883 10
0 1884 10
0 1885 10
0 1886 10
0 1887 10
0 1888 10
0 1889 10
0 1890 10
0 1891 10
0 1892 10
0 1893 10
0 1894 10
0 1895 10
0 1896 10
0 1897 10
0 1898 10
0 1899 10
0 1900 10
0 1901 10
0 1902 10
0 1903 10
0 1904 10
0 1905 10
0 1906 10
0 1908 10
0 1909 10
0 1910 10
0 1911 10
0 1912 10
0 1913 10
0 1914 10
0 1915 10
0 1916 10
0 1917 10
0 1918 10
0 1919 10
0 1920 10
0 1921 10
0 1922 10
0 1923 10
0 1924 10
0 1925 10
0 1926 10
0 1927 10
0 1928 10
0 1929 10
0 1930 10
0 1931 10
0 1932 10
0 1933 10
0 1934 10
0 1935 10
0 1936 10
0 1937 10
0 1938 10
0 1939 10
1 1355 10
1 115 10
1 116 10
1 117 10
1 118 10
1 119 10
1 120 10
1 121 10
1 122 10
1 123 10
1 124 10
1 125 10
1 126 10
1 127 10
1 128 10
1 129 10
1 130 10
1 131 10
1 132 10
1 133 10
1 134 10
1 135 10
1 136 10
1 137 10
1 138 10
1 139 10
1 140 10
1 141 10
1 142 10
1 143 10
1 144 10
1 145 10
1 146 10
1 179 10
1 180 10
1 181 10
1 182 10
1 183 10
1 184 10
1 185 10
1 186 10
1 187 10
1 188 10
1 189 10
1 190 10
1 191 10
1 192 10
1 193 10
1 194 10
1 195 10
1 196 10
1 197 10
1 198 10
1 199 10
1 200 10
1 201 10
1 202 10
1 203 10
1 204 10
1 205 10
1 206 10
1 207 10
1 208 10
1 209 10
1 210 10
1 1323 10
1 1324 10
1 1325 10
1 1326 10
1 1327 10
1 1328 10
1 1329 10
1 1330 10
1 1331 10
1 1332 10
1 1333 10
1 1334 10
1 1335 10
1 1336 10
1 1337 10
1 1338 10
1 1339 10
1 1340 10
1 1341 10
1 1342 10
1 1343 10
1 1344 10
1 1345 10
1 1346 10
1 1347 10
1 1348 10
1 1349 10
1 1350 10
1 1351 10
1 1352 10
1 1353 10
1 1354 10
1 1291 10
1 1292 10
1 1293 10
1 1294 10
1 1295 10
1 1296 10
1 1297 10
1 1298 10
1 1299 10
1 1300 10
1 1301 10
1 1302 10
1 1303 10
1 1304 10
1 1305 10
1 1306 10
1 1307 10
1 1308 10
1 1309 10
1 1310 10
1 1311 10
1 1312 10
1 1313 10
1 1314 10
1 1315 10
1 1316 10
1 1317 10
1 1318 10
1 1319 10
1 1320 10
1 1321 10
1 1322 10
2 1420 10
2 212 10
2 213 10
2 214 10
2 215 10
2 216 10
2 217 10
2 218 10
2 219 10
2 220 10
2 221 10
2 222 10
2 223 10
2 224 10
2 225 10
2 226 10
2 227 10
2 228 10
2 229 10
2 230 10
2 231 10
2 232 10
2 233 10
2 234 10
2 235 10
2 236 10
2 237 10
2 238 10
2 239 10
2 240 10
2 241 10
2 242 10
2 243 10
2 244 10
2 245 10
2 246 10
2 247 10
2 248 10
2 249 10
2 250 10
2 251 10
2 252 10
2 253 10
2 254 10
2 255 10
2 256 10
2 257 10
2 258 10
2 259 10
2 260 10
2 261 10
2 262 10
2 263 10
2 264 10
2 265 10
2 266 10
2 267 10
2 268 10
2 269 10
2 270 10
2 271 10
2 272 10
2 273 10
2 274 10
2 275 10
2 1356 10
2 1357 10
2 1358 10
2 1359 10
2 1360 10
2 1361 10
2 1362 10
2 1363 10
2 1364 10
2 1365 10
2 1366 10
2 1367 10
2 1368 10
2 1369 10
2 1370 10
2 1371 10
2 1372 10
2 1373 10
2 1374 10
2 1375 10
2 1376 10
2 1377 10
2 1378 10
2 1379 10
2 1380 10
2 1381 10
2 1382 10
2 1383 10
2 1384 10
2 1385 10
2 1386 10
2 1387 10
2 1388 10
2 1389 10
2 1390 10
2 1391 10
2 1392 10
2 1393 10
2 1394 10
2 1395 10
2 1396 10
2 1397 10
2 1398 10
2 1399 10
2 1400 10
2 1401 10
2 1402 10
2 1403 10
2 1404 10
2 1405 10
2 1406 10
2 1407 10
2 1408 10
2 1409 10
2 1410 10
2 1411 10
2 1412 10
2 1413 10
2 1414 10
2 1415 10
2 1416 10
2 1417 10
2 1418 10
2 1419 10
3 1485 10
3 309 10
3 310 10
3 311 10
3 312 10
3 313 10
3 314 10
3 315 10
3 316 10
3 317 10
3 318 10
3 319 10
3 320 10
3 321 10
3 322 10
3 323 10
3 324 10
3 325 10
3 326 10
3 327 10
3 328 10
3 329 10
3 330 10
3 331 10
3 332 10
3 333 10
3 334 10
3 335 10
3 336 10
3 337 10
3 338 10
3 339 10
3 340 10
3 341 10
3 342 10
3 343 10
3 344 10
3 345 10
3 346 10
3 347 10
3 348 10
3 349 10
3 350 10
3 351 10
3 352 10
3 353 10
3 354 10
3 355 10
3 356 10
3 357 10
3 358 10
3 359 10
3 360 10
3 361 10
3 362 10
3 363 10
3 364 10
3 365 10
3 366 10
3 367 10
3 368 10
3 369 10
3 370 10
3 371 10
3 372 10
3 1421 10
3 1422 10
3 1423 10
3 1424 10
3 1425 10
3 1426 10
3 1427 10
3 1428 10
3 1429 10
3 1430 10
3 1431 10
3 1432 10
3 1433 10
3 1434 10
3 1435 10
3 1436 10
3 1437 10
3 1438 10
3 1439 10
3 1440 10
3 1441 10
3 1442 10
3 1443 10
3 1444 10
3 1445 10
3 1446 10
3 1447 10
3 1448 10
3 1449 10
3 1450 10
3 1451 10
3 1452 10
3 1453 10
3 1454 10
3 1455 10
3 1456 10
3 1457 10
3 1458 10
3 1459 10
3 1460 10
3 1461 10
3 1462 10
3 1463 10
3 1464 10
3 1465 10
3 1466 10
3 1467 10
3 1468 10
3 1469 10
3 1470 10
3 1471 10
3 1472 10
3 1473 10
3 1474 10
3 1475 10
3 1476 10
3 1477 10
3 1478 10
3 1479 10
3 1480 10
3 1481 10
3 1482 10
3 1483 10
3 1484 10
4 1550 10
4 406 10
4 407 10
4 408 10
4 409 10
4 410 10
4 411 10
4 412 10
4 413 10
4 414 10
4 415 10
4 416 10
4 417 10
4 418 10
4 419 10
4 420 10
4 421 10
4 422 10
4 423 10
4 424 10
4 425 10
4 426 10
4 427 10
4 428 10
4 429 10
4 430 10
4 431 10
4 432 10
4 433 10
4 434 10
4 435 10
4 436 10
4 437 10
4 438 10
4 439 10
4 440 10
4 441 10
4 442 10
4 443 10
4 444 10
4 445 10
4 446 10
4 447 10
4 448 10
4 449 10
4 450 10
4 451 10
4 452 10
4 453 10
4 454 10
4 455 10
4 456 10
4 457 10
4 458 10
4 459 10
4 460 10
4 461 10
4 462 10
4 463 10
4 464 10
4 465 10
4 466 10
4 467 10
4 468 10
4 469 10
4 1486 10
4 1487 10
4 1488 10
4 1489 10
4 1490 10
4 1491 10
4 1492 10
4 1493 10
4 1494 10
4 1495 10
4 1496 10
4 1497 10
4 1498 10
4 1499 10
4 1500 10
4 1501 10
4 1502 10
4 1503 10
4 1504 10
4 1505 10
4 1506 10
4 1507 10
4 1508 10
4 1509 10
4 1510 10
4 1511 10
4 1512 10
4 1513 10
4 1514 10
4 1515 10
4 1516 10
4 1517 10
4 1518 10
4 1519 10
4 1520 10
4 1521 10
4 1522 10
4 1523 10
4 1524 10
4 1525 10
4 1526 10
4 1527 10
4 1528 10
4 1529 10
4 1530 10
4 1531 10
4 1532 10
4 1533 10
4 1534 10
4 1535 10
4 1536 10
4 1537 10
4 1538 10
4 1539 10
4 1540 10
4 1541 10
4 1542 10
4 1543 10
4 1544 10
4 1545 10
4 1546 10
4 1547 10
4 1548 10
4 1549 10
5 1615 10
5 503 10
5 504 10
5 505 10
5 506 10
5 507 10
5 508 10
5 509 10
5 510 10
5 511 10
5 512 10
5 513 10
5 514 10
5 515 10
5 516 10
5 517 10
5 518 10
5 519 10
5 520 10
5 521 10
5 522 10
5 523 10
5 524 10
5 525 10
5 526 10
5 527 10
5 528 10
5 529 10
5 530 10
5 531 10
5 532 10
5 533 10
5 534 10
5 535 10
5 536 10
5 537 10
5 538 10
5 539 10
5 540 10
5 541 10
5 542 10
5 543 10
5 544 10
5 545 10
5 546 10
5 547 10
5 548 10
5 549 10
5 550 10
5 551 10
5 552 10
5 553 10
5 554 10
5 555 10
5 556 10
5 557 10
5 558 10
5 559 10
5 560 10
5 561 10
5 562 10
5 563 10
5 564 10
5 565 10
5 566 10
5 1551 10
5 1552 10
5 1553 10
5 1554 10
5 1555 10
5 1556 10
5 1557 10
5 1558 10
5 1559 10
5 1560 10
5 1561 10
5 1562 10
5 1563 10
5 1564 10
5 1565 10
5 1566 10
5 1567 10
5 1568 10
5 1569 10
5 1570 10
5 1571 10
5 1572 10
5 1573 10
5 1574 10
5 1575 10
5 1576 10
5 1577 10
5 1578 10
5 1579 10
5 1580 10
5 1581 10
5 1582 10
5 1583 10
5 1584 10
5 1585 10
5 1586 10
5 1587 10
5 1588 10
5 1589 10
5 1590 10
5 1591 10
5 1592 10
5 1593 10
5 1594 10
5 1595 10
5 1596 10
5 1597 10
5 1598 10
5 1599 10
5 1600 10
5 1601 10
5 1602 10
5 1603 10
5 1604 10
5 1605 10
5 1606 10
5 1607 10
5 1608 10
5 1609 10
5 1610 10
5 1611 10
5 1612 10
5 1613 10
5 1614 10
6 1680 10
6 664 10
6 665 10
6 666 10
6 667 10
6 668 10
6 669 10
6 670 10
6 671 10
6 672 10
6 673 10
6 674 10
6 675 10
6 676 10
6 677 10
6 678 10
6 679 10
6 680 10
6 681 10
6 682 10
6 683 10
6 684 10
6 685 10
6 686 10
6 687 10
6 688 10
6 689 10
6 690 10
6 691 10
6 692 10
6 693 10
6 694 10
6 695 10
6 632 10
6 633 10
6 634 10
6 635 10
6 636 10
6 637 10
6 638 10
6 639 10
6 640 10
6 641 10
6 642 10
6 643 10
6 644 10
6 645 10
6 646 10
6 647 10
6 648 10
6 649 10
6 650 10
6 651 10
6 652 10
6 653 10
6 654 10
6 655 10
6 656 10
6 657 10
6 658 10
6 659 10
6 660 10
6 661 10
6 662 10
6 663 10
6 1616 10
6 1617 10
6 1618 10
6 1619 10
6 1620 10
6 1621 10
6 1622 10
6 1623 10
6 1624 10
6 1625 10
6 1626 10
6 1627 10
6 1628 10
6 1629 10
6 1630 10
6 1631 10
6 1632 10
6 1633 10
6 1634 10
6 1635 10
6 1636 10
6 1637 10
6 1638 10
6 1639 10
6 1640 10
6 1641 10
6 1642 10
6 1643 10
6 1644 10
6 1645 10
6 1646 10
6 1647 10
6 1648 10
6 1649 10
6 1650 10
6 1651 10
6 1652 10
6 1653 10
6 1654 10
6 1655 10
6 1656 10
6 1657 10
6 1658 10
6 1659 10
6 1660 10
6 1661 10
6 1662 10
6 1663 10
6 1664 10
6 1665 10
6 1666 10
6 1667 10
6 1668 10
6 1669 10
6 1670 10
6 1671 10
6 1672 10
6 1673 10
6 1674 10
6 1675 10
6 1676 10
6 1677 10
6 1678 10
6 1679 10
7 1745 10
7 697 10
7 698 10
7 699 10
7 700 10
7 701 10
7 702 10
7 703 10
7 704 10
7 705 10
7 706 10
7 707 10
7 708 10
7 709 10
7 710 10
7 711 10
7 712 10
7 713 10
7 714 10
7 715 10
7 716 10
7 717 10
7 718 10
7 719 10
7 720 10
7 721 10
7 722 10
7 723 10
7 724 10
7 725 10
7 726 10
7 727 10
7 728 10
7 729 10
7 730 10
7 731 10
7 732 10
7 733 10
7 734 10
7 735 10
7 736 10
7 737 10
7 738 10
7 739 10
7 740 10
7 741 10
7 742 10
7 743 10
7 744 10
7 745 10
7 746 10
7 747 10
7 748 10
7 749 10
7 750 10
7 751 10
7 752 10
7 753 10
7 754 10
7 755 10
7 756 10
7 757 10
7 758 10
7 759 10
7 760 10
7 1681 10
7 1682 10
7 1683 10
7 1684 10
7 1685 10
7 1686 10
7 1687 10
7 1688 10
7 1689 10
7 1690 10
7 1691 10
7 1692 10
7 1693 10
7 1694 10
7 1695 10
7 1696 10
7 1697 10
7 1698 10
7 1699 10
7 1700 10
7 1701 10
7 1702 10
7 1703 10
7 1704 10
7 1705 10
7 1706 10
7 1707 10
7 1708 10
7 1709 10
7 1710 10
7 1711 10
7 1712 10
7 1713 10
7 1714 10
7 1715 10
7 1716 10
7 1717 10
7 1718 10
7 1719 10
7 1720 10
7 1721 10
7 1722 10
7 1723 10
7 1724 10
7 1725 10
7 1726 10
7 1727 10
7 1728 10
7 1729 10
7 1730 10
7 1731 10
7 1732 10
7 1733 10
7 1734 10
7 1735 10
7 1736 10
7 1737 10
7 1738 10
7 1739 10
7 1740 10
7 1741 10
7 1742 10
7 1743 10
7 1744 10
8 1810 10
8 794 10
8 795 10
8 796 10
8 797 10
8 798 10
8 799 10
8 800 10
8 801 10
8 802 10
8 803 10
8 804 10
8 805 10
8 806 10
8 807 10
8 808 10
8 809 10
8 810 10
8 811 10
8 812 10
8 813 10
8 814 10
8 815 10
8 816 10
8 817 10
8 818 10
8 819 10
8 820 10
8 821 10
8 822 10
8 823 10
8 824 10
8 825 10
8 826 10
8 827 10
8 828 10
8 829 10
8 830 10
8 831 10
8 832 10
8 833 10
8 834 10
8 835 10
8 836 10
8 837 10
8 838 10
8 839 10
8 840 10
8 841 10
8 842 10
8 843 10
8 844 10
8 845 10
8 846 10
8 847 10
8 848 10
8 849 10
8 850 10
8 851 10
8 852 10
8 853 10
8 854 10
8 855 10
8 856 10
8 857 10
8 1746 10
8 1747 10
8 1748 10
8 1749 10
8 1750 10
8 1751 10
8 1752 10
8 1753 10
8 1754 10
8 1755 10
8 1756 10
8 1757 10
8 1758 10
8 1759 10
8 1760 10
8 1761 10
8 1762 10
8 1763 10
8 1764 10
8 1765 10
8 1766 10
8 1767 10
8 1768 10
8 1769 10
8 1770 10
8 1771 10
8 1772 10
8 1773 10
8 1774 10
8 1775 10
8 1776 10
8 1777 10
8 1778 10
8 1779 10
8 1780 10
8 1781 10
8 1782 10
8 1783 10
8 1784 10
8 1785 10
8 1786 10
8 1787 10
8 1788 10
8 1789 10
8 1790 10
8 1791 10
8 1792 10
8 1793 10
8 1794 10
8 1795 10
8 1796 10
8 1797 10
8 1798 10
8 1799 10
8 1800 10
8 1801 10
8 1802 10
8 1803 10
8 1804 10
8 1805 10
8 1806 10
8 1807 10
8 1808 10
8 1809 10
9 1907 10
9 891 10
9 892 10
9 893 10
9 894 10
9 895 10
9 896 10
9 897 10
9 898 10
9 899 10
9 900 10
9 901 10
9 902 10
9 903 10
9 904 10
9 905 10
9 906 10
9 907 10
9 908 10
9 909 10
9 910 10
9 911 10
9 912 10
9 913 10
9 914 10
9 915 10
9 916 10
9 917 10
9 918 10
9 919 10
9 920 10
9 921 10
9 922 10
9 923 10
9 924 10
9 925 10
9 926 10
9 927 10
9 928 10
9 929 10
9 930 10
9 931 10
9 932 10
9 933 10
9 934 10
9 935 10
9 936 10
9 937 10
9 938 10
9 939 10
9 940 10
9 941 10
9 942 10
9 943 10
9 944 10
9 945 10
9 946 10
9 947 10
9 948 10
9 949 10
9 950 10
9 951 10
9 952 10
9 953 10
9 954 10
9 1811 10
9 1812 10
9 1813 10
9 1814 10
9 1815 10
9 1816 10
9 1817 10
9 1818 10
9 1819 10
9 1820 10
9 1821 10
9 1822 10
9 1823 10
9 1824 10
9 1825 10
9 1826 10
9 1827 10
9 1828 10
9 1829 10
9 1830 10
9 1831 10
9 1832 10
9 1833 10
9 1834 10
9 1835 10
9 1836 10
9 1837 10
9 1838 10
9 1839 10
9 1840 10
9 1841 10
9 1842 10
9 1843 10
9 1844 10
9 1845 10
9 1846 10
9 1847 10
9 1848 10
9 1849 10
9 1850 10
9 1851 10
9 1852 10
9 1853 10
9 1854 10
9 1855 10
9 1856 10
9 1857 10
9 1858 10
9 1859 10
9 1860 10
9 1861 10
9 1862 10
9 1863 10
9 1864 10
9 1865 10
9 1866 10
9 1867 10
9 1868 10
9 1869 10
9 1870 10
9 1871 10
9 1872 10
9 1873 10
9 1874 10
