block round
1785 20
309 20
310 20
311 20
312 20
313 20
314 20
315 20
316 20
317 20
318 20
319 20
320 20
321 20
322 20
323 20
324 20
325 20
326 20
327 20
328 20
329 20
330 20
331 20
332 20
333 20
334 20
335 20
336 20
337 20
338 20
339 20
340 20
341 20
342 20
343 20
344 20
345 20
346 20
347 20
348 20
349 20
350 20
351 20
352 20
353 20
354 20
355 20
356 20
357 20
358 20
359 20
360 20
361 20
362 20
363 20
364 20
365 20
366 20
367 20
368 20
369 20
370 20
371 20
372 20
1721 20
1722 20
1723 20
1724 20
1725 20
1726 20
1727 20
1728 20
1729 20
1730 20
1731 20
1732 20
1733 20
1734 20
1735 20
1736 20
1737 20
1738 20
1739 20
1740 20
1741 20
1742 20
1743 20
1744 20
1745 20
1746 20
1747 20
1748 20
1749 20
1750 20
1751 20
1752 20
1753 20
1754 20
1755 20
1756 20
1757 20
1758 20
1759 20
1760 20
1761 20
1762 20
1763 20
1764 20
1765 20
1766 20
1767 20
1768 20
1769 20
1770 20
1771 20
1772 20
1773 20
1774 20
1775 20
1776 20
1777 20
1778 20
1779 20
1780 20
1781 20
1782 20
1783 20
1784 20
