block round
2895 80
0 80
1 80
2 80
3 80
4 80
5 80
6 80
7 80
8 80
9 80
10 80
11 80
12 80
13 80
14 80
15 80
16 80
17 80
18 80
19 80
20 80
21 80
22 80
23 80
24 80
25 80
26 80
27 80
28 80
29 80
30 80
31 80
2157 80
2158 80
2159 80
2160 80
2161 80
2162 80
2163 80
2164 80
2165 80
2166 80
2167 80
2168 80
2169 80
2170 80
2171 80
2172 80
2173 80
2174 80
2175 80
2176 80
2177 80
2178 80
2179 80
2180 80
2181 80
2182 80
2183 80
2184 80
2185 80
2186 80
2187 80
2188 80
2831 80
2832 80
2833 80
2834 80
2835 80
2836 80
2837 80
2838 80
2839 80
2840 80
2841 80
2842 80
2843 80
2844 80
2845 80
2846 80
2847 80
2848 80
2849 80
2850 80
2851 80
2852 80
2853 80
2854 80
2855 80
2856 80
2857 80
2858 80
2859 80
2860 80
2861 80
2862 80
2863 80
2864 80
2865 80
2866 80
2867 80
2868 80
2869 80
2870 80
2871 80
2872 80
2873 80
2874 80
2875 80
2876 80
2877 80
2878 80
2879 80
2880 80
2881 80
2882 80
2883 80
2884 80
2885 80
2886 80
2887 80
2888 80
2889 80
2890 80
2891 80
2892 80
2893 80
2894 80
