block round
2420 30
32 30
33 30
34 30
35 30
36 30
37 30
38 30
39 30
40 30
41 30
42 30
43 30
44 30
45 30
46 30
47 30
48 30
49 30
50 30
51 30
52 30
53 30
54 30
55 30
56 30
57 30
58 30
59 30
60 30
61 30
62 30
63 30
0 30
1 30
2 30
3 30
4 30
5 30
6 30
7 30
8 30
9 30
10 30
11 30
12 30
13 30
14 30
15 30
16 30
17 30
18 30
19 30
20 30
21 30
22 30
23 30
24 30
25 30
26 30
27 30
28 30
29 30
30 30
31 30
2356 30
2357 30
2358 30
2359 30
2360 30
2361 30
2362 30
2363 30
2364 30
2365 30
2366 30
2367 30
2368 30
2369 30
2370 30
2371 30
2372 30
2373 30
2374 30
2375 30
2376 30
2377 30
2378 30
2379 30
2380 30
2381 30
2382 30
2383 30
2384 30
2385 30
2386 30
2387 30
2388 30
2389 30
2390 30
2391 30
2392 30
2393 30
2394 30
2395 30
2396 30
2397 30
2398 30
2399 30
2400 30
2401 30
2402 30
2403 30
2404 30
2405 30
2406 30
2407 30
2408 30
2409 30
2410 30
2411 30
2412 30
2413 30
2414 30
2415 30
2416 30
2417 30
2418 30
2419 30
