block round
1485 10
309 10
310 10
311 10
312 10
313 10
314 10
315 10
316 10
317 10
318 10
319 10
320 10
321 10
322 10
323 10
324 10
325 10
326 10
327 10
328 10
329 10
330 10
331 10
332 10
333 10
334 10
335 10
336 10
337 10
338 10
339 10
340 10
341 10
342 10
343 10
344 10
345 10
346 10
347 10
348 10
349 10
350 10
351 10
352 10
353 10
354 10
355 10
356 10
357 10
358 10
359 10
360 10
361 10
362 10
363 10
364 10
365 10
366 10
367 10
368 10
369 10
370 10
371 10
372 10
1421 10
1422 10
1423 10
1424 10
1425 10
1426 10
1427 10
1428 10
1429 10
1430 10
1431 10
1432 10
1433 10
1434 10
1435 10
1436 10
1437 10
1438 10
1439 10
1440 10
1441 10
1442 10
1443 10
1444 10
1445 10
1446 10
1447 10
1448 10
1449 10
1450 10
1451 10
1452 10
1453 10
1454 10
1455 10
1456 10
1457 10
1458 10
1459 10
1460 10
1461 10
1462 10
1463 10
1464 10
1465 10
1466 10
1467 10
1468 10
1469 10
1470 10
1471 10
1472 10
1473 10
1474 10
1475 10
1476 10
1477 10
1478 10
1479 10
1480 10
1481 10
1482 10
1483 10
1484 10
