block round
1907 10
891 10
892 10
893 10
894 10
895 10
896 10
897 10
898 10
899 10
900 10
901 10
902 10
903 10
904 10
905 10
906 10
907 10
908 10
909 10
910 10
911 10
912 10
913 10
914 10
915 10
916 10
917 10
918 10
919 10
920 10
921 10
922 10
923 10
924 10
925 10
926 10
927 10
928 10
929 10
930 10
931 10
932 10
933 10
934 10
935 10
936 10
937 10
938 10
939 10
940 10
941 10
942 10
943 10
944 10
945 10
946 10
947 10
948 10
949 10
950 10
951 10
952 10
953 10
954 10
1811 10
1812 10
1813 10
1814 10
1815 10
1816 10
1817 10
1818 10
1819 10
1820 10
1821 10
1822 10
1823 10
1824 10
1825 10
1826 10
1827 10
1828 10
1829 10
1830 10
1831 10
1832 10
1833 10
1834 10
1835 10
1836 10
1837 10
1838 10
1839 10
1840 10
1841 10
1842 10
1843 10
1844 10
1845 10
1846 10
1847 10
1848 10
1849 10
1850 10
1851 10
1852 10
1853 10
1854 10
1855 10
1856 10
1857 10
1858 10
1859 10
1860 10
1861 10
1862 10
1863 10
1864 10
1865 10
1866 10
1867 10
1868 10
1869 10
1870 10
1871 10
1872 10
1873 10
1874 10
