block round
2666 40
408 40
409 40
410 40
411 40
412 40
413 40
414 40
415 40
416 40
417 40
418 40
419 40
420 40
421 40
422 40
423 40
424 40
425 40
426 40
427 40
428 40
429 40
430 40
431 40
432 40
433 40
434 40
435 40
436 40
437 40
438 40
439 40
1971 40
1972 40
1973 40
1974 40
1975 40
1976 40
1977 40
1978 40
1979 40
1980 40
1981 40
1982 40
1983 40
1984 40
1985 40
1986 40
1987 40
1988 40
1989 40
1990 40
1991 40
1992 40
1993 40
1994 40
1995 40
1996 40
1997 40
1998 40
1999 40
2000 40
2001 40
2002 40
2602 40
2603 40
2604 40
2605 40
2606 40
2607 40
2608 40
2609 40
2610 40
2611 40
2612 40
2613 40
2614 40
2615 40
2616 40
2617 40
2618 40
2619 40
2620 40
2621 40
2622 40
2623 40
2624 40
2625 40
2626 40
2627 40
2628 40
2629 40
2630 40
2631 40
2632 40
2633 40
2634 40
2635 40
2636 40
2637 40
2638 40
2639 40
2640 40
2641 40
2642 40
2643 40
2644 40
2645 40
2646 40
2647 40
2648 40
2649 40
2650 40
2651 40
2652 40
2653 40
2654 40
2655 40
2656 40
2657 40
2658 40
2659 40
2660 40
2661 40
2662 40
2663 40
2664 40
2665 40
