block round
2955 100
130 100
131 100
132 100
133 100
134 100
135 100
136 100
137 100
138 100
139 100
140 100
141 100
142 100
143 100
144 100
145 100
146 100
147 100
148 100
149 100
150 100
151 100
152 100
153 100
154 100
155 100
156 100
157 100
158 100
159 100
160 100
161 100
2068 100
2069 100
2070 100
2071 100
2072 100
2073 100
2074 100
2075 100
2076 100
2077 100
2078 100
2079 100
2080 100
2081 100
2082 100
2083 100
2084 100
2085 100
2086 100
2087 100
2088 100
2089 100
2090 100
2091 100
2092 100
2093 100
2094 100
2095 100
2096 100
2097 100
2098 100
2099 100
2891 100
2892 100
2893 100
2894 100
2895 100
2896 100
2897 100
2898 100
2899 100
2900 100
2901 100
2902 100
2903 100
2904 100
2905 100
2906 100
2907 100
2908 100
2909 100
2910 100
2911 100
2912 100
2913 100
2914 100
2915 100
2916 100
2917 100
2918 100
2919 100
2920 100
2921 100
2922 100
2923 100
2924 100
2925 100
2926 100
2927 100
2928 100
2929 100
2930 100
2931 100
2932 100
2933 100
2934 100
2935 100
2936 100
2937 100
2938 100
2939 100
2940 100
2941 100
2942 100
2943 100
2944 100
2945 100
2946 100
2947 100
2948 100
2949 100
2950 100
2951 100
2952 100
2953 100
2954 100
