block round
2160 30
529 30
530 30
531 30
532 30
533 30
534 30
535 30
536 30
537 30
538 30
539 30
540 30
541 30
542 30
543 30
544 30
545 30
546 30
547 30
548 30
549 30
550 30
551 30
552 30
553 30
554 30
555 30
556 30
557 30
558 30
559 30
560 30
497 30
498 30
499 30
500 30
501 30
502 30
503 30
504 30
505 30
506 30
507 30
508 30
509 30
510 30
511 30
512 30
513 30
514 30
515 30
516 30
517 30
518 30
519 30
520 30
521 30
522 30
523 30
524 30
525 30
526 30
527 30
528 30
2096 30
2097 30
2098 30
2099 30
2100 30
2101 30
2102 30
2103 30
2104 30
2105 30
2106 30
2107 30
2108 30
2109 30
2110 30
2111 30
2112 30
2113 30
2114 30
2115 30
2116 30
2117 30
2118 30
2119 30
2120 30
2121 30
2122 30
2123 30
2124 30
2125 30
2126 30
2127 30
2128 30
2129 30
2130 30
2131 30
2132 30
2133 30
2134 30
2135 30
2136 30
2137 30
2138 30
2139 30
2140 30
2141 30
2142 30
2143 30
2144 30
2145 30
2146 30
2147 30
2148 30
2149 30
2150 30
2151 30
2152 30
2153 30
2154 30
2155 30
2156 30
2157 30
2158 30
2159 30
