file block round
0 128 0
0 0 0
0 1 0
0 2 0
0 3 0
0 4 0
0 5 0
0 6 0
0 7 0
0 8 0
0 9 0
0 10 0
0 11 0
0 12 0
0 13 0
0 14 0
0 15 0
0 16 0
0 17 0
0 18 0
0 19 0
0 20 0
0 21 0
0 22 0
0 23 0
0 24 0
0 25 0
0 26 0
0 27 0
0 28 0
0 29 0
0 30 0
0 31 0
0 32 0
0 33 0
0 34 0
0 35 0
0 36 0
0 37 0
0 38 0
0 39 0
0 40 0
0 41 0
0 42 0
0 43 0
0 44 0
0 45 0
0 46 0
0 47 0
0 48 0
0 49 0
0 50 0
0 51 0
0 52 0
0 53 0
0 54 0
0 55 0
0 56 0
0 57 0
0 58 0
0 59 0
0 60 0
0 61 0
0 62 0
0 63 0
0 64 0
0 65 0
0 66 0
0 67 0
0 68 0
0 69 0
0 70 0
0 71 0
0 72 0
0 73 0
0 74 0
0 75 0
0 76 0
0 77 0
0 78 0
0 79 0
0 80 0
0 81 0
0 82 0
0 83 0
0 84 0
0 85 0
0 86 0
0 87 0
0 88 0
0 89 0
0 90 0
0 91 0
0 92 0
0 93 0
0 94 0
0 95 0
0 96 0
0 97 0
0 98 0
0 99 0
0 100 0
0 101 0
0 102 0
0 103 0
0 104 0
0 105 0
0 106 0
0 107 0
0 108 0
0 109 0
0 110 0
0 111 0
0 112 0
0 113 0
0 114 0
0 115 0
0 116 0
0 117 0
0 118 0
0 119 0
0 120 0
0 121 0
0 122 0
0 123 0
0 124 0
0 125 0
0 126 0
0 127 0
1 1133 0
1 146 0
1 147 0
1 148 0
1 149 0
1 150 0
1 151 0
1 152 0
1 153 0
1 154 0
1 155 0
1 156 0
1 157 0
1 158 0
1 159 0
1 160 0
1 161 0
1 162 0
1 163 0
1 164 0
1 165 0
1 166 0
1 167 0
1 168 0
1 169 0
1 170 0
1 171 0
1 172 0
1 173 0
1 174 0
1 175 0
1 176 0
1 177 0
1 196 0
1 197 0
1 198 0
1 199 0
1 200 0
1 201 0
1 202 0
1 203 0
1 204 0
1 205 0
1 206 0
1 207 0
1 208 0
1 209 0
1 210 0
1 211 0
1 212 0
1 213 0
1 214 0
1 215 0
1 216 0
1 217 0
1 218 0
1 219 0
1 220 0
1 221 0
1 222 0
1 223 0
1 224 0
1 225 0
1 226 0
1 227 0
1 228 0
1 229 0
1 230 0
1 231 0
1 232 0
1 233 0
1 234 0
1 235 0
1 236 0
1 237 0
1 238 0
1 239 0
1 240 0
1 241 0
1 242 0
1 243 0
1 244 0
1 245 0
1 246 0
1 247 0
1 248 0
1 249 0
1 250 0
1 251 0
1 252 0
1 253 0
1 254 0
1 255 0
1 256 0
1 257 0
1 258 0
1 259 0
1 1101 0
1 1102 0
1 1103 0
1 1104 0
1 1105 0
1 1106 0
1 1107 0
1 1108 0
1 1109 0
1 1110 0
1 1111 0
1 1112 0
1 1113 0
1 1114 0
1 1115 0
1 1116 0
1 1117 0
1 1118 0
1 1119 0
1 1120 0
1 1121 0
1 1122 0
1 1123 0
1 1124 0
1 1125 0
1 1126 0
1 1127 0
1 1128 0
1 1129 0
1 1130 0
1 1131 0
1 1132 0
2 1166 0
2 269 0
2 270 0
2 271 0
2 272 0
2 273 0
2 274 0
2 275 0
2 276 0
2 277 0
2 278 0
2 279 0
2 280 0
2 281 0
2 282 0
2 283 0
2 284 0
2 285 0
2 286 0
2 287 0
2 288 0
2 289 0
2 290 0
2 291 0
2 292 0
2 293 0
2 294 0
2 295 0
2 296 0
2 297 0
2 298 0
2 299 0
2 300 0
2 333 0
2 334 0
2 335 0
2 336 0
2 337 0
2 338 0
2 339 0
2 340 0
2 341 0
2 342 0
2 343 0
2 344 0
2 345 0
2 346 0
2 347 0
2 348 0
2 349 0
2 350 0
2 351 0
2 352 0
2 353 0
2 354 0
2 355 0
2 356 0
2 357 0
2 358 0
2 359 0
2 360 0
2 361 0
2 362 0
2 363 0
2 364 0
2 301 0
2 302 0
2 303 0
2 304 0
2 305 0
2 306 0
2 307 0
2 308 0
2 309 0
2 310 0
2 311 0
2 312 0
2 313 0
2 314 0
2 315 0
2 316 0
2 317 0
2 318 0
2 319 0
2 320 0
2 321 0
2 322 0
2 323 0
2 324 0
2 325 0
2 326 0
2 327 0
2 328 0
2 329 0
2 330 0
2 331 0
2 332 0
2 1134 0
2 1135 0
2 1136 0
2 1137 0
2 1138 0
2 1139 0
2 1140 0
2 1141 0
2 1142 0
2 1143 0
2 1144 0
2 1145 0
2 1146 0
2 1147 0
2 1148 0
2 1149 0
2 1150 0
2 1151 0
2 1152 0
2 1153 0
2 1154 0
2 1155 0
2 1156 0
2 1157 0
2 1158 0
2 1159 0
2 1160 0
2 1161 0
2 1162 0
2 1163 0
2 1164 0
2 1165 0
3 1199 0
3 406 0
3 407 0
3 408 0
3 409 0
3 410 0
3 411 0
3 412 0
3 413 0
3 414 0
3 415 0
3 416 0
3 417 0
3 418 0
3 419 0
3 420 0
3 421 0
3 422 0
3 423 0
3 424 0
3 425 0
3 426 0
3 427 0
3 428 0
3 429 0
3 430 0
3 431 0
3 432 0
3 433 0
3 434 0
3 435 0
3 436 0
3 437 0
3 374 0
3 375 0
3 376 0
3 377 0
3 378 0
3 379 0
3 380 0
3 381 0
3 382 0
3 383 0
3 384 0
3 385 0
3 386 0
3 387 0
3 388 0
3 389 0
3 390 0
3 391 0
3 392 0
3 393 0
3 394 0
3 395 0
3 396 0
3 397 0
3 398 0
3 399 0
3 400 0
3 401 0
3 402 0
3 403 0
3 404 0
3 405 0
3 438 0
3 439 0
3 440 0
3 441 0
3 442 0
3 443 0
3 444 0
3 445 0
3 446 0
3 447 0
3 448 0
3 449 0
3 450 0
3 451 0
3 452 0
3 453 0
3 454 0
3 455 0
3 456 0
3 457 0
3 458 0
3 459 0
3 460 0
3 461 0
3 462 0
3 463 0
3 464 0
3 465 0
3 466 0
3 467 0
3 468 0
3 469 0
3 1167 0
3 1168 0
3 1169 0
3 1170 0
3 1171 0
3 1172 0
3 1173 0
3 1174 0
3 1175 0
3 1176 0
3 1177 0
3 1178 0
3 1179 0
3 1180 0
3 1181 0
3 1182 0
3 1183 0
3 1184 0
3 1185 0
3 1186 0
3 1187 0
3 1188 0
3 1189 0
3 1190 0
3 1191 0
3 1192 0
3 1193 0
3 1194 0
3 1195 0
3 1196 0
3 1197 0
3 1198 0
4 1232 0
4 479 0
4 480 0
4 481 0
4 482 0
4 483 0
4 484 0
4 485 0
4 486 0
4 487 0
4 488 0
4 489 0
4 490 0
4 491 0
4 492 0
4 493 0
4 494 0
4 495 0
4 496 0
4 497 0
4 498 0
4 499 0
4 500 0
4 501 0
4 502 0
4 503 0
4 504 0
4 505 0
4 506 0
4 507 0
4 508 0
4 509 0
4 510 0
4 511 0
4 512 0
4 513 0
4 514 0
4 515 0
4 516 0
4 517 0
4 518 0
4 519 0
4 520 0
4 521 0
4 522 0
4 523 0
4 524 0
4 525 0
4 526 0
4 527 0
4 528 0
4 529 0
4 530 0
4 531 0
4 532 0
4 533 0
4 534 0
4 535 0
4 536 0
4 537 0
4 538 0
4 539 0
4 540 0
4 541 0
4 542 0
4 543 0
4 544 0
4 545 0
4 546 0
4 547 0
4 548 0
4 549 0
4 550 0
4 551 0
4 552 0
4 553 0
4 554 0
4 555 0
4 556 0
4 557 0
4 558 0
4 559 0
4 560 0
4 561 0
4 562 0
4 563 0
4 564 0
4 565 0
4 566 0
4 567 0
4 568 0
4 569 0
4 570 0
4 571 0
4 572 0
4 573 0
4 574 0
4 1200 0
4 1201 0
4 1202 0
4 1203 0
4 1204 0
4 1205 0
4 1206 0
4 1207 0
4 1208 0
4 1209 0
4 1210 0
4 1211 0
4 1212 0
4 1213 0
4 1214 0
4 1215 0
4 1216 0
4 1217 0
4 1218 0
4 1219 0
4 1220 0
4 1221 0
4 1222 0
4 1223 0
4 1224 0
4 1225 0
4 1226 0
4 1227 0
4 1228 0
4 1229 0
4 1230 0
4 1231 0
5 1265 0
5 584 0
5 585 0
5 586 0
5 587 0
5 588 0
5 589 0
5 590 0
5 591 0
5 592 0
5 593 0
5 594 0
5 595 0
5 596 0
5 597 0
5 598 0
5 599 0
5 600 0
5 601 0
5 602 0
5 603 0
5 604 0
5 605 0
5 606 0
5 607 0
5 608 0
5 609 0
5 610 0
5 611 0
5 612 0
5 613 0
5 614 0
5 615 0
5 616 0
5 617 0
5 618 0
5 619 0
5 620 0
5 621 0
5 622 0
5 623 0
5 624 0
5 625 0
5 626 0
5 627 0
5 628 0
5 629 0
5 630 0
5 631 0
5 632 0
5 633 0
5 634 0
5 635 0
5 636 0
5 637 0
5 638 0
5 639 0
5 640 0
5 641 0
5 642 0
5 643 0
5 644 0
5 645 0
5 646 0
5 647 0
5 648 0
5 649 0
5 650 0
5 651 0
5 652 0
5 653 0
5 654 0
5 655 0
5 656 0
5 657 0
5 658 0
5 659 0
5 660 0
5 661 0
5 662 0
5 663 0
5 664 0
5 665 0
5 666 0
5 667 0
5 668 0
5 669 0
5 670 0
5 671 0
5 672 0
5 673 0
5 674 0
5 675 0
5 676 0
5 677 0
5 678 0
5 679 0
5 1233 0
5 1234 0
5 1235 0
5 1236 0
5 1237 0
5 1238 0
5 1239 0
5 1240 0
5 1241 0
5 1242 0
5 1243 0
5 1244 0
5 1245 0
5 1246 0
5 1247 0
5 1248 0
5 1249 0
5 1250 0
5 1251 0
5 1252 0
5 1253 0
5 1254 0
5 1255 0
5 1256 0
5 1257 0
5 1258 0
5 1259 0
5 1260 0
5 1261 0
5 1262 0
5 1263 0
5 1264 0
6 1298 0
6 689 0
6 690 0
6 691 0
6 692 0
6 693 0
6 694 0
6 695 0
6 696 0
6 697 0
6 698 0
6 699 0
6 700 0
6 701 0
6 702 0
6 703 0
6 704 0
6 705 0
6 706 0
6 707 0
6 708 0
6 709 0
6 710 0
6 711 0
6 712 0
6 713 0
6 714 0
6 715 0
6 716 0
6 717 0
6 718 0
6 719 0
6 720 0
6 721 0
6 722 0
6 723 0
6 724 0
6 725 0
6 726 0
6 727 0
6 728 0
6 729 0
6 730 0
6 731 0
6 732 0
6 733 0
6 734 0
6 735 0
6 736 0
6 737 0
6 738 0
6 739 0
6 740 0
6 741 0
6 742 0
6 743 0
6 744 0
6 745 0
6 746 0
6 747 0
6 748 0
6 749 0
6 750 0
6 751 0
6 752 0
6 753 0
6 754 0
6 755 0
6 756 0
6 757 0
6 758 0
6 759 0
6 760 0
6 761 0
6 762 0
6 763 0
6 764 0
6 765 0
6 766 0
6 767 0
6 768 0
6 769 0
6 770 0
6 771 0
6 772 0
6 773 0
6 774 0
6 775 0
6 776 0
6 777 0
6 778 0
6 779 0
6 780 0
6 781 0
6 782 0
6 783 0
6 784 0
6 1266 0
6 1267 0
6 1268 0
6 1269 0
6 1270 0
6 1271 0
6 1272 0
6 1273 0
6 1274 0
6 1275 0
6 1276 0
6 1277 0
6 1278 0
6 1279 0
6 1280 0
6 1281 0
6 1282 0
6 1283 0
6 1284 0
6 1285 0
6 1286 0
6 1287 0
6 1288 0
6 1289 0
6 1290 0
6 1291 0
6 1292 0
6 1293 0
6 1294 0
6 1295 0
6 1296 0
6 1297 0
7 1331 0
7 794 0
7 795 0
7 796 0
7 797 0
7 798 0
7 799 0
7 800 0
7 801 0
7 802 0
7 803 0
7 804 0
7 805 0
7 806 0
7 807 0
7 808 0
7 809 0
7 810 0
7 811 0
7 812 0
7 813 0
7 814 0
7 815 0
7 816 0
7 817 0
7 818 0
7 819 0
7 820 0
7 821 0
7 822 0
7 823 0
7 824 0
7 825 0
7 826 0
7 827 0
7 828 0
7 829 0
7 830 0
7 831 0
7 832 0
7 833 0
7 834 0
7 835 0
7 836 0
7 837 0
7 838 0
7 839 0
7 840 0
7 841 0
7 842 0
7 843 0
7 844 0
7 845 0
7 846 0
7 847 0
7 848 0
7 849 0
7 850 0
7 851 0
7 852 0
7 853 0
7 854 0
7 855 0
7 856 0
7 857 0
7 858 0
7 859 0
7 860 0
7 861 0
7 862 0
7 863 0
7 864 0
7 865 0
7 866 0
7 867 0
7 868 0
7 869 0
7 870 0
7 871 0
7 872 0
7 873 0
7 874 0
7 875 0
7 876 0
7 877 0
7 878 0
7 879 0
7 880 0
7 881 0
7 882 0
7 883 0
7 884 0
7 885 0
7 886 0
7 887 0
7 888 0
7 889 0
7 1299 0
7 1300 0
7 1301 0
7 1302 0
7 1303 0
7 1304 0
7 1305 0
7 1306 0
7 1307 0
7 1308 0
7 1309 0
7 1310 0
7 1311 0
7 1312 0
7 1313 0
7 1314 0
7 1315 0
7 1316 0
7 1317 0
7 1318 0
7 1319 0
7 1320 0
7 1321 0
7 1322 0
7 1323 0
7 1324 0
7 1325 0
7 1326 0
7 1327 0
7 1328 0
7 1329 0
7 1330 0
8 1364 0
8 899 0
8 900 0
8 901 0
8 902 0
8 903 0
8 904 0
8 905 0
8 906 0
8 907 0
8 908 0
8 909 0
8 910 0
8 911 0
8 912 0
8 913 0
8 914 0
8 915 0
8 916 0
8 917 0
8 918 0
8 919 0
8 920 0
8 921 0
8 922 0
8 923 0
8 924 0
8 925 0
8 926 0
8 927 0
8 928 0
8 929 0
8 930 0
8 931 0
8 932 0
8 933 0
8 934 0
8 935 0
8 936 0
8 937 0
8 938 0
8 939 0
8 940 0
8 941 0
8 942 0
8 943 0
8 944 0
8 945 0
8 946 0
8 947 0
8 948 0
8 949 0
8 950 0
8 951 0
8 952 0
8 953 0
8 954 0
8 955 0
8 956 0
8 957 0
8 958 0
8 959 0
8 960 0
8 961 0
8 962 0
8 963 0
8 964 0
8 965 0
8 966 0
8 967 0
8 968 0
8 969 0
8 970 0
8 971 0
8 972 0
8 973 0
8 974 0
8 975 0
8 976 0
8 977 0
8 978 0
8 979 0
8 980 0
8 981 0
8 982 0
8 983 0
8 984 0
8 985 0
8 986 0
8 987 0
8 988 0
8 989 0
8 990 0
8 991 0
8 992 0
8 993 0
8 994 0
8 1332 0
8 1333 0
8 1334 0
8 1335 0
8 1336 0
8 1337 0
8 1338 0
8 1339 0
8 1340 0
8 1341 0
8 1342 0
8 1343 0
8 1344 0
8 1345 0
8 1346 0
8 1347 0
8 1348 0
8 1349 0
8 1350 0
8 1351 0
8 1352 0
8 1353 0
8 1354 0
8 1355 0
8 1356 0
8 1357 0
8 1358 0
8 1359 0
8 1360 0
8 1361 0
8 1362 0
8 1363 0
9 1397 0
9 1004 0
9 1005 0
9 1006 0
9 1007 0
9 1008 0
9 1009 0
9 1010 0
9 1011 0
9 1012 0
9 1013 0
9 1014 0
9 1015 0
9 1016 0
9 1017 0
9 1018 0
9 1019 0
9 1020 0
9 1021 0
9 1022 0
9 1023 0
9 1024 0
9 1025 0
9 1026 0
9 1027 0
9 1028 0
9 1029 0
9 1030 0
9 1031 0
9 1032 0
9 1033 0
9 1034 0
9 1035 0
9 1036 0
9 1037 0
9 1038 0
9 1039 0
9 1040 0
9 1041 0
9 1042 0
9 1043 0
9 1044 0
9 1045 0
9 1046 0
9 1047 0
9 1048 0
9 1049 0
9 1050 0
9 1051 0
9 1052 0
9 1053 0
9 1054 0
9 1055 0
9 1056 0
9 1057 0
9 1058 0
9 1059 0
9 1060 0
9 1061 0
9 1062 0
9 1063 0
9 1064 0
9 1065 0
9 1066 0
9 1067 0
9 1068 0
9 1069 0
9 1070 0
9 1071 0
9 1072 0
9 1073 0
9 1074 0
9 1075 0
9 1076 0
9 1077 0
9 1078 0
9 1079 0
9 1080 0
9 1081 0
9 1082 0
9 1083 0
9 1084 0
9 1085 0
9 1086 0
9 1087 0
9 1088 0
9 1089 0
9 1090 0
9 1091 0
9 1092 0
9 1093 0
9 1094 0
9 1095 0
9 1096 0
9 1097 0
9 1098 0
9 1099 0
9 1365 0
9 1366 0
9 1367 0
9 1368 0
9 1369 0
9 1370 0
9 1371 0
9 1372 0
9 1373 0
9 1374 0
9 1375 0
9 1376 0
9 1377 0
9 1378 0
9 1379 0
9 1380 0
9 1381 0
9 1382 0
9 1383 0
9 1384 0
9 1385 0
9 1386 0
9 1387 0
9 1388 0
9 1389 0
9 1390 0
9 1391 0
9 1392 0
9 1393 0
9 1394 0
9 1395 0
9 1396 0
