block round
3454 50
311 50
312 50
313 50
314 50
315 50
316 50
317 50
318 50
319 50
320 50
321 50
322 50
323 50
324 50
325 50
326 50
327 50
328 50
329 50
330 50
331 50
332 50
333 50
334 50
335 50
336 50
337 50
338 50
339 50
340 50
341 50
342 50
1877 50
1878 50
1879 50
1880 50
1881 50
1882 50
1883 50
1884 50
1885 50
1886 50
1887 50
1888 50
1889 50
1890 50
1891 50
1892 50
1893 50
1894 50
1895 50
1896 50
1897 50
1898 50
1899 50
1900 50
1901 50
1902 50
1903 50
1904 50
1905 50
1906 50
1907 50
1908 50
3390 50
3391 50
3392 50
3393 50
3394 50
3395 50
3396 50
3397 50
3398 50
3399 50
3400 50
3401 50
3402 50
3403 50
3404 50
3405 50
3406 50
3407 50
3408 50
3409 50
3410 50
3411 50
3412 50
3413 50
3414 50
3415 50
3416 50
3417 50
3418 50
3419 50
3420 50
3421 50
3422 50
3423 50
3424 50
3425 50
3426 50
3427 50
3428 50
3429 50
3430 50
3431 50
3432 50
3433 50
3434 50
3435 50
3436 50
3437 50
3438 50
3439 50
3440 50
3441 50
3442 50
3443 50
3444 50
3445 50
3446 50
3447 50
3448 50
3449 50
3450 50
3451 50
3452 50
3453 50
