file block round
0 3198 90
0 586 90
0 587 90
0 588 90
0 589 90
0 590 90
0 591 90
0 592 90
0 593 90
0 594 90
0 595 90
0 596 90
0 597 90
0 598 90
0 599 90
0 600 90
0 601 90
0 602 90
0 603 90
0 604 90
0 605 90
0 606 90
0 607 90
0 608 90
0 609 90
0 610 90
0 611 90
0 612 90
0 613 90
0 614 90
0 615 90
0 616 90
0 617 90
0 2067 90
0 2068 90
0 2069 90
0 2070 90
0 2071 90
0 2072 90
0 2073 90
0 2074 90
0 2075 90
0 2076 90
0 2077 90
0 2078 90
0 2079 90
0 2080 90
0 2081 90
0 2082 90
0 2083 90
0 2084 90
0 2085 90
0 2086 90
0 2087 90
0 2088 90
0 2089 90
0 2090 90
0 2091 90
0 2092 90
0 2093 90
0 2094 90
0 2095 90
0 2096 90
0 2097 90
0 2098 90
0 3166 90
0 3167 90
0 3168 90
0 3169 90
0 3170 90
0 3171 90
0 3172 90
0 3173 90
0 3174 90
0 3175 90
0 3176 90
0 3177 90
0 3178 90
0 3179 90
0 3180 90
0 3181 90
0 3182 90
0 3183 90
0 3184 90
0 3185 90
0 3186 90
0 3187 90
0 3188 90
0 3189 90
0 3190 90
0 3191 90
0 3192 90
0 3193 90
0 3194 90
0 3195 90
0 3196 90
0 3197 90
0 3134 90
0 3135 90
0 3136 90
0 3137 90
0 3138 90
0 3139 90
0 3140 90
0 3141 90
0 3142 90
0 3143 90
0 3144 90
0 3145 90
0 3146 90
0 3147 90
0 3148 90
0 3149 90
0 3150 90
0 3151 90
0 3152 90
0 3153 90
0 3154 90
0 3155 90
0 3156 90
0 3157 90
0 3158 90
0 3159 90
0 3160 90
0 3161 90
0 3162 90
0 3163 90
0 3164 90
0 3165 90
1 3263 90
1 0 90
1 1 90
1 2 90
1 3 90
1 4 90
1 5 90
1 6 90
1 7 90
1 8 90
1 9 90
1 10 90
1 11 90
1 12 90
1 13 90
1 14 90
1 15 90
1 16 90
1 17 90
1 18 90
1 19 90
1 20 90
1 21 90
1 22 90
1 23 90
1 24 90
1 25 90
1 26 90
1 27 90
1 28 90
1 29 90
1 30 90
1 31 90
1 2132 90
1 2133 90
1 2134 90
1 2135 90
1 2136 90
1 2137 90
1 2138 90
1 2139 90
1 2140 90
1 2141 90
1 2142 90
1 2143 90
1 2144 90
1 2145 90
1 2146 90
1 2147 90
1 2148 90
1 2149 90
1 2150 90
1 2151 90
1 2152 90
1 2153 90
1 2154 90
1 2155 90
1 2156 90
1 2157 90
1 2158 90
1 2159 90
1 2160 90
1 2161 90
1 2162 90
1 2163 90
1 3199 90
1 3200 90
1 3201 90
1 3202 90
1 3203 90
1 3204 90
1 3205 90
1 3206 90
1 3207 90
1 3208 90
1 3209 90
1 3210 90
1 3211 90
1 3212 90
1 3213 90
1 3214 90
1 3215 90
1 3216 90
1 3217 90
1 3218 90
1 3219 90
1 3220 90
1 3221 90
1 3222 90
1 3223 90
1 3224 90
1 3225 90
1 3226 90
1 3227 90
1 3228 90
1 3229 90
1 3230 90
1 3231 90
1 3232 90
1 3233 90
1 3234 90
1 3235 90
1 3236 90
1 3237 90
1 3238 90
1 3239 90
1 3240 90
1 3241 90
1 3242 90
1 3243 90
1 3244 90
1 3245 90
1 3246 90
1 3247 90
1 3248 90
1 3249 90
1 3250 90
1 3251 90
1 3252 90
1 3253 90
1 3254 90
1 3255 90
1 3256 90
1 3257 90
1 3258 90
1 3259 90
1 3260 90
1 3261 90
1 3262 90
2 3328 90
2 66 90
2 67 90
2 68 90
2 69 90
2 70 90
2 71 90
2 72 90
2 73 90
2 74 90
2 75 90
2 76 90
2 77 90
2 78 90
2 79 90
2 80 90
2 81 90
2 82 90
2 83 90
2 84 90
2 85 90
2 86 90
2 87 90
2 88 90
2 89 90
2 90 90
2 91 90
2 92 90
2 93 90
2 94 90
2 95 90
2 96 90
2 97 90
2 2197 90
2 2198 90
2 2199 90
2 2200 90
2 2201 90
2 2202 90
2 2203 90
2 2204 90
2 2205 90
2 2206 90
2 2207 90
2 2208 90
2 2209 90
2 2210 90
2 2211 90
2 2212 90
2 2213 90
2 2214 90
2 2215 90
2 2216 90
2 2217 90
2 2218 90
2 2219 90
2 2220 90
2 2221 90
2 2222 90
2 2223 90
2 2224 90
2 2225 90
2 2226 90
2 2227 90
2 2228 90
2 3264 90
2 3265 90
2 3266 90
2 3267 90
2 3268 90
2 3269 90
2 3270 90
2 3271 90
2 3272 90
2 3273 90
2 3274 90
2 3275 90
2 3276 90
2 3277 90
2 3278 90
2 3279 90
2 3280 90
2 3281 90
2 3282 90
2 3283 90
2 3284 90
2 3285 90
2 3286 90
2 3287 90
2 3288 90
2 3289 90
2 3290 90
2 3291 90
2 3292 90
2 3293 90
2 3294 90
2 3295 90
2 3296 90
2 3297 90
2 3298 90
2 3299 90
2 3300 90
2 3301 90
2 3302 90
2 3303 90
2 3304 90
2 3305 90
2 3306 90
2 3307 90
2 3308 90
2 3309 90
2 3310 90
2 3311 90
2 3312 90
2 3313 90
2 3314 90
2 3315 90
2 3316 90
2 3317 90
2 3318 90
2 3319 90
2 3320 90
2 3321 90
2 3322 90
2 3323 90
2 3324 90
2 3325 90
2 3326 90
2 3327 90
3 3393 90
3 163 90
3 164 90
3 165 90
3 166 90
3 167 90
3 168 90
3 169 90
3 170 90
3 171 90
3 172 90
3 173 90
3 174 90
3 175 90
3 176 90
3 177 90
3 178 90
3 179 90
3 180 90
3 181 90
3 182 90
3 183 90
3 184 90
3 185 90
3 186 90
3 187 90
3 188 90
3 189 90
3 190 90
3 191 90
3 192 90
3 193 90
3 194 90
3 1612 90
3 1613 90
3 1614 90
3 1615 90
3 1616 90
3 1617 90
3 1618 90
3 1619 90
3 1620 90
3 1621 90
3 1622 90
3 1623 90
3 1624 90
3 1625 90
3 1626 90
3 1627 90
3 1628 90
3 1629 90
3 1630 90
3 1631 90
3 1632 90
3 1633 90
3 1634 90
3 1635 90
3 1636 90
3 1637 90
3 1638 90
3 1639 90
3 1640 90
3 1641 90
3 1642 90
3 1643 90
3 3329 90
3 3330 90
3 3331 90
3 3332 90
3 3333 90
3 3334 90
3 3335 90
3 3336 90
3 3337 90
3 3338 90
3 3339 90
3 3340 90
3 3341 90
3 3342 90
3 3343 90
3 3344 90
3 3345 90
3 3346 90
3 3347 90
3 3348 90
3 3349 90
3 3350 90
3 3351 90
3 3352 90
3 3353 90
3 3354 90
3 3355 90
3 3356 90
3 3357 90
3 3358 90
3 3359 90
3 3360 90
3 3361 90
3 3362 90
3 3363 90
3 3364 90
3 3365 90
3 3366 90
3 3367 90
3 3368 90
3 3369 90
3 3370 90
3 3371 90
3 3372 90
3 3373 90
3 3374 90
3 3375 90
3 3376 90
3 3377 90
3 3378 90
3 3379 90
3 3380 90
3 3381 90
3 3382 90
3 3383 90
3 3384 90
3 3385 90
3 3386 90
3 3387 90
3 3388 90
3 3389 90
3 3390 90
3 3391 90
3 3392 90
4 3458 90
4 195 90
4 196 90
4 197 90
4 198 90
4 199 90
4 200 90
4 201 90
4 202 90
4 203 90
4 204 90
4 205 90
4 206 90
4 207 90
4 208 90
4 209 90
4 210 90
4 211 90
4 212 90
4 213 90
4 214 90
4 215 90
4 216 90
4 217 90
4 218 90
4 219 90
4 220 90
4 221 90
4 222 90
4 223 90
4 224 90
4 225 90
4 226 90
4 1676 90
4 1677 90
4 1678 90
4 1679 90
4 1680 90
4 1681 90
4 1682 90
4 1683 90
4 1684 90
4 1685 90
4 1686 90
4 1687 90
4 1688 90
4 1689 90
4 1690 90
4 1691 90
4 1692 90
4 1693 90
4 1694 90
4 1695 90
4 1696 90
4 1697 90
4 1698 90
4 1699 90
4 1700 90
4 1701 90
4 1702 90
4 1703 90
4 1704 90
4 1705 90
4 1706 90
4 1707 90
4 3394 90
4 3395 90
4 3396 90
4 3397 90
4 3398 90
4 3399 90
4 3400 90
4 3401 90
4 3402 90
4 3403 90
4 3404 90
4 3405 90
4 3406 90
4 3407 90
4 3408 90
4 3409 90
4 3410 90
4 3411 90
4 3412 90
4 3413 90
4 3414 90
4 3415 90
4 3416 90
4 3417 90
4 3418 90
4 3419 90
4 3420 90
4 3421 90
4 3422 90
4 3423 90
4 3424 90
4 3425 90
4 3426 90
4 3427 90
4 3428 90
4 3429 90
4 3430 90
4 3431 90
4 3432 90
4 3433 90
4 3434 90
4 3435 90
4 3436 90
4 3437 90
4 3438 90
4 3439 90
4 3440 90
4 3441 90
4 3442 90
4 3443 90
4 3444 90
4 3445 90
4 3446 90
4 3447 90
4 3448 90
4 3449 90
4 3450 90
4 3451 90
4 3452 90
4 3453 90
4 3454 90
4 3455 90
4 3456 90
4 3457 90
5 3523 90
5 261 90
5 262 90
5 263 90
5 264 90
5 265 90
5 266 90
5 267 90
5 268 90
5 269 90
5 270 90
5 271 90
5 272 90
5 273 90
5 274 90
5 275 90
5 276 90
5 277 90
5 278 90
5 279 90
5 280 90
5 281 90
5 282 90
5 283 90
5 284 90
5 285 90
5 286 90
5 287 90
5 288 90
5 289 90
5 290 90
5 291 90
5 292 90
5 1742 90
5 1743 90
5 1744 90
5 1745 90
5 1746 90
5 1747 90
5 1748 90
5 1749 90
5 1750 90
5 1751 90
5 1752 90
5 1753 90
5 1754 90
5 1755 90
5 1756 90
5 1757 90
5 1758 90
5 1759 90
5 1760 90
5 1761 90
5 1762 90
5 1763 90
5 1764 90
5 1765 90
5 1766 90
5 1767 90
5 1768 90
5 1769 90
5 1770 90
5 1771 90
5 1772 90
5 1773 90
5 3459 90
5 3460 90
5 3461 90
5 3462 90
5 3463 90
5 3464 90
5 3465 90
5 3466 90
5 3467 90
5 3468 90
5 3469 90
5 3470 90
5 3471 90
5 3472 90
5 3473 90
5 3474 90
5 3475 90
5 3476 90
5 3477 90
5 3478 90
5 3479 90
5 3480 90
5 3481 90
5 3482 90
5 3483 90
5 3484 90
5 3485 90
5 3486 90
5 3487 90
5 3488 90
5 3489 90
5 3490 90
5 3491 90
5 3492 90
5 3493 90
5 3494 90
5 3495 90
5 3496 90
5 3497 90
5 3498 90
5 3499 90
5 3500 90
5 3501 90
5 3502 90
5 3503 90
5 3504 90
5 3505 90
5 3506 90
5 3507 90
5 3508 90
5 3509 90
5 3510 90
5 3511 90
5 3512 90
5 3513 90
5 3514 90
5 3515 90
5 3516 90
5 3517 90
5 3518 90
5 3519 90
5 3520 90
5 3521 90
5 3522 90
6 3588 90
6 326 90
6 327 90
6 328 90
6 329 90
6 330 90
6 331 90
6 332 90
6 333 90
6 334 90
6 335 90
6 336 90
6 337 90
6 338 90
6 339 90
6 340 90
6 341 90
6 342 90
6 343 90
6 344 90
6 345 90
6 346 90
6 347 90
6 348 90
6 349 90
6 350 90
6 351 90
6 352 90
6 353 90
6 354 90
6 355 90
6 356 90
6 357 90
6 1807 90
6 1808 90
6 1809 90
6 1810 90
6 1811 90
6 1812 90
6 1813 90
6 1814 90
6 1815 90
6 1816 90
6 1817 90
6 1818 90
6 1819 90
6 1820 90
6 1821 90
6 1822 90
6 1823 90
6 1824 90
6 1825 90
6 1826 90
6 1827 90
6 1828 90
6 1829 90
6 1830 90
6 1831 90
6 1832 90
6 1833 90
6 1834 90
6 1835 90
6 1836 90
6 1837 90
6 1838 90
6 3524 90
6 3525 90
6 3526 90
6 3527 90
6 3528 90
6 3529 90
6 3530 90
6 3531 90
6 3532 90
6 3533 90
6 3534 90
6 3535 90
6 3536 90
6 3537 90
6 3538 90
6 3539 90
6 3540 90
6 3541 90
6 3542 90
6 3543 90
6 3544 90
6 3545 90
6 3546 90
6 3547 90
6 3548 90
6 3549 90
6 3550 90
6 3551 90
6 3552 90
6 3553 90
6 3554 90
6 3555 90
6 3556 90
6 3557 90
6 3558 90
6 3559 90
6 3560 90
6 3561 90
6 3562 90
6 3563 90
6 3564 90
6 3565 90
6 3566 90
6 3567 90
6 3568 90
6 3569 90
6 3570 90
6 3571 90
6 3572 90
6 3573 90
6 3574 90
6 3575 90
6 3576 90
6 3577 90
6 3578 90
6 3579 90
6 3580 90
6 3581 90
6 3582 90
6 3583 90
6 3584 90
6 3585 90
6 3586 90
6 3587 90
7 3653 90
7 390 90
7 391 90
7 392 90
7 393 90
7 394 90
7 395 90
7 396 90
7 397 90
7 398 90
7 399 90
7 400 90
7 401 90
7 402 90
7 403 90
7 404 90
7 405 90
7 406 90
7 407 90
7 408 90
7 409 90
7 410 90
7 411 90
7 412 90
7 413 90
7 414 90
7 415 90
7 416 90
7 417 90
7 418 90
7 419 90
7 420 90
7 421 90
7 1872 90
7 1873 90
7 1874 90
7 1875 90
7 1876 90
7 1877 90
7 1878 90
7 1879 90
7 1880 90
7 1881 90
7 1882 90
7 1883 90
7 1884 90
7 1885 90
7 1886 90
7 1887 90
7 1888 90
7 1889 90
7 1890 90
7 1891 90
7 1892 90
7 1893 90
7 1894 90
7 1895 90
7 1896 90
7 1897 90
7 1898 90
7 1899 90
7 1900 90
7 1901 90
7 1902 90
7 1903 90
7 3589 90
7 3590 90
7 3591 90
7 3592 90
7 3593 90
7 3594 90
7 3595 90
7 3596 90
7 3597 90
7 3598 90
7 3599 90
7 3600 90
7 3601 90
7 3602 90
7 3603 90
7 3604 90
7 3605 90
7 3606 90
7 3607 90
7 3608 90
7 3609 90
7 3610 90
7 3611 90
7 3612 90
7 3613 90
7 3614 90
7 3615 90
7 3616 90
7 3617 90
7 3618 90
7 3619 90
7 3620 90
7 3621 90
7 3622 90
7 3623 90
7 3624 90
7 3625 90
7 3626 90
7 3627 90
7 3628 90
7 3629 90
7 3630 90
7 3631 90
7 3632 90
7 3633 90
7 3634 90
7 3635 90
7 3636 90
7 3637 90
7 3638 90
7 3639 90
7 3640 90
7 3641 90
7 3642 90
7 3643 90
7 3644 90
7 3645 90
7 3646 90
7 3647 90
7 3648 90
7 3649 90
7 3650 90
7 3651 90
7 3652 90
8 3068 90
8 456 90
8 457 90
8 458 90
8 459 90
8 460 90
8 461 90
8 462 90
8 463 90
8 464 90
8 465 90
8 466 90
8 467 90
8 468 90
8 469 90
8 470 90
8 471 90
8 472 90
8 473 90
8 474 90
8 475 90
8 476 90
8 477 90
8 478 90
8 479 90
8 480 90
8 481 90
8 482 90
8 483 90
8 484 90
8 485 90
8 486 90
8 487 90
8 1937 90
8 1938 90
8 1939 90
8 1940 90
8 1941 90
8 1942 90
8 1943 90
8 1944 90
8 1945 90
8 1946 90
8 1947 90
8 1948 90
8 1949 90
8 1950 90
8 1951 90
8 1952 90
8 1953 90
8 1954 90
8 1955 90
8 1956 90
8 1957 90
8 1958 90
8 1959 90
8 1960 90
8 1961 90
8 1962 90
8 1963 90
8 1964 90
8 1965 90
8 1966 90
8 1967 90
8 1968 90
8 3004 90
8 3005 90
8 3006 90
8 3007 90
8 3008 90
8 3009 90
8 3010 90
8 3011 90
8 3012 90
8 3013 90
8 3014 90
8 3015 90
8 3016 90
8 3017 90
8 3018 90
8 3019 90
8 3020 90
8 3021 90
8 3022 90
8 3023 90
8 3024 90
8 3025 90
8 3026 90
8 3027 90
8 3028 90
8 3029 90
8 3030 90
8 3031 90
8 3032 90
8 3033 90
8 3034 90
8 3035 90
8 3036 90
8 3037 90
8 3038 90
8 3039 90
8 3040 90
8 3041 90
8 3042 90
8 3043 90
8 3044 90
8 3045 90
8 3046 90
8 3047 90
8 3048 90
8 3049 90
8 3050 90
8 3051 90
8 3052 90
8 3053 90
8 3054 90
8 3055 90
8 3056 90
8 3057 90
8 3058 90
8 3059 90
8 3060 90
8 3061 90
8 3062 90
8 3063 90
8 3064 90
8 3065 90
8 3066 90
8 3067 90
9 3133 90
9 520 90
9 521 90
9 522 90
9 523 90
9 524 90
9 525 90
9 526 90
9 527 90
9 528 90
9 529 90
9 530 90
9 531 90
9 532 90
9 533 90
9 534 90
9 535 90
9 536 90
9 537 90
9 538 90
9 539 90
9 540 90
9 541 90
9 542 90
9 543 90
9 544 90
9 545 90
9 546 90
9 547 90
9 548 90
9 549 90
9 550 90
9 551 90
9 2002 90
9 2003 90
9 2004 90
9 2005 90
9 2006 90
9 2007 90
9 2008 90
9 2009 90
9 2010 90
9 2011 90
9 2012 90
9 2013 90
9 2014 90
9 2015 90
9 2016 90
9 2017 90
9 2018 90
9 2019 90
9 2020 90
9 2021 90
9 2022 90
9 2023 90
9 2024 90
9 2025 90
9 2026 90
9 2027 90
9 2028 90
9 2029 90
9 2030 90
9 2031 90
9 2032 90
9 2033 90
9 3069 90
9 3070 90
9 3071 90
9 3072 90
9 3073 90
9 3074 90
9 3075 90
9 3076 90
9 3077 90
9 3078 90
9 3079 90
9 3080 90
9 3081 90
9 3082 90
9 3083 90
9 3084 90
9 3085 90
9 3086 90
9 3087 90
9 3088 90
9 3089 90
9 3090 90
9 3091 90
9 3092 90
9 3093 90
9 3094 90
9 3095 90
9 3096 90
9 3097 90
9 3098 90
9 3099 90
9 3100 90
9 3101 90
9 3102 90
9 3103 90
9 3104 90
9 3105 90
9 3106 90
9 3107 90
9 3108 90
9 3109 90
9 3110 90
9 3111 90
9 3112 90
9 3113 90
9 3114 90
9 3115 90
9 3116 90
9 3117 90
9 3118 90
9 3119 90
9 3120 90
9 3121 90
9 3122 90
9 3123 90
9 3124 90
9 3125 90
9 3126 90
9 3127 90
9 3128 90
9 3129 90
9 3130 90
9 3131 90
9 3132 90
