block round
3220 80
361 80
362 80
363 80
364 80
365 80
366 80
367 80
368 80
369 80
370 80
371 80
372 80
373 80
374 80
375 80
376 80
377 80
378 80
379 80
380 80
381 80
382 80
383 80
384 80
385 80
386 80
387 80
388 80
389 80
390 80
391 80
392 80
1832 80
1833 80
1834 80
1835 80
1836 80
1837 80
1838 80
1839 80
1840 80
1841 80
1842 80
1843 80
1844 80
1845 80
1846 80
1847 80
1848 80
1849 80
1850 80
1851 80
1852 80
1853 80
1854 80
1855 80
1856 80
1857 80
1858 80
1859 80
1860 80
1861 80
1862 80
1863 80
3156 80
3157 80
3158 80
3159 80
3160 80
3161 80
3162 80
3163 80
3164 80
3165 80
3166 80
3167 80
3168 80
3169 80
3170 80
3171 80
3172 80
3173 80
3174 80
3175 80
3176 80
3177 80
3178 80
3179 80
3180 80
3181 80
3182 80
3183 80
3184 80
3185 80
3186 80
3187 80
3188 80
3189 80
3190 80
3191 80
3192 80
3193 80
3194 80
3195 80
3196 80
3197 80
3198 80
3199 80
3200 80
3201 80
3202 80
3203 80
3204 80
3205 80
3206 80
3207 80
3208 80
3209 80
3210 80
3211 80
3212 80
3213 80
3214 80
3215 80
3216 80
3217 80
3218 80
3219 80
