block round
3331 60
148 60
149 60
150 60
151 60
152 60
153 60
154 60
155 60
156 60
157 60
158 60
159 60
160 60
161 60
162 60
163 60
164 60
165 60
166 60
167 60
168 60
169 60
170 60
171 60
172 60
173 60
174 60
175 60
176 60
177 60
178 60
179 60
1726 60
1727 60
1728 60
1729 60
1730 60
1731 60
1732 60
1733 60
1734 60
1735 60
1736 60
1737 60
1738 60
1739 60
1740 60
1741 60
1742 60
1743 60
1744 60
1745 60
1746 60
1747 60
1748 60
1749 60
1750 60
1751 60
1752 60
1753 60
1754 60
1755 60
1756 60
1757 60
3267 60
3268 60
3269 60
3270 60
3271 60
3272 60
3273 60
3274 60
3275 60
3276 60
3277 60
3278 60
3279 60
3280 60
3281 60
3282 60
3283 60
3284 60
3285 60
3286 60
3287 60
3288 60
3289 60
3290 60
3291 60
3292 60
3293 60
3294 60
3295 60
3296 60
3297 60
3298 60
3299 60
3300 60
3301 60
3302 60
3303 60
3304 60
3305 60
3306 60
3307 60
3308 60
3309 60
3310 60
3311 60
3312 60
3313 60
3314 60
3315 60
3316 60
3317 60
3318 60
3319 60
3320 60
3321 60
3322 60
3323 60
3324 60
3325 60
3326 60
3327 60
3328 60
3329 60
3330 60
