block round
2828 40
538 40
539 40
540 40
541 40
542 40
543 40
544 40
545 40
546 40
547 40
548 40
549 40
550 40
551 40
552 40
553 40
554 40
555 40
556 40
557 40
558 40
559 40
560 40
561 40
562 40
563 40
564 40
565 40
566 40
567 40
568 40
569 40
2101 40
2102 40
2103 40
2104 40
2105 40
2106 40
2107 40
2108 40
2109 40
2110 40
2111 40
2112 40
2113 40
2114 40
2115 40
2116 40
2117 40
2118 40
2119 40
2120 40
2121 40
2122 40
2123 40
2124 40
2125 40
2126 40
2127 40
2128 40
2129 40
2130 40
2131 40
2132 40
2732 40
2733 40
2734 40
2735 40
2736 40
2737 40
2738 40
2739 40
2740 40
2741 40
2742 40
2743 40
2744 40
2745 40
2746 40
2747 40
2748 40
2749 40
2750 40
2751 40
2752 40
2753 40
2754 40
2755 40
2756 40
2757 40
2758 40
2759 40
2760 40
2761 40
2762 40
2763 40
2764 40
2765 40
2766 40
2767 40
2768 40
2769 40
2770 40
2771 40
2772 40
2773 40
2774 40
2775 40
2776 40
2777 40
2778 40
2779 40
2780 40
2781 40
2782 40
2783 40
2784 40
2785 40
2786 40
2787 40
2788 40
2789 40
2790 40
2791 40
2792 40
2793 40
2794 40
2795 40
