block round
2814 70
130 70
131 70
132 70
133 70
134 70
135 70
136 70
137 70
138 70
139 70
140 70
141 70
142 70
143 70
144 70
145 70
146 70
147 70
148 70
149 70
150 70
151 70
152 70
153 70
154 70
155 70
156 70
157 70
158 70
159 70
160 70
161 70
162 70
163 70
164 70
165 70
166 70
167 70
168 70
169 70
170 70
171 70
172 70
173 70
174 70
175 70
176 70
177 70
178 70
179 70
180 70
181 70
182 70
183 70
184 70
185 70
186 70
187 70
188 70
189 70
190 70
191 70
192 70
193 70
2405 70
2406 70
2407 70
2408 70
2409 70
2410 70
2411 70
2412 70
2413 70
2414 70
2415 70
2416 70
2417 70
2418 70
2419 70
2420 70
2421 70
2422 70
2423 70
2424 70
2425 70
2426 70
2427 70
2428 70
2429 70
2430 70
2431 70
2432 70
2433 70
2434 70
2435 70
2436 70
2782 70
2783 70
2784 70
2785 70
2786 70
2787 70
2788 70
2789 70
2790 70
2791 70
2792 70
2793 70
2794 70
2795 70
2796 70
2797 70
2798 70
2799 70
2800 70
2801 70
2802 70
2803 70
2804 70
2805 70
2806 70
2807 70
2808 70
2809 70
2810 70
2811 70
2812 70
2813 70
