block round
1940 10
0 10
1 10
2 10
3 10
4 10
5 10
6 10
7 10
8 10
9 10
10 10
11 10
12 10
13 10
14 10
15 10
16 10
17 10
18 10
19 10
20 10
21 10
22 10
23 10
24 10
25 10
26 10
27 10
28 10
29 10
30 10
31 10
32 10
33 10
34 10
35 10
36 10
37 10
38 10
39 10
40 10
41 10
42 10
43 10
44 10
45 10
46 10
47 10
48 10
49 10
50 10
51 10
52 10
53 10
54 10
55 10
56 10
57 10
58 10
59 10
60 10
61 10
62 10
63 10
1875 10
1876 10
1877 10
1878 10
1879 10
1880 10
1881 10
1882 10
1883 10
1884 10
1885 10
1886 10
1887 10
1888 10
1889 10
1890 10
1891 10
1892 10
1893 10
1894 10
1895 10
1896 10
1897 10
1898 10
1899 10
1900 10
1901 10
1902 10
1903 10
1904 10
1905 10
1906 10
1908 10
1909 10
1910 10
1911 10
1912 10
1913 10
1914 10
1915 10
1916 10
1917 10
1918 10
1919 10
1920 10
1921 10
1922 10
1923 10
1924 10
1925 10
1926 10
1927 10
1928 10
1929 10
1930 10
1931 10
1932 10
1933 10
1934 10
1935 10
1936 10
1937 10
1938 10
1939 10
