block round
3085 100
260 100
261 100
262 100
263 100
264 100
265 100
266 100
267 100
268 100
269 100
270 100
271 100
272 100
273 100
274 100
275 100
276 100
277 100
278 100
279 100
280 100
281 100
282 100
283 100
284 100
285 100
286 100
287 100
288 100
289 100
290 100
291 100
1548 100
1549 100
1550 100
1551 100
1552 100
1553 100
1554 100
1555 100
1556 100
1557 100
1558 100
1559 100
1560 100
1561 100
1562 100
1563 100
1564 100
1565 100
1566 100
1567 100
1568 100
1569 100
1570 100
1571 100
1572 100
1573 100
1574 100
1575 100
1576 100
1577 100
1578 100
1579 100
3021 100
3022 100
3023 100
3024 100
3025 100
3026 100
3027 100
3028 100
3029 100
3030 100
3031 100
3032 100
3033 100
3034 100
3035 100
3036 100
3037 100
3038 100
3039 100
3040 100
3041 100
3042 100
3043 100
3044 100
3045 100
3046 100
3047 100
3048 100
3049 100
3050 100
3051 100
3052 100
3053 100
3054 100
3055 100
3056 100
3057 100
3058 100
3059 100
3060 100
3061 100
3062 100
3063 100
3064 100
3065 100
3066 100
3067 100
3068 100
3069 100
3070 100
3071 100
3072 100
3073 100
3074 100
3075 100
3076 100
3077 100
3078 100
3079 100
3080 100
3081 100
3082 100
3083 100
3084 100
