block round
2781 70
65 70
66 70
67 70
68 70
69 70
70 70
71 70
72 70
73 70
74 70
75 70
76 70
77 70
78 70
79 70
80 70
81 70
82 70
83 70
84 70
85 70
86 70
87 70
88 70
89 70
90 70
91 70
92 70
93 70
94 70
95 70
96 70
97 70
98 70
99 70
100 70
101 70
102 70
103 70
104 70
105 70
106 70
107 70
108 70
109 70
110 70
111 70
112 70
113 70
114 70
115 70
116 70
117 70
118 70
119 70
120 70
121 70
122 70
123 70
124 70
125 70
126 70
127 70
128 70
2340 70
2341 70
2342 70
2343 70
2344 70
2345 70
2346 70
2347 70
2348 70
2349 70
2350 70
2351 70
2352 70
2353 70
2354 70
2355 70
2356 70
2357 70
2358 70
2359 70
2360 70
2361 70
2362 70
2363 70
2364 70
2365 70
2366 70
2367 70
2368 70
2369 70
2370 70
2371 70
2749 70
2750 70
2751 70
2752 70
2753 70
2754 70
2755 70
2756 70
2757 70
2758 70
2759 70
2760 70
2761 70
2762 70
2763 70
2764 70
2765 70
2766 70
2767 70
2768 70
2769 70
2770 70
2771 70
2772 70
2773 70
2774 70
2775 70
2776 70
2777 70
2778 70
2779 70
2780 70
