block round
3653 90
390 90
391 90
392 90
393 90
394 90
395 90
396 90
397 90
398 90
399 90
400 90
401 90
402 90
403 90
404 90
405 90
406 90
407 90
408 90
409 90
410 90
411 90
412 90
413 90
414 90
415 90
416 90
417 90
418 90
419 90
420 90
421 90
1872 90
1873 90
1874 90
1875 90
1876 90
1877 90
1878 90
1879 90
1880 90
1881 90
1882 90
1883 90
1884 90
1885 90
1886 90
1887 90
1888 90
1889 90
1890 90
1891 90
1892 90
1893 90
1894 90
1895 90
1896 90
1897 90
1898 90
1899 90
1900 90
1901 90
1902 90
1903 90
3589 90
3590 90
3591 90
3592 90
3593 90
3594 90
3595 90
3596 90
3597 90
3598 90
3599 90
3600 90
3601 90
3602 90
3603 90
3604 90
3605 90
3606 90
3607 90
3608 90
3609 90
3610 90
3611 90
3612 90
3613 90
3614 90
3615 90
3616 90
3617 90
3618 90
3619 90
3620 90
3621 90
3622 90
3623 90
3624 90
3625 90
3626 90
3627 90
3628 90
3629 90
3630 90
3631 90
3632 90
3633 90
3634 90
3635 90
3636 90
3637 90
3638 90
3639 90
3640 90
3641 90
3642 90
3643 90
3644 90
3645 90
3646 90
3647 90
3648 90
3649 90
3650 90
3651 90
3652 90
