block round
3328 90
66 90
67 90
68 90
69 90
70 90
71 90
72 90
73 90
74 90
75 90
76 90
77 90
78 90
79 90
80 90
81 90
82 90
83 90
84 90
85 90
86 90
87 90
88 90
89 90
90 90
91 90
92 90
93 90
94 90
95 90
96 90
97 90
2197 90
2198 90
2199 90
2200 90
2201 90
2202 90
2203 90
2204 90
2205 90
2206 90
2207 90
2208 90
2209 90
2210 90
2211 90
2212 90
2213 90
2214 90
2215 90
2216 90
2217 90
2218 90
2219 90
2220 90
2221 90
2222 90
2223 90
2224 90
2225 90
2226 90
2227 90
2228 90
3264 90
3265 90
3266 90
3267 90
3268 90
3269 90
3270 90
3271 90
3272 90
3273 90
3274 90
3275 90
3276 90
3277 90
3278 90
3279 90
3280 90
3281 90
3282 90
3283 90
3284 90
3285 90
3286 90
3287 90
3288 90
3289 90
3290 90
3291 90
3292 90
3293 90
3294 90
3295 90
3296 90
3297 90
3298 90
3299 90
3300 90
3301 90
3302 90
3303 90
3304 90
3305 90
3306 90
3307 90
3308 90
3309 90
3310 90
3311 90
3312 90
3313 90
3314 90
3315 90
3316 90
3317 90
3318 90
3319 90
3320 90
3321 90
3322 90
3323 90
3324 90
3325 90
3326 90
3327 90
