block round
1745 10
697 10
698 10
699 10
700 10
701 10
702 10
703 10
704 10
705 10
706 10
707 10
708 10
709 10
710 10
711 10
712 10
713 10
714 10
715 10
716 10
717 10
718 10
719 10
720 10
721 10
722 10
723 10
724 10
725 10
726 10
727 10
728 10
729 10
730 10
731 10
732 10
733 10
734 10
735 10
736 10
737 10
738 10
739 10
740 10
741 10
742 10
743 10
744 10
745 10
746 10
747 10
748 10
749 10
750 10
751 10
752 10
753 10
754 10
755 10
756 10
757 10
758 10
759 10
760 10
1681 10
1682 10
1683 10
1684 10
1685 10
1686 10
1687 10
1688 10
1689 10
1690 10
1691 10
1692 10
1693 10
1694 10
1695 10
1696 10
1697 10
1698 10
1699 10
1700 10
1701 10
1702 10
1703 10
1704 10
1705 10
1706 10
1707 10
1708 10
1709 10
1710 10
1711 10
1712 10
1713 10
1714 10
1715 10
1716 10
1717 10
1718 10
1719 10
1720 10
1721 10
1722 10
1723 10
1724 10
1725 10
1726 10
1727 10
1728 10
1729 10
1730 10
1731 10
1732 10
1733 10
1734 10
1735 10
1736 10
1737 10
1738 10
1739 10
1740 10
1741 10
1742 10
1743 10
1744 10
