block round
3064 50
571 50
572 50
573 50
574 50
575 50
576 50
577 50
578 50
579 50
580 50
581 50
582 50
583 50
584 50
585 50
586 50
587 50
588 50
589 50
590 50
591 50
592 50
593 50
594 50
595 50
596 50
597 50
598 50
599 50
600 50
601 50
602 50
2137 50
2138 50
2139 50
2140 50
2141 50
2142 50
2143 50
2144 50
2145 50
2146 50
2147 50
2148 50
2149 50
2150 50
2151 50
2152 50
2153 50
2154 50
2155 50
2156 50
2157 50
2158 50
2159 50
2160 50
2161 50
2162 50
2163 50
2164 50
2165 50
2166 50
2167 50
2168 50
3000 50
3001 50
3002 50
3003 50
3004 50
3005 50
3006 50
3007 50
3008 50
3009 50
3010 50
3011 50
3012 50
3013 50
3014 50
3015 50
3016 50
3017 50
3018 50
3019 50
3020 50
3021 50
3022 50
3023 50
3024 50
3025 50
3026 50
3027 50
3028 50
3029 50
3030 50
3031 50
3032 50
3033 50
3034 50
3035 50
3036 50
3037 50
3038 50
3039 50
3040 50
3041 50
3042 50
3043 50
3044 50
3045 50
3046 50
3047 50
3048 50
3049 50
3050 50
3051 50
3052 50
3053 50
3054 50
3055 50
3056 50
3057 50
3058 50
3059 50
3060 50
3061 50
3062 50
3063 50
