block round
2355 30
716 30
717 30
718 30
719 30
720 30
721 30
722 30
723 30
724 30
725 30
726 30
727 30
728 30
729 30
730 30
731 30
732 30
733 30
734 30
735 30
736 30
737 30
738 30
739 30
740 30
741 30
742 30
743 30
744 30
745 30
746 30
747 30
748 30
749 30
750 30
751 30
752 30
753 30
754 30
755 30
756 30
757 30
758 30
759 30
760 30
761 30
762 30
763 30
764 30
765 30
766 30
767 30
768 30
769 30
770 30
771 30
772 30
773 30
774 30
775 30
776 30
777 30
778 30
779 30
2291 30
2292 30
2293 30
2294 30
2295 30
2296 30
2297 30
2298 30
2299 30
2300 30
2301 30
2302 30
2303 30
2304 30
2305 30
2306 30
2307 30
2308 30
2309 30
2310 30
2311 30
2312 30
2313 30
2314 30
2315 30
2316 30
2317 30
2318 30
2319 30
2320 30
2321 30
2322 30
2323 30
2324 30
2325 30
2326 30
2327 30
2328 30
2329 30
2330 30
2331 30
2332 30
2333 30
2334 30
2335 30
2336 30
2337 30
2338 30
2339 30
2340 30
2341 30
2342 30
2343 30
2344 30
2345 30
2346 30
2347 30
2348 30
2349 30
2350 30
2351 30
2352 30
2353 30
2354 30
