block round
1980 20
600 20
601 20
602 20
603 20
604 20
605 20
606 20
607 20
608 20
609 20
610 20
611 20
612 20
613 20
614 20
615 20
616 20
617 20
618 20
619 20
620 20
621 20
622 20
623 20
624 20
625 20
626 20
627 20
628 20
629 20
630 20
631 20
632 20
633 20
634 20
635 20
636 20
637 20
638 20
639 20
640 20
641 20
642 20
643 20
644 20
645 20
646 20
647 20
648 20
649 20
650 20
651 20
652 20
653 20
654 20
655 20
656 20
657 20
658 20
659 20
660 20
661 20
662 20
663 20
1916 20
1917 20
1918 20
1919 20
1920 20
1921 20
1922 20
1923 20
1924 20
1925 20
1926 20
1927 20
1928 20
1929 20
1930 20
1931 20
1932 20
1933 20
1934 20
1935 20
1936 20
1937 20
1938 20
1939 20
1940 20
1941 20
1942 20
1943 20
1944 20
1945 20
1946 20
1947 20
1948 20
1949 20
1950 20
1951 20
1952 20
1953 20
1954 20
1955 20
1956 20
1957 20
1958 20
1959 20
1960 20
1961 20
1962 20
1963 20
1964 20
1965 20
1966 20
1967 20
1968 20
1969 20
1970 20
1971 20
1972 20
1973 20
1974 20
1975 20
1976 20
1977 20
1978 20
1979 20
