block round
3350 80
491 80
492 80
493 80
494 80
495 80
496 80
497 80
498 80
499 80
500 80
501 80
502 80
503 80
504 80
505 80
506 80
507 80
508 80
509 80
510 80
511 80
512 80
513 80
514 80
515 80
516 80
517 80
518 80
519 80
520 80
521 80
522 80
1962 80
1963 80
1964 80
1965 80
1966 80
1967 80
1968 80
1969 80
1970 80
1971 80
1972 80
1973 80
1974 80
1975 80
1976 80
1977 80
1978 80
1979 80
1980 80
1981 80
1982 80
1983 80
1984 80
1985 80
1986 80
1987 80
1988 80
1989 80
1990 80
1991 80
1992 80
1993 80
3286 80
3287 80
3288 80
3289 80
3290 80
3291 80
3292 80
3293 80
3294 80
3295 80
3296 80
3297 80
3298 80
3299 80
3300 80
3301 80
3302 80
3303 80
3304 80
3305 80
3306 80
3307 80
3308 80
3309 80
3310 80
3311 80
3312 80
3313 80
3314 80
3315 80
3316 80
3317 80
3318 80
3319 80
3320 80
3321 80
3322 80
3323 80
3324 80
3325 80
3326 80
3327 80
3328 80
3329 80
3330 80
3331 80
3332 80
3333 80
3334 80
3335 80
3336 80
3337 80
3338 80
3339 80
3340 80
3341 80
3342 80
3343 80
3344 80
3345 80
3346 80
3347 80
3348 80
3349 80
