block round
2797 80
524 80
525 80
526 80
527 80
528 80
529 80
530 80
531 80
532 80
533 80
534 80
535 80
536 80
537 80
538 80
539 80
540 80
541 80
542 80
543 80
544 80
545 80
546 80
547 80
548 80
549 80
550 80
551 80
552 80
553 80
554 80
555 80
2027 80
2028 80
2029 80
2030 80
2031 80
2032 80
2033 80
2034 80
2035 80
2036 80
2037 80
2038 80
2039 80
2040 80
2041 80
2042 80
2043 80
2044 80
2045 80
2046 80
2047 80
2048 80
2049 80
2050 80
2051 80
2052 80
2053 80
2054 80
2055 80
2056 80
2057 80
2058 80
2765 80
2766 80
2767 80
2768 80
2769 80
2770 80
2771 80
2772 80
2773 80
2774 80
2775 80
2776 80
2777 80
2778 80
2779 80
2780 80
2781 80
2782 80
2783 80
2784 80
2785 80
2786 80
2787 80
2788 80
2789 80
2790 80
2791 80
2792 80
2793 80
2794 80
2795 80
2796 80
2701 80
2702 80
2703 80
2704 80
2705 80
2706 80
2707 80
2708 80
2709 80
2710 80
2711 80
2712 80
2713 80
2714 80
2715 80
2716 80
2717 80
2718 80
2719 80
2720 80
2721 80
2722 80
2723 80
2724 80
2725 80
2726 80
2727 80
2728 80
2729 80
2730 80
2731 80
2732 80
