block round
3121 40
213 40
214 40
215 40
216 40
217 40
218 40
219 40
220 40
221 40
222 40
223 40
224 40
225 40
226 40
227 40
228 40
229 40
230 40
231 40
232 40
233 40
234 40
235 40
236 40
237 40
238 40
239 40
240 40
241 40
242 40
243 40
244 40
1776 40
1777 40
1778 40
1779 40
1780 40
1781 40
1782 40
1783 40
1784 40
1785 40
1786 40
1787 40
1788 40
1789 40
1790 40
1791 40
1792 40
1793 40
1794 40
1795 40
1796 40
1797 40
1798 40
1799 40
1800 40
1801 40
1802 40
1803 40
1804 40
1805 40
1806 40
1807 40
3057 40
3058 40
3059 40
3060 40
3061 40
3062 40
3063 40
3064 40
3065 40
3066 40
3067 40
3068 40
3069 40
3070 40
3071 40
3072 40
3073 40
3074 40
3075 40
3076 40
3077 40
3078 40
3079 40
3080 40
3081 40
3082 40
3083 40
3084 40
3085 40
3086 40
3087 40
3088 40
3089 40
3090 40
3091 40
3092 40
3093 40
3094 40
3095 40
3096 40
3097 40
3098 40
3099 40
3100 40
3101 40
3102 40
3103 40
3104 40
3105 40
3106 40
3107 40
3108 40
3109 40
3110 40
3111 40
3112 40
3113 40
3114 40
3115 40
3116 40
3117 40
3118 40
3119 40
3120 40
