block round
3461 60
278 60
279 60
280 60
281 60
282 60
283 60
284 60
285 60
286 60
287 60
288 60
289 60
290 60
291 60
292 60
293 60
294 60
295 60
296 60
297 60
298 60
299 60
300 60
301 60
302 60
303 60
304 60
305 60
306 60
307 60
308 60
309 60
1888 60
1889 60
1890 60
1891 60
1892 60
1893 60
1894 60
1895 60
1896 60
1897 60
1898 60
1899 60
1900 60
1901 60
1902 60
1903 60
1904 60
1905 60
1906 60
1907 60
1908 60
1909 60
1910 60
1911 60
1912 60
1913 60
1914 60
1915 60
1916 60
1917 60
1918 60
1919 60
3397 60
3398 60
3399 60
3400 60
3401 60
3402 60
3403 60
3404 60
3405 60
3406 60
3407 60
3408 60
3409 60
3410 60
3411 60
3412 60
3413 60
3414 60
3415 60
3416 60
3417 60
3418 60
3419 60
3420 60
3421 60
3422 60
3423 60
3424 60
3425 60
3426 60
3427 60
3428 60
3429 60
3430 60
3431 60
3432 60
3433 60
3434 60
3435 60
3436 60
3437 60
3438 60
3439 60
3440 60
3441 60
3442 60
3443 60
3444 60
3445 60
3446 60
3447 60
3448 60
3449 60
3450 60
3451 60
3452 60
3453 60
3454 60
3455 60
3456 60
3457 60
3458 60
3459 60
3460 60
