block round
2727 100
552 100
553 100
554 100
555 100
556 100
557 100
558 100
559 100
560 100
561 100
562 100
563 100
564 100
565 100
566 100
567 100
568 100
569 100
570 100
571 100
572 100
573 100
574 100
575 100
576 100
577 100
578 100
579 100
580 100
581 100
582 100
583 100
1808 100
1809 100
1810 100
1811 100
1812 100
1813 100
1814 100
1815 100
1816 100
1817 100
1818 100
1819 100
1820 100
1821 100
1822 100
1823 100
1824 100
1825 100
1826 100
1827 100
1828 100
1829 100
1830 100
1831 100
1832 100
1833 100
1834 100
1835 100
1836 100
1837 100
1838 100
1839 100
2631 100
2632 100
2633 100
2634 100
2635 100
2636 100
2637 100
2638 100
2639 100
2640 100
2641 100
2642 100
2643 100
2644 100
2645 100
2646 100
2647 100
2648 100
2649 100
2650 100
2651 100
2652 100
2653 100
2654 100
2655 100
2656 100
2657 100
2658 100
2659 100
2660 100
2661 100
2662 100
2663 100
2664 100
2665 100
2666 100
2667 100
2668 100
2669 100
2670 100
2671 100
2672 100
2673 100
2674 100
2675 100
2676 100
2677 100
2678 100
2679 100
2680 100
2681 100
2682 100
2683 100
2684 100
2685 100
2686 100
2687 100
2688 100
2689 100
2690 100
2691 100
2692 100
2693 100
2694 100
