block round
3068 90
456 90
457 90
458 90
459 90
460 90
461 90
462 90
463 90
464 90
465 90
466 90
467 90
468 90
469 90
470 90
471 90
472 90
473 90
474 90
475 90
476 90
477 90
478 90
479 90
480 90
481 90
482 90
483 90
484 90
485 90
486 90
487 90
1937 90
1938 90
1939 90
1940 90
1941 90
1942 90
1943 90
1944 90
1945 90
1946 90
1947 90
1948 90
1949 90
1950 90
1951 90
1952 90
1953 90
1954 90
1955 90
1956 90
1957 90
1958 90
1959 90
1960 90
1961 90
1962 90
1963 90
1964 90
1965 90
1966 90
1967 90
1968 90
3004 90
3005 90
3006 90
3007 90
3008 90
3009 90
3010 90
3011 90
3012 90
3013 90
3014 90
3015 90
3016 90
3017 90
3018 90
3019 90
3020 90
3021 90
3022 90
3023 90
3024 90
3025 90
3026 90
3027 90
3028 90
3029 90
3030 90
3031 90
3032 90
3033 90
3034 90
3035 90
3036 90
3037 90
3038 90
3039 90
3040 90
3041 90
3042 90
3043 90
3044 90
3045 90
3046 90
3047 90
3048 90
3049 90
3050 90
3051 90
3052 90
3053 90
3054 90
3055 90
3056 90
3057 90
3058 90
3059 90
3060 90
3061 90
3062 90
3063 90
3064 90
3065 90
3066 90
3067 90
