block round
3285 80
426 80
427 80
428 80
429 80
430 80
431 80
432 80
433 80
434 80
435 80
436 80
437 80
438 80
439 80
440 80
441 80
442 80
443 80
444 80
445 80
446 80
447 80
448 80
449 80
450 80
451 80
452 80
453 80
454 80
455 80
456 80
457 80
1897 80
1898 80
1899 80
1900 80
1901 80
1902 80
1903 80
1904 80
1905 80
1906 80
1907 80
1908 80
1909 80
1910 80
1911 80
1912 80
1913 80
1914 80
1915 80
1916 80
1917 80
1918 80
1919 80
1920 80
1921 80
1922 80
1923 80
1924 80
1925 80
1926 80
1927 80
1928 80
3253 80
3254 80
3255 80
3256 80
3257 80
3258 80
3259 80
3260 80
3261 80
3262 80
3263 80
3264 80
3265 80
3266 80
3267 80
3268 80
3269 80
3270 80
3271 80
3272 80
3273 80
3274 80
3275 80
3276 80
3277 80
3278 80
3279 80
3280 80
3281 80
3282 80
3283 80
3284 80
3221 80
3222 80
3223 80
3224 80
3225 80
3226 80
3227 80
3228 80
3229 80
3230 80
3231 80
3232 80
3233 80
3234 80
3235 80
3236 80
3237 80
3238 80
3239 80
3240 80
3241 80
3242 80
3243 80
3244 80
3245 80
3246 80
3247 80
3248 80
3249 80
3250 80
3251 80
3252 80
