block round
3194 50
51 50
52 50
53 50
54 50
55 50
56 50
57 50
58 50
59 50
60 50
61 50
62 50
63 50
64 50
65 50
66 50
67 50
68 50
69 50
70 50
71 50
72 50
73 50
74 50
75 50
76 50
77 50
78 50
79 50
80 50
81 50
82 50
1616 50
1617 50
1618 50
1619 50
1620 50
1621 50
1622 50
1623 50
1624 50
1625 50
1626 50
1627 50
1628 50
1629 50
1630 50
1631 50
1632 50
1633 50
1634 50
1635 50
1636 50
1637 50
1638 50
1639 50
1640 50
1641 50
1642 50
1643 50
1644 50
1645 50
1646 50
1647 50
3130 50
3131 50
3132 50
3133 50
3134 50
3135 50
3136 50
3137 50
3138 50
3139 50
3140 50
3141 50
3142 50
3143 50
3144 50
3145 50
3146 50
3147 50
3148 50
3149 50
3150 50
3151 50
3152 50
3153 50
3154 50
3155 50
3156 50
3157 50
3158 50
3159 50
3160 50
3161 50
3162 50
3163 50
3164 50
3165 50
3166 50
3167 50
3168 50
3169 50
3170 50
3171 50
3172 50
3173 50
3174 50
3175 50
3176 50
3177 50
3178 50
3179 50
3180 50
3181 50
3182 50
3183 50
3184 50
3185 50
3186 50
3187 50
3188 50
3189 50
3190 50
3191 50
3192 50
3193 50
