file block round
0 3280 100
0 455 100
0 456 100
0 457 100
0 458 100
0 459 100
0 460 100
0 461 100
0 462 100
0 463 100
0 464 100
0 465 100
0 466 100
0 467 100
0 468 100
0 469 100
0 470 100
0 471 100
0 472 100
0 473 100
0 474 100
0 475 100
0 476 100
0 477 100
0 478 100
0 479 100
0 480 100
0 481 100
0 482 100
0 483 100
0 484 100
0 485 100
0 486 100
0 1743 100
0 1744 100
0 1745 100
0 1746 100
0 1747 100
0 1748 100
0 1749 100
0 1750 100
0 1751 100
0 1752 100
0 1753 100
0 1754 100
0 1755 100
0 1756 100
0 1757 100
0 1758 100
0 1759 100
0 1760 100
0 1761 100
0 1762 100
0 1763 100
0 1764 100
0 1765 100
0 1766 100
0 1767 100
0 1768 100
0 1769 100
0 1770 100
0 1771 100
0 1772 100
0 1773 100
0 1774 100
0 3216 100
0 3217 100
0 3218 100
0 3219 100
0 3220 100
0 3221 100
0 3222 100
0 3223 100
0 3224 100
0 3225 100
0 3226 100
0 3227 100
0 3228 100
0 3229 100
0 3230 100
0 3231 100
0 3232 100
0 3233 100
0 3234 100
0 3235 100
0 3236 100
0 3237 100
0 3238 100
0 3239 100
0 3240 100
0 3241 100
0 3242 100
0 3243 100
0 3244 100
0 3245 100
0 3246 100
0 3247 100
0 3248 100
0 3249 100
0 3250 100
0 3251 100
0 3252 100
0 3253 100
0 3254 100
0 3255 100
0 3256 100
0 3257 100
0 3258 100
0 3259 100
0 3260 100
0 3261 100
0 3262 100
0 3263 100
0 3264 100
0 3265 100
0 3266 100
0 3267 100
0 3268 100
0 3269 100
0 3270 100
0 3271 100
0 3272 100
0 3273 100
0 3274 100
0 3275 100
0 3276 100
0 3277 100
0 3278 100
0 3279 100
1 2727 100
1 552 100
1 553 100
1 554 100
1 555 100
1 556 100
1 557 100
1 558 100
1 559 100
1 560 100
1 561 100
1 562 100
1 563 100
1 564 100
1 565 100
1 566 100
1 567 100
1 568 100
1 569 100
1 570 100
1 571 100
1 572 100
1 573 100
1 574 100
1 575 100
1 576 100
1 577 100
1 578 100
1 579 100
1 580 100
1 581 100
1 582 100
1 583 100
1 1808 100
1 1809 100
1 1810 100
1 1811 100
1 1812 100
1 1813 100
1 1814 100
1 1815 100
1 1816 100
1 1817 100
1 1818 100
1 1819 100
1 1820 100
1 1821 100
1 1822 100
1 1823 100
1 1824 100
1 1825 100
1 1826 100
1 1827 100
1 1828 100
1 1829 100
1 1830 100
1 1831 100
1 1832 100
1 1833 100
1 1834 100
1 1835 100
1 1836 100
1 1837 100
1 1838 100
1 1839 100
1 2631 100
1 2632 100
1 2633 100
1 2634 100
1 2635 100
1 2636 100
1 2637 100
1 2638 100
1 2639 100
1 2640 100
1 2641 100
1 2642 100
1 2643 100
1 2644 100
1 2645 100
1 2646 100
1 2647 100
1 2648 100
1 2649 100
1 2650 100
1 2651 100
1 2652 100
1 2653 100
1 2654 100
1 2655 100
1 2656 100
1 2657 100
1 2658 100
1 2659 100
1 2660 100
1 2661 100
1 2662 100
1 2663 100
1 2664 100
1 2665 100
1 2666 100
1 2667 100
1 2668 100
1 2669 100
1 2670 100
1 2671 100
1 2672 100
1 2673 100
1 2674 100
1 2675 100
1 2676 100
1 2677 100
1 2678 100
1 2679 100
1 2680 100
1 2681 100
1 2682 100
1 2683 100
1 2684 100
1 2685 100
1 2686 100
1 2687 100
1 2688 100
1 2689 100
1 2690 100
1 2691 100
1 2692 100
1 2693 100
1 2694 100
2 2824 100
2 585 100
2 586 100
2 587 100
2 588 100
2 589 100
2 590 100
2 591 100
2 592 100
2 593 100
2 594 100
2 595 100
2 596 100
2 597 100
2 598 100
2 599 100
2 600 100
2 601 100
2 602 100
2 603 100
2 604 100
2 605 100
2 606 100
2 607 100
2 608 100
2 609 100
2 610 100
2 611 100
2 612 100
2 613 100
2 614 100
2 615 100
2 616 100
2 1873 100
2 1874 100
2 1875 100
2 1876 100
2 1877 100
2 1878 100
2 1879 100
2 1880 100
2 1881 100
2 1882 100
2 1883 100
2 1884 100
2 1885 100
2 1886 100
2 1887 100
2 1888 100
2 1889 100
2 1890 100
2 1891 100
2 1892 100
2 1893 100
2 1894 100
2 1895 100
2 1896 100
2 1897 100
2 1898 100
2 1899 100
2 1900 100
2 1901 100
2 1902 100
2 1903 100
2 1904 100
2 2695 100
2 2696 100
2 2697 100
2 2698 100
2 2699 100
2 2700 100
2 2701 100
2 2702 100
2 2703 100
2 2704 100
2 2705 100
2 2706 100
2 2707 100
2 2708 100
2 2709 100
2 2710 100
2 2711 100
2 2712 100
2 2713 100
2 2714 100
2 2715 100
2 2716 100
2 2717 100
2 2718 100
2 2719 100
2 2720 100
2 2721 100
2 2722 100
2 2723 100
2 2724 100
2 2725 100
2 2726 100
2 2728 100
2 2729 100
2 2730 100
2 2731 100
2 2732 100
2 2733 100
2 2734 100
2 2735 100
2 2736 100
2 2737 100
2 2738 100
2 2739 100
2 2740 100
2 2741 100
2 2742 100
2 2743 100
2 2744 100
2 2745 100
2 2746 100
2 2747 100
2 2748 100
2 2749 100
2 2750 100
2 2751 100
2 2752 100
2 2753 100
2 2754 100
2 2755 100
2 2756 100
2 2757 100
2 2758 100
2 2759 100
3 2825 100
3 0 100
3 1 100
3 2 100
3 3 100
3 4 100
3 5 100
3 6 100
3 7 100
3 8 100
3 9 100
3 10 100
3 11 100
3 12 100
3 13 100
3 14 100
3 15 100
3 16 100
3 17 100
3 18 100
3 19 100
3 20 100
3 21 100
3 22 100
3 23 100
3 24 100
3 25 100
3 26 100
3 27 100
3 28 100
3 29 100
3 30 100
3 31 100
3 1938 100
3 1939 100
3 1940 100
3 1941 100
3 1942 100
3 1943 100
3 1944 100
3 1945 100
3 1946 100
3 1947 100
3 1948 100
3 1949 100
3 1950 100
3 1951 100
3 1952 100
3 1953 100
3 1954 100
3 1955 100
3 1956 100
3 1957 100
3 1958 100
3 1959 100
3 1960 100
3 1961 100
3 1962 100
3 1963 100
3 1964 100
3 1965 100
3 1966 100
3 1967 100
3 1968 100
3 1969 100
3 2760 100
3 2761 100
3 2762 100
3 2763 100
3 2764 100
3 2765 100
3 2766 100
3 2767 100
3 2768 100
3 2769 100
3 2770 100
3 2771 100
3 2772 100
3 2773 100
3 2774 100
3 2775 100
3 2776 100
3 2777 100
3 2778 100
3 2779 100
3 2780 100
3 2781 100
3 2782 100
3 2783 100
3 2784 100
3 2785 100
3 2786 100
3 2787 100
3 2788 100
3 2789 100
3 2790 100
3 2791 100
3 2792 100
3 2793 100
3 2794 100
3 2795 100
3 2796 100
3 2797 100
3 2798 100
3 2799 100
3 2800 100
3 2801 100
3 2802 100
3 2803 100
3 2804 100
3 2805 100
3 2806 100
3 2807 100
3 2808 100
3 2809 100
3 2810 100
3 2811 100
3 2812 100
3 2813 100
3 2814 100
3 2815 100
3 2816 100
3 2817 100
3 2818 100
3 2819 100
3 2820 100
3 2821 100
3 2822 100
3 2823 100
4 2890 100
4 97 100
4 98 100
4 99 100
4 100 100
4 101 100
4 102 100
4 103 100
4 104 100
4 105 100
4 106 100
4 107 100
4 108 100
4 109 100
4 110 100
4 111 100
4 112 100
4 113 100
4 114 100
4 115 100
4 116 100
4 117 100
4 118 100
4 119 100
4 120 100
4 121 100
4 122 100
4 123 100
4 124 100
4 125 100
4 126 100
4 127 100
4 128 100
4 2003 100
4 2004 100
4 2005 100
4 2006 100
4 2007 100
4 2008 100
4 2009 100
4 2010 100
4 2011 100
4 2012 100
4 2013 100
4 2014 100
4 2015 100
4 2016 100
4 2017 100
4 2018 100
4 2019 100
4 2020 100
4 2021 100
4 2022 100
4 2023 100
4 2024 100
4 2025 100
4 2026 100
4 2027 100
4 2028 100
4 2029 100
4 2030 100
4 2031 100
4 2032 100
4 2033 100
4 2034 100
4 2826 100
4 2827 100
4 2828 100
4 2829 100
4 2830 100
4 2831 100
4 2832 100
4 2833 100
4 2834 100
4 2835 100
4 2836 100
4 2837 100
4 2838 100
4 2839 100
4 2840 100
4 2841 100
4 2842 100
4 2843 100
4 2844 100
4 2845 100
4 2846 100
4 2847 100
4 2848 100
4 2849 100
4 2850 100
4 2851 100
4 2852 100
4 2853 100
4 2854 100
4 2855 100
4 2856 100
4 2857 100
4 2858 100
4 2859 100
4 2860 100
4 2861 100
4 2862 100
4 2863 100
4 2864 100
4 2865 100
4 2866 100
4 2867 100
4 2868 100
4 2869 100
4 2870 100
4 2871 100
4 2872 100
4 2873 100
4 2874 100
4 2875 100
4 2876 100
4 2877 100
4 2878 100
4 2879 100
4 2880 100
4 2881 100
4 2882 100
4 2883 100
4 2884 100
4 2885 100
4 2886 100
4 2887 100
4 2888 100
4 2889 100
5 2955 100
5 130 100
5 131 100
5 132 100
5 133 100
5 134 100
5 135 100
5 136 100
5 137 100
5 138 100
5 139 100
5 140 100
5 141 100
5 142 100
5 143 100
5 144 100
5 145 100
5 146 100
5 147 100
5 148 100
5 149 100
5 150 100
5 151 100
5 152 100
5 153 100
5 154 100
5 155 100
5 156 100
5 157 100
5 158 100
5 159 100
5 160 100
5 161 100
5 2068 100
5 2069 100
5 2070 100
5 2071 100
5 2072 100
5 2073 100
5 2074 100
5 2075 100
5 2076 100
5 2077 100
5 2078 100
5 2079 100
5 2080 100
5 2081 100
5 2082 100
5 2083 100
5 2084 100
5 2085 100
5 2086 100
5 2087 100
5 2088 100
5 2089 100
5 2090 100
5 2091 100
5 2092 100
5 2093 100
5 2094 100
5 2095 100
5 2096 100
5 2097 100
5 2098 100
5 2099 100
5 2891 100
5 2892 100
5 2893 100
5 2894 100
5 2895 100
5 2896 100
5 2897 100
5 2898 100
5 2899 100
5 2900 100
5 2901 100
5 2902 100
5 2903 100
5 2904 100
5 2905 100
5 2906 100
5 2907 100
5 2908 100
5 2909 100
5 2910 100
5 2911 100
5 2912 100
5 2913 100
5 2914 100
5 2915 100
5 2916 100
5 2917 100
5 2918 100
5 2919 100
5 2920 100
5 2921 100
5 2922 100
5 2923 100
5 2924 100
5 2925 100
5 2926 100
5 2927 100
5 2928 100
5 2929 100
5 2930 100
5 2931 100
5 2932 100
5 2933 100
5 2934 100
5 2935 100
5 2936 100
5 2937 100
5 2938 100
5 2939 100
5 2940 100
5 2941 100
5 2942 100
5 2943 100
5 2944 100
5 2945 100
5 2946 100
5 2947 100
5 2948 100
5 2949 100
5 2950 100
5 2951 100
5 2952 100
5 2953 100
5 2954 100
6 3020 100
6 195 100
6 196 100
6 197 100
6 198 100
6 199 100
6 200 100
6 201 100
6 202 100
6 203 100
6 204 100
6 205 100
6 206 100
6 207 100
6 208 100
6 209 100
6 210 100
6 211 100
6 212 100
6 213 100
6 214 100
6 215 100
6 216 100
6 217 100
6 218 100
6 219 100
6 220 100
6 221 100
6 222 100
6 223 100
6 224 100
6 225 100
6 226 100
6 2133 100
6 2134 100
6 2135 100
6 2136 100
6 2137 100
6 2138 100
6 2139 100
6 2140 100
6 2141 100
6 2142 100
6 2143 100
6 2144 100
6 2145 100
6 2146 100
6 2147 100
6 2148 100
6 2149 100
6 2150 100
6 2151 100
6 2152 100
6 2153 100
6 2154 100
6 2155 100
6 2156 100
6 2157 100
6 2158 100
6 2159 100
6 2160 100
6 2161 100
6 2162 100
6 2163 100
6 2164 100
6 2956 100
6 2957 100
6 2958 100
6 2959 100
6 2960 100
6 2961 100
6 2962 100
6 2963 100
6 2964 100
6 2965 100
6 2966 100
6 2967 100
6 2968 100
6 2969 100
6 2970 100
6 2971 100
6 2972 100
6 2973 100
6 2974 100
6 2975 100
6 2976 100
6 2977 100
6 2978 100
6 2979 100
6 2980 100
6 2981 100
6 2982 100
6 2983 100
6 2984 100
6 2985 100
6 2986 100
6 2987 100
6 2988 100
6 2989 100
6 2990 100
6 2991 100
6 2992 100
6 2993 100
6 2994 100
6 2995 100
6 2996 100
6 2997 100
6 2998 100
6 2999 100
6 3000 100
6 3001 100
6 3002 100
6 3003 100
6 3004 100
6 3005 100
6 3006 100
6 3007 100
6 3008 100
6 3009 100
6 3010 100
6 3011 100
6 3012 100
6 3013 100
6 3014 100
6 3015 100
6 3016 100
6 3017 100
6 3018 100
6 3019 100
7 3085 100
7 260 100
7 261 100
7 262 100
7 263 100
7 264 100
7 265 100
7 266 100
7 267 100
7 268 100
7 269 100
7 270 100
7 271 100
7 272 100
7 273 100
7 274 100
7 275 100
7 276 100
7 277 100
7 278 100
7 279 100
7 280 100
7 281 100
7 282 100
7 283 100
7 284 100
7 285 100
7 286 100
7 287 100
7 288 100
7 289 100
7 290 100
7 291 100
7 1548 100
7 1549 100
7 1550 100
7 1551 100
7 1552 100
7 1553 100
7 1554 100
7 1555 100
7 1556 100
7 1557 100
7 1558 100
7 1559 100
7 1560 100
7 1561 100
7 1562 100
7 1563 100
7 1564 100
7 1565 100
7 1566 100
7 1567 100
7 1568 100
7 1569 100
7 1570 100
7 1571 100
7 1572 100
7 1573 100
7 1574 100
7 1575 100
7 1576 100
7 1577 100
7 1578 100
7 1579 100
7 3021 100
7 3022 100
7 3023 100
7 3024 100
7 3025 100
7 3026 100
7 3027 100
7 3028 100
7 3029 100
7 3030 100
7 3031 100
7 3032 100
7 3033 100
7 3034 100
7 3035 100
7 3036 100
7 3037 100
7 3038 100
7 3039 100
7 3040 100
7 3041 100
7 3042 100
7 3043 100
7 3044 100
7 3045 100
7 3046 100
7 3047 100
7 3048 100
7 3049 100
7 3050 100
7 3051 100
7 3052 100
7 3053 100
7 3054 100
7 3055 100
7 3056 100
7 3057 100
7 3058 100
7 3059 100
7 3060 100
7 3061 100
7 3062 100
7 3063 100
7 3064 100
7 3065 100
7 3066 100
7 3067 100
7 3068 100
7 3069 100
7 3070 100
7 3071 100
7 3072 100
7 3073 100
7 3074 100
7 3075 100
7 3076 100
7 3077 100
7 3078 100
7 3079 100
7 3080 100
7 3081 100
7 3082 100
7 3083 100
7 3084 100
8 3150 100
8 325 100
8 326 100
8 327 100
8 328 100
8 329 100
8 330 100
8 331 100
8 332 100
8 333 100
8 334 100
8 335 100
8 336 100
8 337 100
8 338 100
8 339 100
8 340 100
8 341 100
8 342 100
8 343 100
8 344 100
8 345 100
8 346 100
8 347 100
8 348 100
8 349 100
8 350 100
8 351 100
8 352 100
8 353 100
8 354 100
8 355 100
8 356 100
8 1612 100
8 1613 100
8 1614 100
8 1615 100
8 1616 100
8 1617 100
8 1618 100
8 1619 100
8 1620 100
8 1621 100
8 1622 100
8 1623 100
8 1624 100
8 1625 100
8 1626 100
8 1627 100
8 1628 100
8 1629 100
8 1630 100
8 1631 100
8 1632 100
8 1633 100
8 1634 100
8 1635 100
8 1636 100
8 1637 100
8 1638 100
8 1639 100
8 1640 100
8 1641 100
8 1642 100
8 1643 100
8 3086 100
8 3087 100
8 3088 100
8 3089 100
8 3090 100
8 3091 100
8 3092 100
8 3093 100
8 3094 100
8 3095 100
8 3096 100
8 3097 100
8 3098 100
8 3099 100
8 3100 100
8 3101 100
8 3102 100
8 3103 100
8 3104 100
8 3105 100
8 3106 100
8 3107 100
8 3108 100
8 3109 100
8 3110 100
8 3111 100
8 3112 100
8 3113 100
8 3114 100
8 3115 100
8 3116 100
8 3117 100
8 3118 100
8 3119 100
8 3120 100
8 3121 100
8 3122 100
8 3123 100
8 3124 100
8 3125 100
8 3126 100
8 3127 100
8 3128 100
8 3129 100
8 3130 100
8 3131 100
8 3132 100
8 3133 100
8 3134 100
8 3135 100
8 3136 100
8 3137 100
8 3138 100
8 3139 100
8 3140 100
8 3141 100
8 3142 100
8 3143 100
8 3144 100
8 3145 100
8 3146 100
8 3147 100
8 3148 100
8 3149 100
9 3215 100
9 390 100
9 391 100
9 392 100
9 393 100
9 394 100
9 395 100
9 396 100
9 397 100
9 398 100
9 399 100
9 400 100
9 401 100
9 402 100
9 403 100
9 404 100
9 405 100
9 406 100
9 407 100
9 408 100
9 409 100
9 410 100
9 411 100
9 412 100
9 413 100
9 414 100
9 415 100
9 416 100
9 417 100
9 418 100
9 419 100
9 420 100
9 421 100
9 1678 100
9 1679 100
9 1680 100
9 1681 100
9 1682 100
9 1683 100
9 1684 100
9 1685 100
9 1686 100
9 1687 100
9 1688 100
9 1689 100
9 1690 100
9 1691 100
9 1692 100
9 1693 100
9 1694 100
9 1695 100
9 1696 100
9 1697 100
9 1698 100
9 1699 100
9 1700 100
9 1701 100
9 1702 100
9 1703 100
9 1704 100
9 1705 100
9 1706 100
9 1707 100
9 1708 100
9 1709 100
9 3151 100
9 3152 100
9 3153 100
9 3154 100
9 3155 100
9 3156 100
9 3157 100
9 3158 100
9 3159 100
9 3160 100
9 3161 100
9 3162 100
9 3163 100
9 3164 100
9 3165 100
9 3166 100
9 3167 100
9 3168 100
9 3169 100
9 3170 100
9 3171 100
9 3172 100
9 3173 100
9 3174 100
9 3175 100
9 3176 100
9 3177 100
9 3178 100
9 3179 100
9 3180 100
9 3181 100
9 3182 100
9 3183 100
9 3184 100
9 3185 100
9 3186 100
9 3187 100
9 3188 100
9 3189 100
9 3190 100
9 3191 100
9 3192 100
9 3193 100
9 3194 100
9 3195 100
9 3196 100
9 3197 100
9 3198 100
9 3199 100
9 3200 100
9 3201 100
9 3202 100
9 3203 100
9 3204 100
9 3205 100
9 3206 100
9 3207 100
9 3208 100
9 3209 100
9 3210 100
9 3211 100
9 3212 100
9 3213 100
9 3214 100
