block round
1420 10
212 10
213 10
214 10
215 10
216 10
217 10
218 10
219 10
220 10
221 10
222 10
223 10
224 10
225 10
226 10
227 10
228 10
229 10
230 10
231 10
232 10
233 10
234 10
235 10
236 10
237 10
238 10
239 10
240 10
241 10
242 10
243 10
244 10
245 10
246 10
247 10
248 10
249 10
250 10
251 10
252 10
253 10
254 10
255 10
256 10
257 10
258 10
259 10
260 10
261 10
262 10
263 10
264 10
265 10
266 10
267 10
268 10
269 10
270 10
271 10
272 10
273 10
274 10
275 10
1356 10
1357 10
1358 10
1359 10
1360 10
1361 10
1362 10
1363 10
1364 10
1365 10
1366 10
1367 10
1368 10
1369 10
1370 10
1371 10
1372 10
1373 10
1374 10
1375 10
1376 10
1377 10
1378 10
1379 10
1380 10
1381 10
1382 10
1383 10
1384 10
1385 10
1386 10
1387 10
1388 10
1389 10
1390 10
1391 10
1392 10
1393 10
1394 10
1395 10
1396 10
1397 10
1398 10
1399 10
1400 10
1401 10
1402 10
1403 10
1404 10
1405 10
1406 10
1407 10
1408 10
1409 10
1410 10
1411 10
1412 10
1413 10
1414 10
1415 10
1416 10
1417 10
1418 10
1419 10
