block round
3198 90
586 90
587 90
588 90
589 90
590 90
591 90
592 90
593 90
594 90
595 90
596 90
597 90
598 90
599 90
600 90
601 90
602 90
603 90
604 90
605 90
606 90
607 90
608 90
609 90
610 90
611 90
612 90
613 90
614 90
615 90
616 90
617 90
2067 90
2068 90
2069 90
2070 90
2071 90
2072 90
2073 90
2074 90
2075 90
2076 90
2077 90
2078 90
2079 90
2080 90
2081 90
2082 90
2083 90
2084 90
2085 90
2086 90
2087 90
2088 90
2089 90
2090 90
2091 90
2092 90
2093 90
2094 90
2095 90
2096 90
2097 90
2098 90
3166 90
3167 90
3168 90
3169 90
3170 90
3171 90
3172 90
3173 90
3174 90
3175 90
3176 90
3177 90
3178 90
3179 90
3180 90
3181 90
3182 90
3183 90
3184 90
3185 90
3186 90
3187 90
3188 90
3189 90
3190 90
3191 90
3192 90
3193 90
3194 90
3195 90
3196 90
3197 90
3134 90
3135 90
3136 90
3137 90
3138 90
3139 90
3140 90
3141 90
3142 90
3143 90
3144 90
3145 90
3146 90
3147 90
3148 90
3149 90
3150 90
3151 90
3152 90
3153 90
3154 90
3155 90
3156 90
3157 90
3158 90
3159 90
3160 90
3161 90
3162 90
3163 90
3164 90
3165 90
