block round
1850 20
406 20
407 20
408 20
409 20
410 20
411 20
412 20
413 20
414 20
415 20
416 20
417 20
418 20
419 20
420 20
421 20
422 20
423 20
424 20
425 20
426 20
427 20
428 20
429 20
430 20
431 20
432 20
433 20
434 20
435 20
436 20
437 20
438 20
439 20
440 20
441 20
442 20
443 20
444 20
445 20
446 20
447 20
448 20
449 20
450 20
451 20
452 20
453 20
454 20
455 20
456 20
457 20
458 20
459 20
460 20
461 20
462 20
463 20
464 20
465 20
466 20
467 20
468 20
469 20
1786 20
1787 20
1788 20
1789 20
1790 20
1791 20
1792 20
1793 20
1794 20
1795 20
1796 20
1797 20
1798 20
1799 20
1800 20
1801 20
1802 20
1803 20
1804 20
1805 20
1806 20
1807 20
1808 20
1809 20
1810 20
1811 20
1812 20
1813 20
1814 20
1815 20
1816 20
1817 20
1818 20
1819 20
1820 20
1821 20
1822 20
1823 20
1824 20
1825 20
1826 20
1827 20
1828 20
1829 20
1830 20
1831 20
1832 20
1833 20
1834 20
1835 20
1836 20
1837 20
1838 20
1839 20
1840 20
1841 20
1842 20
1843 20
1844 20
1845 20
1846 20
1847 20
1848 20
1849 20
