block round
2830 80
621 80
622 80
623 80
624 80
625 80
626 80
627 80
628 80
629 80
630 80
631 80
632 80
633 80
634 80
635 80
636 80
637 80
638 80
639 80
640 80
641 80
642 80
643 80
644 80
645 80
646 80
647 80
648 80
649 80
650 80
651 80
652 80
2092 80
2093 80
2094 80
2095 80
2096 80
2097 80
2098 80
2099 80
2100 80
2101 80
2102 80
2103 80
2104 80
2105 80
2106 80
2107 80
2108 80
2109 80
2110 80
2111 80
2112 80
2113 80
2114 80
2115 80
2116 80
2117 80
2118 80
2119 80
2120 80
2121 80
2122 80
2123 80
2733 80
2734 80
2735 80
2736 80
2737 80
2738 80
2739 80
2740 80
2741 80
2742 80
2743 80
2744 80
2745 80
2746 80
2747 80
2748 80
2749 80
2750 80
2751 80
2752 80
2753 80
2754 80
2755 80
2756 80
2757 80
2758 80
2759 80
2760 80
2761 80
2762 80
2763 80
2764 80
2798 80
2799 80
2800 80
2801 80
2802 80
2803 80
2804 80
2805 80
2806 80
2807 80
2808 80
2809 80
2810 80
2811 80
2812 80
2813 80
2814 80
2815 80
2816 80
2817 80
2818 80
2819 80
2820 80
2821 80
2822 80
2823 80
2824 80
2825 80
2826 80
2827 80
2828 80
2829 80
