block round
1900 30
205 30
206 30
207 30
208 30
209 30
210 30
211 30
212 30
213 30
214 30
215 30
216 30
217 30
218 30
219 30
220 30
221 30
222 30
223 30
224 30
225 30
226 30
227 30
228 30
229 30
230 30
231 30
232 30
233 30
234 30
235 30
236 30
237 30
238 30
239 30
240 30
241 30
242 30
243 30
244 30
245 30
246 30
247 30
248 30
249 30
250 30
251 30
252 30
253 30
254 30
255 30
256 30
257 30
258 30
259 30
260 30
261 30
262 30
263 30
264 30
265 30
266 30
267 30
268 30
1836 30
1837 30
1838 30
1839 30
1840 30
1841 30
1842 30
1843 30
1844 30
1845 30
1846 30
1847 30
1848 30
1849 30
1850 30
1851 30
1852 30
1853 30
1854 30
1855 30
1856 30
1857 30
1858 30
1859 30
1860 30
1861 30
1862 30
1863 30
1864 30
1865 30
1866 30
1867 30
1868 30
1869 30
1870 30
1871 30
1872 30
1873 30
1874 30
1875 30
1876 30
1877 30
1878 30
1879 30
1880 30
1881 30
1882 30
1883 30
1884 30
1885 30
1886 30
1887 30
1888 30
1889 30
1890 30
1891 30
1892 30
1893 30
1894 30
1895 30
1896 30
1897 30
1898 30
1899 30
