block round
2926 40
0 40
1 40
2 40
3 40
4 40
5 40
6 40
7 40
8 40
9 40
10 40
11 40
12 40
13 40
14 40
15 40
16 40
17 40
18 40
19 40
20 40
21 40
22 40
23 40
24 40
25 40
26 40
27 40
28 40
29 40
30 40
31 40
2230 40
2231 40
2232 40
2233 40
2234 40
2235 40
2236 40
2237 40
2238 40
2239 40
2240 40
2241 40
2242 40
2243 40
2244 40
2245 40
2246 40
2247 40
2248 40
2249 40
2250 40
2251 40
2252 40
2253 40
2254 40
2255 40
2256 40
2257 40
2258 40
2259 40
2260 40
2261 40
2862 40
2863 40
2864 40
2865 40
2866 40
2867 40
2868 40
2869 40
2870 40
2871 40
2872 40
2873 40
2874 40
2875 40
2876 40
2877 40
2878 40
2879 40
2880 40
2881 40
2882 40
2883 40
2884 40
2885 40
2886 40
2887 40
2888 40
2889 40
2890 40
2891 40
2892 40
2893 40
2894 40
2895 40
2896 40
2897 40
2898 40
2899 40
2900 40
2901 40
2902 40
2903 40
2904 40
2905 40
2906 40
2907 40
2908 40
2909 40
2910 40
2911 40
2912 40
2913 40
2914 40
2915 40
2916 40
2917 40
2918 40
2919 40
2920 40
2921 40
2922 40
2923 40
2924 40
2925 40
