block round
2110 20
794 20
795 20
796 20
797 20
798 20
799 20
800 20
801 20
802 20
803 20
804 20
805 20
806 20
807 20
808 20
809 20
810 20
811 20
812 20
813 20
814 20
815 20
816 20
817 20
818 20
819 20
820 20
821 20
822 20
823 20
824 20
825 20
826 20
827 20
828 20
829 20
830 20
831 20
832 20
833 20
834 20
835 20
836 20
837 20
838 20
839 20
840 20
841 20
842 20
843 20
844 20
845 20
846 20
847 20
848 20
849 20
850 20
851 20
852 20
853 20
854 20
855 20
856 20
857 20
2046 20
2047 20
2048 20
2049 20
2050 20
2051 20
2052 20
2053 20
2054 20
2055 20
2056 20
2057 20
2058 20
2059 20
2060 20
2061 20
2062 20
2063 20
2064 20
2065 20
2066 20
2067 20
2068 20
2069 20
2070 20
2071 20
2072 20
2073 20
2074 20
2075 20
2076 20
2077 20
2078 20
2079 20
2080 20
2081 20
2082 20
2083 20
2084 20
2085 20
2086 20
2087 20
2088 20
2089 20
2090 20
2091 20
2092 20
2093 20
2094 20
2095 20
2096 20
2097 20
2098 20
2099 20
2100 20
2101 20
2102 20
2103 20
2104 20
2105 20
2106 20
2107 20
2108 20
2109 20
